32694
32622
32606
32562
32537
32490
32406
32359
32354
32346
32242
32232
32220
32202
32155
32136
32079
32047
31963
31951
31937
31865
31820
31733
31662
31646
31516
31514
31503
31497
31448
31431
31372
31243
31224
31211
31190
31172
31166
31112
31057
30990
30947
30942
30924
30905
30902
30902
30895
30891
30885
30873
30817
30805
30704
30697
30647
30637
30624
30568
30541
30483
30345
30335
30321
30317
30292
30254
30235
30173
30160
30120
30115
30101
30028
30025
30009
29978
29968
29960
29956
29951
29945
29908
29883
29848
29761
29680
29658
29648
29633
29619
29593
29592
29582
29521
29511
29451
29445
29419
29411
29379
29361
29175
29095
29070
28997
28986
28943
28918
28874
28857
28786
28770
28765
28750
28738
28661
28631
28620
28612
28584
28575
28492
28488
28467
28446
28444
28432
28418
28358
28298
28225
28224
28181
28114
28113
28085
28062
28037
28017
27949
27935
27864
27860
27825
27811
27794
27763
27665
27636
27623
27592
27581
27558
27540
27465
27430
27360
27328
27310
27288
27286
27254
27235
27234
27214
27204
27197
27161
27147
27136
26985
26978
26895
26857
26839
26813
26808
26802
26801
26744
26669
26564
26553
26551
26527
26476
26466
26450
26407
26391
26362
26345
26280
26204
26174
26162
26122
26119
26073
26035
25980
25933
25929
25909
25897
25865
25859
25853
25814
25751
25724
25699
25697
25694
25693
25674
25559
25548
25442
25419
25413
25392
25390
25349
25343
25335
25253
25179
25169
25129
25052
25020
24978
24941
24906
24892
24848
24800
24789
24755
24727
24658
24645
24631
24573
24555
24525
24512
24496
24480
24464
24458
24397
24382
24353
24352
24336
24312
24237
24137
24132
23994
23975
23937
23882
23856
23766
23759
23752
23709
23693
23676
23647
23636
23599
23572
23532
23523
23489
23395
23392
23316
23302
23278
23258
23256
23251
23239
23199
23168
23152
23115
23027
22995
22944
22916
22890
22881
22876
22784
22776
22774
22738
22729
22714
22657
22651
22651
22629
22625
22592
22578
22500
22486
22452
22449
22410
22368
22358
22271
22241
22167
22147
22143
22142
22127
22079
22063
22012
22000
21996
21992
21969
21939
21930
21918
21910
21818
21722
21588
21579
21503
21466
21462
21458
21455
21415
21340
21328
21289
21227
21212
21194
21189
21184
21148
21073
21071
21056
21027
20978
20949
20931
20929
20912
20895
20828
20812
20807
20801
20791
20747
20668
20644
20621
20542
20445
20441
20422
20321
20308
20222
20200
20189
20176
20139
20063
20035
20029
19996
19985
19947
19933
19932
19922
19909
19881
19873
19857
19830
19821
19810
19801
19788
19758
19724
19679
19630
19606
19586
19563
19538
19535
19532
19526
19458
19394
19321
19305
19190
19138
19115
19092
19001
18975
18971
18949
18930
18921
18897
18826
18791
18743
18694
18634
18631
18621
18548
18524
18480
18463
18447
18443
18426
18424
18413
18378
18367
18337
18260
18215
18215
18212
18178
18128
18089
18081
18071
18031
18018
17951
17931
17925
17898
17866
17830
17818
17660
17615
17588
17556
17549
17540
17535
17534
17532
17509
17467
17450
17386
17363
17235
17226
17078
17051
17031
16995
16990
16985
16971
16878
16873
16837
16824
16779
16732
16725
16621
16609
16600
16594
16553
16529
16426
16422
16405
16353
16342
16326
16255
16254
16253
16239
16205
16179
16044
16004
15943
15923
15918
15915
15913
15903
15885
15881
15875
15860
15836
15819
15733
15724
15648
15615
15495
15494
15490
15468
15432
15423
15349
15326
15314
15289
15242
15188
15167
15114
15073
15069
15038
15011
15005
14994
14991
14991
14941
14935
14837
14831
14807
14764
14717
14713
14668
14621
14592
14561
14539
14501
14474
14428
14377
14338
14268
14266
14254
14157
14025
13984
13967
13964
13963
13915
13903
13875
13867
13837
13821
13735
13728
13690
13675
13627
13569
13566
13515
13515
13461
13451
13445
13440
13400
13371
13132
13080
13010
12982
12981
12980
12934
12916
12915
12912
12867
12828
12822
12800
12775
12724
12704
12694
12570
12547
12547
12542
12527
12522
12481
12455
12424
12390
12371
12340
12302
12254
12100
12069
12062
12036
12015
12007
11890
11771
11747
11731
11692
11651
11631
11621
11607
11561
11547
11542
11536
11527
11505
11490
11478
11446
11430
11402
11376
11369
11358
11342
11302
11180
11163
11150
11141
11128
11030
11009
10988
10886
10884
10857
10846
10839
10826
10715
10701
10661
10634
10551
10546
10514
10467
10461
10435
10432
10432
10401
10376
10352
10336
10335
10193
10190
10133
10127
10100
10081
10071
10066
10025
9948
9941
9916
9877
9791
9762
9754
9752
9739
9683
9608
9576
9547
9517
9514
9495
9482
9451
9434
9399
9356
9342
9323
9208
9156
9122
9114
9111
9032
8885
8881
8780
8657
8637
8609
8594
8593
8547
8532
8516
8479
8478
8458
8434
8432
8250
8180
8180
8119
8041
8006
7971
7912
7904
7881
7842
7797
7760
7750
7710
7703
7699
7634
7629
7564
7548
7504
7465
7331
7329
7298
7282
7275
7268
7265
7241
7229
7220
7189
7183
7176
7167
7141
7110
7106
7005
6967
6875
6831
6825
6771
6683
6650
6579
6575
6571
6540
6513
6503
6408
6381
6364
6345
6344
6277
6250
6175
6081
6014
6001
5987
5920
5807
5773
5743
5707
5665
5636
5586
5582
5581
5532
5480
5414
5411
5356
5352
5243
5229
5167
5147
5128
5105
5083
5070
5051
5038
4990
4989
4984
4983
4980
4896
4784
4776
4747
4719
4705
4701
4685
4685
4667
4637
4458
4446
4430
4402
4397
4393
4387
4372
4368
4352
4327
4318
4306
4295
4286
4211
4177
4141
4132
4123
4096
4049
4041
4005
3975
3895
3837
3812
3797
3769
3751
3730
3682
3669
3585
3529
3501
3406
3274
3227
3175
3126
3074
3069
3069
3055
3048
3048
3033
2938
2885
2868
2826
2803
2744
2741
2719
2658
2556
2540
2509
2479
2335
2328
2291
2288
2286
2251
2247
2093
2081
2062
2046
1969
1937
1889
1832
1777
1750
1745
1734
1652
1648
1584
1546
1542
1523
1485
1424
1414
1410
1394
1280
1272
1227
1189
1183
1134
1102
1061
1056
1023
1015
1015
972
926
917
804
798
789
739
647
608
593
585
583
565
521
509
474
429
416
404
367
351
341
337
314
307
293
273
248
220
211
193
139
126
97
72
