32766
32761
32759
32759
32757
32754
32752
32751
32745
32738
32738
32738
32738
32734
32733
32729
32725
32718
32716
32709
32704
32702
32702
32700
32694
32692
32691
32681
32663
32660
32659
32656
32655
32649
32646
32646
32642
32641
32640
32640
32635
32633
32630
32623
32622
32620
32620
32616
32614
32606
32603
32602
32594
32594
32590
32590
32590
32584
32579
32577
32576
32570
32569
32569
32568
32565
32564
32562
32562
32549
32544
32537
32537
32532
32532
32531
32521
32520
32518
32515
32514
32509
32505
32504
32502
32496
32494
32490
32486
32486
32486
32482
32481
32480
32466
32466
32456
32456
32455
32453
32450
32445
32443
32442
32437
32436
32436
32434
32433
32432
32428
32427
32427
32416
32415
32413
32412
32406
32405
32402
32401
32399
32391
32390
32390
32375
32368
32365
32365
32362
32359
32354
32354
32347
32346
32342
32322
32320
32318
32317
32317
32312
32310
32308
32308
32300
32292
32290
32286
32286
32285
32282
32282
32281
32280
32278
32275
32273
32259
32257
32250
32245
32244
32243
32242
32236
32233
32232
32220
32218
32210
32204
32202
32201
32200
32190
32190
32189
32188
32188
32186
32167
32163
32156
32155
32153
32148
32143
32141
32141
32140
32140
32137
32136
32135
32134
32122
32121
32102
32094
32093
32090
32088
32085
32085
32079
32079
32073
32069
32068
32068
32065
32064
32064
32061
32057
32057
32053
32052
32051
32047
32041
32032
32025
32023
32022
32021
32018
32017
32015
32014
32014
32010
32009
32005
32002
31998
31985
31985
31984
31984
31981
31978
31972
31969
31964
31963
31961
31959
31958
31954
31952
31951
31947
31947
31943
31937
31934
31933
31931
31928
31928
31924
31916
31911
31903
31901
31900
31899
31896
31893
31890
31888
31882
31879
31875
31872
31870
31868
31866
31865
31865
31863
31855
31853
31852
31849
31848
31848
31847
31846
31838
31833
31823
31821
31820
31812
31802
31800
31798
31797
31792
31787
31782
31780
31776
31774
31768
31767
31763
31758
31758
31741
31738
31736
31733
31730
31728
31719
31717
31716
31714
31707
31707
31706
31706
31702
31700
31698
31695
31690
31690
31686
31681
31678
31675
31673
31669
31663
31662
31658
31657
31655
31655
31650
31646
31642
31637
31626
31623
31622
31621
31619
31617
31616
31616
31615
31611
31599
31595
31592
31591
31588
31580
31577
31567
31566
31563
31558
31556
31555
31554
31544
31542
31539
31537
31534
31531
31525
31521
31520
31516
31514
31514
31503
31503
31503
31500
31498
31497
31496
31494
31494
31492
31488
31475
31474
31461
31453
31451
31448
31446
31439
31438
31436
31435
31431
31429
31426
31424
31420
31418
31415
31412
31398
31396
31392
31388
31385
31379
31372
31366
31365
31363
31359
31357
31346
31334
31334
31331
31331
31328
31325
31319
31318
31315
31310
31308
31305
31299
31297
31290
31285
31284
31284
31283
31282
31275
31275
31272
31260
31258
31256
31253
31246
31243
31237
31233
31229
31229
31228
31224
31221
31219
31211
31190
31178
31172
31166
31166
31166
31166
31154
31153
31142
31138
31127
31125
31123
31121
31119
31119
31117
31115
31115
31112
31112
31112
31111
31111
31107
31104
31092
31090
31088
31087
31076
31073
31072
31067
31061
31059
31057
31056
31046
31043
31038
31038
31036
31035
31032
31032
31031
31030
31028
31026
31026
31025
31025
31024
31024
31016
31013
31013
31010
31009
31007
31007
31000
30990
30990
30986
30977
30975
30971
30967
30967
30966
30959
30959
30957
30957
30952
30947
30944
30943
30943
30942
30941
30941
30938
30931
30929
30927
30927
30924
30922
30921
30921
30917
30916
30915
30915
30907
30905
30902
30902
30902
30901
30897
30896
30895
30895
30891
30891
30890
30885
30881
30877
30873
30873
30873
30871
30865
30860
30841
30840
30835
30833
30832
30827
30817
30810
30805
30802
30799
30798
30798
30792
30790
30786
30777
30775
30775
30770
30767
30764
30728
30715
30715
30709
30707
30704
30703
30700
30700
30697
30697
30693
30688
30677
30677
30675
30675
30672
30672
30670
30665
30664
30662
30662
30658
30656
30647
30647
30646
30642
30642
30640
30639
30637
30636
30632
30631
30629
30624
30624
30617
30615
30605
30604
30602
30600
30600
30592
30592
30591
30589
30588
30585
30580
30577
30571
30568
30568
30564
30562
30558
30554
30552
30550
30549
30541
30540
30537
30534
30533
30532
30530
30529
30528
30524
30523
30518
30513
30508
30498
30489
30487
30483
30482
30472
30470
30465
30455
30453
30451
30450
30446
30446
30446
30440
30435
30432
30428
30427
30424
30415
30414
30413
30410
30408
30408
30407
30406
30403
30401
30398
30398
30394
30394
30392
30377
30362
30357
30349
30345
30344
30337
30335
30334
30332
30331
30327
30324
30321
30321
30320
30317
30314
30313
30311
30309
30307
30299
30298
30297
30296
30295
30295
30292
30287
30286
30285
30282
30281
30280
30276
30274
30274
30269
30258
30257
30254
30247
30243
30236
30235
30221
30221
30214
30210
30206
30206
30204
30189
30187
30173
30171
30171
30170
30164
30164
30160
30153
30150
30150
30148
30148
30138
30133
30128
30127
30126
30124
30124
30120
30115
30115
30111
30110
30101
30101
30093
30091
30084
30082
30067
30055
30053
30053
30046
30046
30044
30043
30043
30038
30034
30033
30028
30028
30028
30025
30009
30008
29999
29994
29992
29989
29988
29978
29970
29969
29968
29964
29963
29960
29956
29955
29952
29951
29946
29945
29943
29937
29934
29933
29929
29922
29914
29908
29908
29907
29907
29900
29900
29889
29883
29883
29883
29872
29871
29870
29870
29866
29864
29857
29848
29848
29841
29840
29837
29835
29830
29822
29818
29817
29814
29812
29809
29808
29803
29802
29797
29794
29792
29790
29784
29775
29774
29773
29769
29764
29761
29760
29758
29753
29752
29751
29750
29747
29746
29743
29741
29732
29730
29723
29719
29717
29713
29711
29707
29701
29701
29698
29697
29680
29680
29677
29677
29668
29666
29662
29662
29662
29658
29658
29657
29657
29654
29651
29648
29644
29643
29641
29639
29639
29639
29633
29628
29626
29625
29624
29620
29619
29603
29601
29597
29593
29592
29592
29589
29587
29582
29582
29581
29579
29572
29570
29562
29562
29559
29558
29553
29550
29549
29545
29544
29540
29530
29527
29523
29521
29521
29515
29511
29507
29504
29500
29497
29496
29489
29486
29480
29479
29478
29478
29477
29475
29475
29475
29470
29467
29466
29465
29465
29453
29451
29451
29445
29443
29435
29432
29426
29425
29422
29421
29420
29419
29414
29412
29412
29411
29409
29403
29401
29393
29393
29393
29389
29385
29384
29381
29379
29367
29365
29363
29361
29356
29346
29344
29342
29340
29338
29334
29334
29326
29308
29308
29304
29303
29299
29295
29294
29291
29281
29278
29275
29271
29271
29269
29268
29267
29252
29251
29236
29235
29231
29228
29227
29224
29223
29222
29211
29206
29201
29201
29198
29195
29191
29191
29190
29179
29175
29175
29171
29165
29160
29160
29159
29155
29152
29152
29151
29150
29148
29148
29145
29143
29136
29135
29131
29126
29124
29123
29123
29122
29114
29113
29113
29113
29108
29107
29106
29103
29102
29096
29095
29089
29089
29085
29085
29085
29084
29082
29080
29078
29078
29073
29070
29065
29055
29055
29050
29044
29043
29035
29034
29032
29031
29030
29028
29024
29018
29017
29009
29008
29008
28999
28997
28995
28989
28987
28986
28986
28984
28983
28977
28969
28969
28962
28961
28960
28957
28955
28955
28951
28943
28943
28942
28942
28940
28939
28939
28938
28935
28926
28920
28918
28910
28893
28892
28887
28880
28880
28880
28875
28874
28873
28872
28872
28871
28870
28867
28860
28859
28857
28857
28856
28842
28835
28833
28831
28826
28824
28824
28823
28819
28817
28816
28815
28803
28803
28802
28797
28796
28795
28792
28790
28786
28783
28781
28770
28770
28768
28767
28766
28765
28765
28762
28757
28752
28751
28750
28747
28746
28742
28742
28738
28738
28731
28731
28725
28721
28719
28709
28708
28700
28700
28699
28698
28693
28692
28689
28683
28674
28671
28668
28661
28660
28654
28653
28650
28642
28640
28638
28633
28631
28630
28625
28620
28620
28620
28614
28612
28612
28608
28604
28600
28598
28594
28589
28588
28585
28584
28582
28579
28575
28574
28573
28568
28566
28556
28555
28554
28551
28540
28540
28539
28538
28534
28521
28516
28510
28509
28500
28495
28492
28490
28488
28487
28487
28486
28467
28466
28463
28459
28451
28446
28444
28443
28438
28432
28431
28426
28423
28419
28418
28418
28407
28405
28404
28403
28399
28396
28389
28380
28380
28377
28376
28373
28369
28361
28359
28358
28341
28340
28340
28335
28332
28329
28319
28313
28308
28308
28306
28301
28301
28300
28300
28298
28298
28298
28295
28294
28284
28283
28283
28282
28282
28281
28270
28255
28251
28250
28248
28246
28245
28245
28244
28244
28242
28240
28234
28233
28232
28230
28225
28224
28213
28211
28208
28190
28188
28186
28184
28184
28183
28182
28181
28179
28178
28173
28171
28169
28166
28161
28157
28157
28152
28148
28142
28139
28131
28125
28123
28114
28113
28107
28105
28092
28085
28081
28076
28074
28072
28069
28062
28060
28059
28059
28054
28047
28044
28044
28037
28031
28017
28015
28014
28012
28011
28011
28010
28010
28005
27998
27994
27993
27990
27982
27979
27967
27967
27966
27966
27949
27948
27947
27942
27940
27935
27934
27934
27929
27927
27922
27919
27908
27895
27892
27890
27881
27870
27869
27864
27861
27860
27856
27854
27848
27847
27847
27846
27842
27831
27829
27825
27825
27825
27822
27819
27811
27811
27805
27803
27794
27786
27784
27783
27769
27766
27765
27763
27761
27759
27754
27749
27743
27739
27736
27734
27727
27726
27718
27718
27706
27698
27696
27696
27692
27689
27685
27684
27684
27684
27681
27676
27675
27665
27662
27647
27646
27645
27641
27636
27634
27632
27631
27629
27626
27626
27626
27625
27623
27612
27610
27595
27595
27592
27581
27580
27578
27575
27569
27569
27564
27563
27558
27558
27546
27540
27538
27538
27534
27534
27530
27524
27521
27521
27514
27498
27496
27495
27495
27491
27489
27488
27488
27483
27477
27476
27476
27475
27474
27471
27469
27465
27465
27459
27457
27456
27450
27448
27445
27443
27441
27438
27430
27430
27429
27426
27423
27420
27418
27412
27407
27395
27392
27389
27384
27380
27376
27374
27369
27369
27365
27360
27354
27349
27345
27337
27331
27328
27319
27318
27318
27317
27317
27310
27310
27303
27292
27288
27287
27286
27278
27277
27276
27268
27257
27257
27254
27254
27252
27250
27250
27248
27247
27247
27246
27246
27245
27241
27241
27240
27240
27235
27234
27226
27225
27216
27216
27214
27210
27205
27204
27204
27197
27187
27185
27181
27175
27170
27169
27169
27164
27161
27158
27152
27151
27151
27150
27149
27147
27146
27143
27142
27142
27137
27136
27134
27129
27127
27118
27116
27115
27103
27098
27098
27098
27095
27092
27091
27079
27071
27070
27069
27066
27065
27062
27059
27059
27058
27058
27057
27057
27048
27044
27043
27041
27039
27039
27038
27033
27031
27020
27011
27011
27010
27007
27004
27004
26998
26997
26997
26997
26987
26985
26981
26980
26980
26979
26978
26975
26974
26971
26948
26946
26943
26941
26940
26936
26934
26933
26930
26928
26925
26924
26924
26921
26915
26898
26896
26895
26895
26895
26891
26887
26885
26879
26878
26877
26867
26865
26861
26860
26858
26857
26850
26848
26845
26845
26844
26841
26839
26836
26835
26835
26831
26823
26823
26822
26821
26813
26808
26806
26802
26801
26798
26797
26790
26787
26786
26778
26773
26773
26766
26762
26760
26760
26757
26757
26749
26748
26747
26746
26744
26743
26742
26740
26736
26725
26724
26717
26716
26709
26708
26705
26692
26692
26692
26691
26686
26682
26682
26680
26675
26669
26667
26664
26661
26660
26654
26653
26652
26649
26649
26648
26648
26645
26643
26639
26633
26632
26630
26628
26623
26622
26620
26619
26619
26615
26615
26613
26611
26611
26611
26610
26606
26606
26596
26589
26583
26573
26571
26570
26570
26568
26567
26566
26564
26564
26560
26554
26553
26553
26551
26549
26547
26546
26545
26543
26541
26541
26537
26535
26531
26531
26527
26518
26517
26516
26516
26512
26511
26493
26491
26488
26481
26476
26474
26473
26467
26466
26459
26450
26448
26435
26433
26428
26427
26423
26422
26418
26414
26413
26407
26405
26404
26397
26397
26394
26391
26390
26387
26386
26385
26383
26379
26372
26368
26368
26365
26364
26362
26360
26358
26357
26357
26357
26354
26354
26351
26345
26345
26334
26332
26331
26314
26296
26293
26291
26286
26286
26283
26280
26274
26267
26259
26249
26244
26243
26238
26235
26225
26221
26217
26216
26209
26207
26204
26203
26201
26201
26201
26201
26197
26196
26195
26193
26193
26187
26186
26180
26179
26175
26174
26174
26165
26164
26163
26162
26153
26148
26143
26137
26133
26122
26122
26121
26119
26119
26116
26108
26103
26101
26090
26084
26083
26082
26081
26079
26076
26073
26069
26069
26069
26067
26065
26062
26060
26040
26039
26036
26035
26035
26026
26023
26017
26012
26009
26006
26003
26002
26002
26001
26000
25999
25991
25990
25984
25982
25980
25973
25971
25971
25961
25958
25957
25955
25952
25947
25942
25940
25938
25934
25933
25929
25925
25921
25920
25915
25914
25912
25909
25909
25907
25903
25901
25900
25897
25895
25895
25894
25886
25879
25874
25873
25872
25865
25865
25862
25861
25861
25859
25853
25853
25849
25848
25846
25842
25836
25834
25831
25828
25826
25824
25821
25818
25817
25816
25816
25814
25810
25798
25795
25792
25791
25780
25777
25774
25774
25772
25757
25751
25751
25747
25747
25746
25743
25742
25741
25724
25721
25712
25710
25707
25704
25701
25700
25699
25698
25697
25697
25694
25693
25684
25683
25679
25677
25674
25667
25662
25658
25656
25639
25637
25636
25636
25632
25631
25631
25630
25628
25625
25622
25620
25615
25615
25609
25605
25603
25601
25598
25595
25591
25586
25580
25577
25577
25576
25569
25562
25559
25559
25555
25554
25551
25548
25546
25540
25538
25535
25528
25527
25509
25508
25505
25500
25494
25494
25486
25484
25472
25471
25467
25461
25456
25455
25454
25448
25447
25444
25444
25442
25440
25432
25432
25429
25429
25428
25428
25424
25422
25419
25413
25412
25409
25406
25398
25397
25395
25392
25390
25390
25389
25382
25378
25377
25377
25376
25374
25373
25372
25371
25368
25365
25359
25358
25352
25351
25351
25350
25349
25343
25341
25338
25335
25333
25332
25331
25331
25331
25327
25327
25319
25318
25317
25316
25314
25312
25310
25310
25305
25302
25297
25285
25281
25281
25280
25276
25271
25270
25267
25266
25263
25263
25254
25253
25241
25236
25233
25230
25225
25223
25222
25213
25206
25205
25199
25198
25192
25190
25188
25183
25179
25178
25171
25171
25170
25169
25161
25156
25154
25151
25144
25137
25135
25131
25129
25129
25118
25115
25113
25112
25112
25107
25107
25106
25101
25101
25099
25089
25085
25084
25079
25077
25076
25072
25070
25068
25066
25062
25062
25061
25056
25052
25052
25050
25049
25049
25047
25043
25033
25030
25029
25026
25024
25020
25017
25016
25015
25011
25011
25009
25008
25008
25003
25002
24998
24998
24994
24992
24991
24989
24982
24981
24978
24978
24976
24976
24972
24970
24961
24960
24959
24958
24958
24957
24956
24955
24950
24949
24946
24945
24941
24935
24935
24933
24931
24928
24923
24921
24919
24915
24910
24909
24906
24905
24902
24899
24897
24892
24888
24887
24881
24877
24871
24870
24867
24862
24861
24855
24848
24846
24846
24843
24831
24829
24823
24818
24812
24809
24807
24806
24800
24793
24791
24789
24787
24782
24775
24769
24764
24763
24761
24761
24760
24755
24754
24752
24749
24742
24741
24733
24727
24727
24714
24713
24710
24708
24683
24681
24665
24663
24658
24658
24655
24648
24645
24641
24635
24635
24631
24613
24610
24609
24605
24601
24600
24600
24595
24594
24592
24588
24587
24583
24579
24577
24576
24575
24573
24571
24564
24564
24563
24558
24555
24555
24555
24554
24548
24541
24540
24534
24531
24530
24528
24527
24525
24525
24516
24512
24510
24508
24506
24506
24503
24500
24498
24496
24484
24481
24480
24477
24464
24464
24458
24448
24443
24442
24438
24437
24436
24435
24432
24430
24416
24413
24407
24403
24403
24397
24391
24387
24387
24385
24384
24384
24382
24382
24374
24372
24365
24361
24359
24355
24353
24352
24351
24351
24350
24348
24337
24336
24332
24332
24329
24327
24321
24312
24312
24307
24306
24306
24303
24302
24300
24298
24295
24295
24293
24288
24285
24283
24278
24275
24274
24272
24266
24259
24258
24247
24247
24243
24237
24234
24230
24229
24228
24224
24223
24221
24215
24214
24208
24203
24198
24185
24181
24180
24179
24175
24173
24173
24166
24159
24155
24154
24154
24148
24143
24143
24140
24137
24136
24136
24132
24128
24118
24118
24116
24113
24113
24101
24097
24091
24088
24077
24071
24069
24068
24068
24064
24061
24056
24054
24051
24046
24043
24042
24028
24026
24020
24019
24019
24017
24015
24013
24013
24006
24001
24000
23995
23995
23994
23992
23984
23975
23973
23966
23965
23962
23961
23961
23959
23957
23954
23949
23949
23945
23944
23944
23937
23937
23927
23925
23922
23912
23908
23903
23900
23900
23899
23896
23889
23887
23883
23882
23875
23872
23871
23868
23861
23861
23856
23854
23849
23841
23836
23830
23828
23828
23827
23822
23820
23820
23819
23818
23817
23816
23815
23815
23808
23807
23807
23804
23798
23798
23797
23789
23788
23788
23786
23780
23778
23770
23770
23767
23766
23763
23762
23759
23758
23754
23752
23752
23748
23748
23743
23742
23741
23741
23739
23738
23733
23730
23727
23713
23709
23707
23706
23704
23704
23700
23699
23693
23692
23689
23686
23685
23684
23681
23681
23681
23680
23679
23679
23676
23676
23675
23674
23666
23666
23658
23657
23653
23647
23647
23643
23640
23638
23637
23636
23632
23632
23628
23615
23615
23614
23607
23603
23599
23599
23596
23591
23584
23582
23582
23581
23579
23572
23570
23569
23568
23567
23566
23566
23561
23561
23556
23556
23545
23540
23537
23535
23532
23527
23525
23523
23517
23512
23512
23509
23507
23507
23504
23502
23502
23499
23495
23494
23493
23489
23482
23480
23478
23474
23472
23471
23465
23458
23458
23450
23443
23441
23439
23438
23437
23436
23431
23430
23426
23413
23408
23408
23407
23396
23395
23394
23393
23393
23393
23392
23391
23389
23382
23380
23378
23377
23376
23367
23365
23363
23362
23362
23357
23356
23349
23342
23335
23333
23325
23322
23317
23316
23316
23313
23311
23310
23307
23304
23303
23302
23297
23294
23286
23285
23285
23284
23284
23281
23280
23278
23278
23273
23264
23262
23258
23258
23256
23251
23249
23244
23243
23243
23239
23238
23238
23238
23229
23225
23222
23221
23221
23219
23219
23211
23209
23205
23199
23195
23193
23193
23189
23188
23182
23182
23181
23178
23169
23168
23163
23162
23162
23160
23156
23156
23156
23155
23152
23151
23141
23141
23138
23133
23130
23127
23126
23121
23118
23118
23115
23113
23104
23102
23099
23090
23088
23087
23085
23082
23078
23077
23074
23073
23067
23057
23055
23054
23054
23048
23044
23042
23037
23036
23031
23029
23027
23027
23027
23026
23019
23017
23013
23008
23004
23004
23001
23001
23000
22999
22995
22994
22991
22984
22983
22982
22981
22978
22978
22977
22973
22970
22964
22962
22958
22950
22950
22945
22944
22941
22934
22929
22926
22922
22920
22917
22916
22916
22914
22911
22911
22910
22910
22909
22906
22905
22904
22902
22898
22890
22884
22882
22881
22881
22878
22876
22872
22867
22861
22859
22857
22855
22853
22852
22852
22849
22841
22834
22829
22828
22827
22820
22819
22813
22812
22812
22809
22800
22800
22796
22795
22786
22784
22781
22780
22777
22776
22776
22774
22773
22772
22767
22760
22759
22758
22757
22748
22744
22743
22740
22739
22738
22733
22733
22729
22725
22724
22714
22706
22706
22696
22696
22687
22679
22674
22673
22670
22667
22665
22664
22664
22663
22661
22657
22655
22655
22651
22651
22651
22651
22651
22640
22639
22637
22635
22633
22631
22630
22630
22629
22627
22626
22625
22622
22612
22611
22608
22601
22592
22591
22584
22578
22572
22560
22556
22554
22552
22544
22541
22539
22537
22534
22533
22532
22529
22526
22525
22523
22522
22518
22510
22509
22506
22500
22496
22494
22489
22487
22486
22486
22484
22484
22481
22475
22475
22475
22473
22470
22467
22464
22464
22457
22457
22455
22453
22452
22450
22449
22449
22443
22440
22440
22431
22429
22423
22419
22416
22415
22411
22410
22409
22408
22408
22405
22398
22392
22391
22388
22386
22382
22382
22380
22368
22367
22364
22364
22358
22358
22354
22350
22349
22348
22347
22346
22344
22341
22339
22336
22330
22319
22317
22307
22305
22292
22284
22274
22271
22270
22268
22263
22262
22261
22254
22252
22246
22242
22241
22240
22231
22218
22218
22218
22215
22211
22203
22193
22187
22184
22180
22175
22172
22168
22168
22167
22167
22164
22160
22154
22153
22148
22147
22146
22145
22143
22143
22142
22142
22134
22132
22127
22127
22119
22109
22107
22093
22084
22083
22079
22074
22073
22067
22064
22063
22063
22062
22047
22044
22042
22042
22039
22028
22027
22021
22020
22012
22009
22009
22002
22000
21996
21992
21987
21969
21965
21965
21964
21963
21960
21950
21950
21949
21939
21936
21931
21930
21922
21918
21917
21914
21913
21912
21910
21910
21908
21902
21901
21899
21898
21890
21887
21876
21875
21874
21872
21871
21870
21869
21868
21868
21867
21859
21858
21857
21851
21851
21843
21843
21839
21839
21838
21830
21821
21821
21818
21814
21813
21811
21804
21803
21792
21782
21782
21779
21764
21760
21742
21740
21738
21738
21725
21724
21722
21720
21720
21718
21717
21712
21707
21707
21707
21702
21697
21681
21679
21679
21673
21667
21666
21655
21655
21654
21648
21640
21638
21634
21633
21629
21626
21625
21624
21621
21617
21616
21611
21611
21606
21605
21600
21596
21588
21587
21583
21581
21580
21579
21576
21569
21565
21565
21564
21557
21557
21555
21552
21552
21544
21532
21531
21529
21524
21518
21517
21516
21513
21503
21502
21497
21493
21486
21477
21476
21473
21466
21464
21462
21462
21458
21455
21453
21449
21446
21439
21434
21432
21428
21426
21425
21418
21415
21415
21413
21409
21400
21395
21391
21375
21373
21373
21366
21363
21362
21361
21361
21354
21346
21345
21343
21340
21335
21328
21328
21327
21323
21322
21321
21313
21312
21311
21311
21310
21307
21297
21297
21292
21292
21289
21287
21285
21281
21280
21279
21278
21266
21266
21255
21255
21253
21253
21251
21245
21243
21241
21234
21227
21219
21216
21215
21212
21206
21205
21205
21201
21200
21194
21190
21189
21185
21184
21184
21182
21168
21163
21162
21156
21150
21148
21147
21147
21147
21143
21142
21141
21135
21133
21132
21130
21128
21126
21126
21120
21117
21105
21096
21093
21087
21085
21073
21071
21061
21056
21055
21053
21052
21051
21048
21047
21040
21037
21028
21027
21023
21020
21012
21006
20999
20993
20992
20990
20986
20984
20982
20980
20979
20978
20956
20949
20946
20941
20932
20931
20929
20927
20916
20914
20913
20912
20907
20907
20905
20902
20900
20899
20895
20893
20889
20887
20878
20876
20874
20871
20857
20857
20853
20852
20847
20844
20836
20831
20830
20828
20827
20817
20817
20813
20812
20807
20806
20801
20797
20795
20794
20791
20789
20789
20787
20778
20774
20765
20756
20747
20747
20747
20745
20742
20741
20735
20730
20728
20721
20718
20715
20714
20714
20706
20698
20696
20696
20692
20691
20690
20685
20679
20677
20672
20668
20667
20662
20658
20649
20648
20648
20647
20644
20628
20621
20613
20610
20604
20601
20594
20590
20585
20584
20581
20579
20576
20573
20549
20542
20540
20539
20537
20536
20531
20530
20529
20524
20522
20519
20518
20516
20516
20511
20505
20498
20497
20487
20483
20481
20478
20472
20470
20470
20469
20462
20453
20452
20448
20447
20446
20445
20445
20445
20441
20441
20440
20434
20434
20434
20433
20431
20428
20426
20422
20418
20416
20411
20408
20408
20407
20404
20389
20387
20384
20383
20379
20377
20373
20371
20368
20365
20362
20352
20352
20346
20338
20334
20331
20330
20321
20320
20316
20311
20310
20308
20307
20302
20297
20293
20289
20275
20274
20273
20264
20263
20260
20259
20257
20252
20248
20245
20243
20242
20241
20239
20235
20227
20227
20226
20225
20222
20216
20214
20204
20202
20200
20200
20197
20193
20189
20187
20187
20184
20181
20178
20177
20177
20176
20175
20172
20171
20169
20164
20160
20159
20158
20155
20155
20153
20149
20148
20139
20136
20136
20135
20124
20123
20118
20117
20113
20110
20101
20098
20093
20092
20091
20090
20083
20083
20080
20078
20074
20068
20065
20063
20063
20063
20059
20059
20055
20054
20051
20049
20041
20040
20038
20037
20035
20033
20030
20029
20027
20026
20024
20020
20016
20012
20007
20002
20002
19996
19995
19995
19993
19985
19981
19981
19977
19977
19976
19973
19971
19968
19966
19964
19964
19963
19962
19955
19955
19953
19950
19949
19949
19947
19944
19941
19939
19934
19933
19932
19931
19930
19928
19927
19927
19922
19916
19915
19909
19904
19904
19898
19893
19891
19888
19886
19884
19881
19880
19877
19877
19875
19873
19869
19868
19868
19867
19861
19860
19860
19857
19857
19857
19854
19854
19854
19854
19852
19849
19839
19832
19830
19824
19824
19821
19820
19818
19817
19816
19810
19810
19810
19808
19807
19801
19796
19792
19788
19788
19779
19771
19769
19768
19767
19761
19759
19758
19758
19756
19754
19753
19752
19750
19748
19745
19741
19731
19731
19728
19725
19724
19722
19716
19713
19711
19710
19709
19709
19708
19708
19704
19699
19694
19694
19693
19689
19684
19679
19673
19666
19665
19653
19651
19646
19643
19630
19626
19622
19606
19601
19595
19594
19591
19591
19588
19586
19583
19579
19577
19568
19563
19563
19558
19555
19553
19552
19549
19538
19537
19535
19532
19531
19528
19526
19526
19525
19525
19523
19522
19522
19520
19515
19508
19506
19502
19498
19489
19489
19488
19484
19482
19480
19479
19478
19473
19472
19465
19458
19453
19450
19448
19446
19436
19426
19426
19421
19419
19414
19408
19405
19404
19403
19400
19399
19398
19394
19394
19392
19388
19385
19383
19383
19377
19376
19374
19373
19373
19365
19356
19348
19340
19339
19337
19331
19330
19329
19321
19321
19316
19305
19303
19302
19300
19300
19300
19299
19299
19299
19283
19281
19277
19274
19270
19264
19260
19251
19250
19247
19238
19236
19236
19233
19232
19228
19227
19226
19226
19222
19222
19215
19215
19213
19212
19209
19206
19199
19197
19193
19190
19190
19190
19187
19181
19178
19169
19166
19165
19164
19158
19150
19143
19141
19138
19136
19136
19134
19133
19133
19132
19125
19117
19115
19110
19105
19104
19101
19100
19092
19090
19088
19081
19076
19074
19069
19068
19067
19061
19061
19053
19051
19049
19049
19048
19046
19039
19039
19037
19036
19032
19027
19027
19011
19009
19008
19005
19003
19001
18996
18996
18994
18992
18991
18986
18985
18975
18971
18971
18968
18967
18966
18965
18965
18961
18949
18948
18946
18944
18939
18936
18935
18930
18927
18925
18922
18922
18921
18914
18910
18907
18905
18902
18901
18898
18897
18897
18895
18893
18891
18889
18888
18885
18883
18882
18874
18864
18864
18850
18842
18840
18838
18836
18833
18833
18827
18826
18826
18818
18817
18815
18810
18809
18806
18804
18795
18791
18789
18787
18784
18780
18777
18775
18773
18768
18767
18765
18764
18762
18761
18761
18761
18757
18756
18752
18747
18743
18742
18735
18733
18727
18724
18723
18723
18721
18717
18715
18712
18711
18709
18709
18700
18697
18696
18694
18686
18685
18680
18679
18675
18674
18666
18665
18661
18660
18660
18660
18658
18657
18646
18637
18635
18635
18634
18632
18632
18631
18627
18621
18617
18617
18616
18611
18610
18608
18606
18606
18606
18604
18601
18594
18594
18591
18590
18589
18586
18586
18585
18585
18584
18578
18564
18564
18560
18558
18549
18549
18548
18547
18547
18547
18543
18537
18532
18524
18524
18524
18518
18517
18513
18509
18505
18504
18502
18496
18494
18491
18490
18483
18482
18480
18478
18470
18468
18463
18459
18456
18455
18454
18453
18447
18443
18441
18436
18432
18429
18428
18428
18426
18424
18422
18421
18414
18413
18402
18398
18397
18379
18379
18378
18374
18367
18359
18353
18350
18350
18343
18341
18337
18335
18334
18327
18323
18314
18312
18309
18305
18304
18300
18300
18299
18298
18285
18285
18284
18284
18280
18275
18271
18270
18269
18267
18263
18263
18262
18260
18257
18253
18252
18250
18249
18246
18234
18229
18228
18225
18225
18224
18224
18223
18219
18215
18215
18215
18212
18211
18210
18205
18202
18199
18198
18197
18196
18196
18196
18178
18173
18173
18171
18170
18170
18169
18169
18168
18168
18168
18167
18161
18159
18155
18151
18146
18145
18140
18128
18123
18108
18101
18099
18099
18095
18095
18089
18081
18080
18072
18071
18052
18048
18047
18046
18045
18044
18037
18035
18031
18023
18021
18018
18016
18013
18001
17996
17988
17987
17977
17977
17974
17973
17973
17971
17969
17960
17958
17952
17952
17951
17948
17945
17941
17934
17931
17927
17925
17918
17914
17909
17904
17899
17898
17889
17887
17886
17885
17881
17880
17873
17871
17866
17859
17854
17852
17848
17848
17845
17843
17840
17830
17830
17829
17827
17826
17820
17818
17818
17817
17811
17806
17793
17785
17784
17783
17777
17769
17767
17753
17752
17749
17739
17738
17738
17734
17731
17731
17726
17724
17720
17718
17715
17715
17704
17694
17692
17692
17691
17686
17686
17682
17673
17669
17669
17668
17667
17665
17664
17662
17662
17662
17661
17660
17660
17655
17654
17643
17639
17636
17617
17615
17615
17614
17609
17607
17603
17593
17588
17585
17580
17577
17574
17573
17573
17567
17564
17564
17559
17558
17557
17556
17549
17544
17540
17535
17534
17534
17533
17532
17531
17528
17523
17516
17514
17512
17510
17509
17509
17495
17494
17493
17492
17488
17488
17486
17483
17483
17482
17480
17478
17473
17471
17467
17466
17460
17457
17456
17455
17452
17452
17450
17448
17448
17447
17445
17445
17437
17427
17415
17409
17408
17407
17402
17392
17387
17386
17386
17386
17382
17374
17374
17370
17368
17367
17364
17363
17362
17357
17355
17345
17344
17343
17342
17339
17334
17322
17320
17316
17310
17310
17309
17304
17303
17301
17296
17296
17283
17282
17275
17275
17274
17274
17269
17260
17259
17259
17252
17252
17250
17248
17235
17235
17235
17227
17226
17210
17208
17205
17202
17187
17186
17184
17182
17179
17173
17169
17167
17164
17162
17158
17157
17152
17149
17137
17135
17132
17132
17132
17118
17114
17113
17113
17107
17106
17103
17100
17088
17085
17083
17079
17078
17075
17070
17070
17068
17064
17061
17053
17051
17046
17041
17035
17034
17032
17031
17031
17030
17029
17024
17024
17020
17016
17006
17003
16998
16997
16995
16995
16993
16992
16991
16991
16990
16986
16986
16985
16980
16975
16974
16974
16971
16969
16969
16969
16968
16958
16952
16948
16948
16946
16942
16936
16935
16931
16931
16928
16927
16925
16925
16925
16923
16922
16920
16919
16911
16908
16907
16906
16902
16897
16897
16892
16889
16887
16886
16885
16885
16880
16878
16878
16877
16873
16872
16872
16871
16867
16866
16864
16862
16861
16860
16852
16837
16836
16836
16826
16826
16824
16818
16818
16817
16816
16815
16814
16807
16803
16802
16791
16789
16781
16781
16781
16779
16774
16773
16770
16769
16769
16768
16768
16766
16766
16765
16765
16765
16763
16760
16758
16749
16746
16744
16744
16739
16736
16736
16732
16732
16725
16715
16707
16706
16704
16701
16697
16694
16683
16682
16674
16665
16665
16664
16661
16660
16659
16659
16655
16648
16636
16631
16625
16621
16621
16620
16609
16609
16600
16597
16594
16593
16583
16583
16581
16580
16574
16573
16572
16569
16569
16568
16557
16555
16553
16552
16549
16549
16548
16541
16538
16535
16534
16530
16529
16514
16512
16508
16506
16504
16500
16498
16494
16491
16489
16487
16484
16482
16480
16479
16470
16445
16436
16430
16426
16424
16422
16422
16414
16413
16411
16405
16405
16404
16400
16398
16390
16386
16385
16380
16379
16374
16372
16369
16368
16363
16362
16359
16358
16353
16349
16348
16345
16342
16340
16338
16335
16327
16326
16315
16315
16314
16300
16298
16290
16289
16289
16284
16284
16284
16283
16282
16276
16271
16267
16262
16262
16261
16261
16261
16258
16256
16256
16255
16255
16254
16253
16251
16251
16247
16239
16239
16239
16226
16213
16207
16205
16205
16198
16197
16192
16188
16188
16184
16180
16179
16174
16173
16172
16168
16167
16165
16160
16160
16159
16159
16157
16150
16146
16144
16142
16140
16131
16123
16123
16123
16122
16118
16115
16114
16112
16099
16097
16094
16090
16089
16087
16080
16069
16069
16062
16055
16052
16051
16050
16044
16030
16029
16025
16025
16023
16015
16013
16010
16010
16007
16004
16001
16000
15996
15995
15985
15983
15977
15972
15970
15960
15959
15947
15943
15941
15933
15933
15931
15930
15923
15922
15922
15921
15918
15916
15915
15913
15911
15905
15903
15902
15901
15901
15894
15893
15886
15885
15881
15878
15877
15875
15875
15874
15863
15860
15858
15853
15851
15851
15850
15848
15845
15841
15839
15839
15837
15837
15836
15834
15828
15827
15824
15821
15819
15817
15815
15808
15799
15794
15787
15779
15771
15761
15758
15754
15751
15739
15733
15731
15730
15730
15725
15724
15718
15718
15717
15703
15700
15697
15697
15694
15687
15686
15683
15681
15667
15662
15661
15657
15648
15646
15639
15638
15633
15632
15630
15621
15615
15609
15607
15595
15593
15589
15584
15583
15579
15577
15571
15567
15566
15565
15563
15556
15553
15549
15546
15539
15537
15536
15534
15534
15531
15521
15504
15502
15501
15497
15495
15494
15490
15489
15485
15480
15479
15472
15470
15470
15469
15468
15463
15460
15459
15456
15456
15455
15454
15454
15453
15453
15452
15446
15444
15438
15435
15434
15432
15427
15427
15426
15425
15423
15422
15422
15415
15409
15409
15408
15401
15399
15392
15386
15386
15384
15383
15376
15372
15372
15371
15368
15365
15363
15359
15359
15359
15355
15353
15349
15347
15342
15326
15319
15319
15317
15314
15307
15301
15301
15298
15296
15293
15290
15289
15285
15280
15280
15274
15268
15267
15267
15264
15246
15246
15242
15237
15231
15230
15224
15221
15213
15209
15200
15200
15196
15188
15182
15178
15178
15176
15170
15167
15154
15149
15148
15142
15135
15132
15125
15123
15120
15118
15114
15105
15095
15095
15089
15086
15082
15075
15075
15073
15073
15070
15070
15069
15060
15055
15046
15046
15040
15038
15029
15022
15019
15017
15016
15013
15011
15011
15005
15002
15000
14994
14991
14991
14976
14972
14968
14964
14960
14956
14955
14950
14949
14949
14949
14948
14948
14948
14947
14945
14945
14943
14941
14940
14938
14937
14935
14935
14931
14930
14928
14927
14921
14910
14910
14909
14902
14898
14896
14888
14883
14881
14873
14872
14869
14868
14867
14863
14861
14859
14850
14845
14840
14837
14836
14836
14831
14825
14817
14812
14812
14809
14807
14807
14796
14796
14796
14792
14791
14790
14790
14789
14787
14786
14786
14783
14777
14766
14765
14764
14761
14756
14753
14752
14750
14745
14738
14737
14732
14722
14719
14717
14714
14713
14711
14710
14705
14704
14702
14701
14701
14700
14689
14684
14678
14676
14675
14674
14674
14668
14667
14667
14666
14666
14663
14662
14661
14653
14648
14643
14640
14640
14637
14634
14634
14633
14632
14630
14623
14621
14618
14611
14607
14605
14600
14597
14595
14592
14590
14588
14586
14586
14581
14569
14567
14561
14551
14548
14548
14547
14541
14539
14530
14530
14528
14528
14527
14521
14517
14517
14514
14509
14505
14501
14501
14495
14494
14494
14492
14489
14488
14486
14483
14481
14480
14476
14475
14474
14474
14461
14456
14454
14447
14445
14445
14442
14441
14428
14420
14419
14410
14403
14402
14400
14399
14391
14388
14386
14379
14377
14377
14376
14376
14375
14374
14346
14345
14338
14337
14336
14335
14333
14331
14325
14304
14297
14296
14295
14291
14289
14281
14281
14272
14268
14268
14266
14259
14258
14256
14254
14246
14242
14239
14237
14233
14233
14232
14231
14226
14222
14222
14221
14220
14211
14207
14206
14201
14194
14192
14180
14171
14161
14159
14158
14157
14156
14148
14136
14123
14119
14117
14117
14111
14107
14104
14104
14097
14096
14095
14090
14087
14086
14083
14083
14075
14073
14071
14064
14061
14059
14058
14049
14040
14037
14037
14036
14031
14031
14030
14028
14028
14028
14025
14021
14002
13996
13994
13990
13984
13984
13979
13974
13973
13972
13972
13969
13968
13967
13965
13965
13964
13963
13963
13956
13952
13939
13939
13937
13932
13931
13929
13927
13926
13919
13915
13915
13914
13910
13904
13903
13903
13900
13898
13894
13894
13890
13885
13876
13875
13875
13868
13868
13867
13867
13864
13863
13861
13855
13843
13840
13839
13837
13837
13835
13835
13835
13825
13822
13821
13818
13817
13815
13814
13813
13812
13806
13805
13803
13801
13800
13799
13793
13789
13787
13787
13781
13774
13764
13763
13761
13760
13758
13753
13744
13735
13728
13724
13723
13723
13718
13715
13715
13705
13704
13699
13694
13693
13690
13690
13675
13674
13662
13660
13655
13646
13641
13641
13639
13636
13635
13634
13633
13627
13626
13624
13620
13620
13619
13615
13608
13607
13600
13600
13588
13581
13579
13576
13573
13569
13566
13562
13561
13561
13558
13546
13544
13539
13538
13536
13533
13529
13522
13515
13515
13511
13506
13497
13494
13489
13484
13484
13481
13474
13468
13461
13455
13451
13446
13445
13440
13440
13438
13438
13436
13425
13421
13420
13418
13415
13414
13412
13403
13400
13398
13397
13395
13392
13391
13379
13375
13371
13370
13366
13361
13359
13359
13358
13357
13357
13355
13344
13340
13340
13340
13334
13331
13329
13321
13318
13317
13311
13303
13303
13292
13291
13287
13283
13280
13276
13275
13271
13261
13255
13240
13235
13232
13227
13224
13222
13222
13208
13208
13204
13201
13200
13197
13194
13193
13192
13192
13190
13189
13181
13177
13176
13175
13153
13152
13150
13148
13148
13139
13139
13132
13132
13132
13130
13127
13121
13120
13119
13117
13115
13104
13101
13098
13098
13095
13094
13090
13089
13087
13081
13080
13074
13066
13065
13060
13058
13056
13050
13047
13040
13037
13037
13032
13031
13031
13030
13028
13027
13021
13021
13020
13020
13012
13010
13002
12994
12992
12988
12982
12981
12980
12979
12976
12973
12971
12965
12963
12961
12961
12955
12954
12953
12952
12949
12944
12941
12941
12937
12934
12928
12927
12925
12923
12918
12916
12915
12912
12909
12908
12903
12903
12903
12898
12896
12889
12880
12880
12875
12875
12874
12872
12867
12858
12857
12856
12848
12845
12843
12839
12838
12838
12828
12827
12822
12820
12818
12810
12810
12810
12805
12800
12800
12792
12790
12787
12784
12781
12780
12779
12776
12776
12775
12770
12769
12768
12768
12764
12764
12760
12758
12757
12753
12746
12745
12742
12734
12731
12731
12731
12725
12724
12723
12718
12717
12716
12715
12707
12707
12704
12703
12702
12701
12699
12694
12694
12687
12686
12682
12673
12673
12673
12672
12662
12658
12657
12653
12644
12633
12633
12630
12628
12623
12611
12600
12596
12594
12594
12587
12582
12582
12580
12578
12575
12574
12570
12564
12556
12552
12547
12547
12546
12542
12541
12536
12535
12535
12532
12530
12528
12528
12527
12526
12524
12522
12521
12520
12519
12516
12514
12512
12508
12489
12487
12484
12482
12481
12480
12479
12476
12472
12468
12463
12457
12455
12455
12448
12447
12444
12443
12439
12439
12425
12425
12424
12423
12422
12420
12407
12406
12398
12390
12388
12383
12371
12370
12362
12361
12350
12344
12340
12339
12335
12328
12325
12320
12317
12317
12317
12313
12308
12307
12307
12304
12302
12300
12298
12293
12292
12289
12279
12278
12275
12274
12273
12270
12270
12267
12264
12258
12257
12256
12254
12253
12247
12239
12231
12227
12217
12213
12211
12204
12195
12193
12193
12193
12191
12191
12190
12183
12180
12169
12163
12162
12160
12158
12153
12153
12149
12142
12129
12125
12119
12111
12110
12105
12103
12101
12100
12100
12097
12094
12088
12082
12080
12078
12078
12071
12069
12062
12060
12056
12053
12047
12044
12044
12040
12036
12034
12033
12028
12020
12015
12015
12014
12012
12007
12005
11999
11988
11988
11987
11987
11985
11983
11979
11975
11972
11968
11965
11960
11954
11953
11950
11945
11938
11935
11933
11932
11928
11926
11926
11915
11906
11906
11904
11898
11895
11890
11885
11879
11874
11872
11866
11864
11863
11863
11861
11861
11861
11855
11854
11850
11849
11848
11843
11837
11829
11823
11821
11814
11809
11806
11805
11797
11792
11791
11790
11789
11787
11784
11783
11783
11778
11776
11771
11771
11770
11767
11766
11766
11763
11757
11748
11747
11746
11745
11741
11735
11733
11732
11731
11730
11728
11727
11724
11719
11719
11718
11714
11713
11709
11709
11702
11694
11693
11692
11688
11685
11679
11675
11674
11666
11664
11661
11659
11659
11657
11653
11653
11652
11651
11650
11642
11635
11634
11631
11628
11625
11621
11614
11611
11610
11607
11607
11606
11600
11597
11593
11591
11590
11590
11588
11584
11582
11582
11577
11576
11575
11575
11573
11568
11564
11561
11558
11553
11552
11551
11549
11549
11547
11542
11542
11536
11535
11535
11529
11527
11527
11527
11519
11518
11515
11514
11514
11512
11508
11508
11506
11505
11504
11500
11499
11496
11494
11490
11480
11479
11478
11478
11474
11458
11455
11454
11453
11448
11446
11446
11443
11439
11430
11422
11418
11410
11409
11402
11400
11397
11393
11389
11388
11388
11380
11378
11376
11372
11369
11367
11361
11358
11358
11354
11353
11346
11344
11343
11343
11342
11334
11329
11327
11326
11324
11324
11321
11317
11315
11310
11304
11304
11302
11299
11295
11293
11291
11278
11274
11272
11270
11264
11262
11261
11249
11249
11246
11236
11235
11233
11228
11224
11223
11221
11219
11215
11211
11209
11197
11197
11196
11195
11194
11193
11193
11183
11183
11180
11180
11179
11174
11168
11168
11167
11166
11165
11163
11162
11161
11161
11159
11150
11148
11141
11134
11131
11128
11122
11113
11110
11109
11106
11104
11103
11095
11090
11087
11086
11076
11070
11065
11059
11056
11054
11050
11048
11048
11043
11041
11035
11035
11034
11033
11030
11030
11019
11014
11012
11009
11007
11000
10998
10993
10988
10981
10976
10975
10972
10972
10969
10968
10967
10962
10960
10959
10959
10951
10948
10947
10946
10944
10938
10937
10935
10933
10929
10916
10903
10898
10894
10892
10888
10886
10885
10884
10882
10873
10867
10864
10861
10861
10857
10856
10846
10843
10840
10839
10836
10836
10826
10825
10822
10816
10800
10800
10795
10791
10788
10785
10779
10770
10761
10757
10757
10753
10751
10750
10748
10744
10741
10732
10725
10723
10721
10719
10715
10701
10699
10683
10682
10681
10680
10678
10676
10661
10650
10646
10642
10641
10638
10638
10636
10634
10634
10634
10630
10628
10627
10620
10618
10612
10608
10603
10599
10594
10589
10584
10581
10580
10578
10576
10569
10569
10565
10560
10558
10554
10554
10551
10551
10550
10550
10546
10533
10525
10524
10515
10514
10512
10511
10508
10503
10503
10496
10494
10492
10484
10482
10471
10469
10467
10461
10461
10453
10449
10447
10442
10441
10439
10435
10432
10432
10431
10427
10426
10424
10423
10422
10421
10417
10416
10414
10408
10407
10404
10401
10394
10394
10393
10393
10388
10386
10385
10385
10376
10376
10376
10373
10368
10367
10366
10361
10352
10340
10336
10336
10335
10331
10331
10329
10328
10326
10323
10318
10305
10303
10302
10298
10297
10291
10280
10275
10275
10273
10270
10268
10266
10263
10262
10257
10257
10257
10253
10251
10247
10238
10236
10225
10225
10220
10215
10214
10204
10193
10191
10190
10190
10188
10184
10181
10178
10175
10170
10168
10164
10163
10163
10161
10158
10151
10146
10145
10142
10142
10141
10137
10135
10134
10134
10133
10130
10127
10122
10119
10118
10117
10112
10111
10110
10106
10104
10102
10100
10098
10094
10093
10089
10088
10088
10085
10085
10081
10079
10077
10071
10071
10071
10069
10066
10059
10057
10057
10054
10046
10039
10036
10035
10032
10025
10023
10022
10018
10018
10016
10015
10002
9999
9997
9994
9994
9993
9993
9992
9991
9990
9988
9976
9974
9972
9968
9968
9964
9963
9961
9958
9957
9951
9950
9950
9949
9948
9948
9945
9944
9941
9934
9918
9916
9911
9907
9904
9901
9896
9894
9891
9889
9888
9882
9882
9878
9877
9875
9875
9870
9866
9865
9859
9858
9855
9852
9846
9841
9839
9822
9822
9821
9819
9818
9816
9816
9813
9810
9807
9803
9802
9801
9798
9798
9797
9796
9793
9792
9791
9791
9783
9782
9781
9780
9777
9777
9762
9762
9754
9752
9751
9748
9746
9746
9745
9741
9741
9739
9737
9734
9727
9722
9721
9718
9716
9714
9713
9710
9709
9708
9707
9706
9696
9695
9690
9690
9689
9689
9688
9686
9686
9683
9683
9683
9676
9675
9668
9662
9661
9661
9660
9660
9659
9653
9651
9641
9631
9628
9627
9625
9623
9622
9621
9617
9608
9607
9602
9600
9599
9595
9594
9593
9592
9587
9582
9577
9576
9576
9575
9567
9565
9555
9554
9553
9550
9548
9547
9547
9547
9545
9545
9545
9538
9535
9530
9525
9522
9521
9517
9517
9517
9516
9514
9510
9510
9510
9508
9507
9506
9500
9497
9496
9495
9494
9494
9491
9487
9487
9484
9482
9475
9472
9462
9459
9453
9452
9451
9440
9437
9434
9434
9429
9427
9422
9419
9417
9415
9414
9412
9412
9411
9408
9401
9400
9399
9396
9395
9391
9389
9385
9382
9377
9371
9370
9367
9356
9356
9347
9346
9344
9342
9340
9337
9332
9324
9323
9321
9319
9317
9312
9312
9311
9311
9306
9305
9303
9301
9300
9298
9296
9294
9293
9292
9288
9288
9286
9284
9283
9280
9277
9277
9260
9259
9244
9243
9239
9235
9233
9228
9224
9222
9215
9212
9210
9209
9208
9208
9202
9195
9195
9182
9171
9170
9170
9167
9165
9164
9161
9161
9156
9156
9156
9152
9150
9150
9148
9145
9141
9141
9140
9137
9126
9124
9123
9123
9123
9122
9122
9117
9115
9115
9114
9111
9104
9100
9096
9092
9090
9084
9083
9064
9060
9058
9056
9054
9052
9049
9049
9045
9044
9042
9038
9032
9031
9029
9029
9025
9012
9006
9006
9005
9000
8998
8996
8990
8983
8981
8979
8974
8972
8972
8970
8969
8969
8962
8958
8954
8953
8953
8948
8941
8937
8935
8932
8929
8929
8928
8924
8919
8919
8910
8906
8904
8900
8900
8889
8885
8885
8884
8881
8881
8880
8870
8865
8852
8852
8847
8845
8843
8839
8839
8839
8831
8828
8825
8824
8817
8813
8810
8806
8804
8801
8788
8780
8773
8772
8767
8767
8764
8763
8759
8744
8735
8730
8729
8728
8728
8722
8721
8719
8714
8714
8713
8712
8705
8703
8700
8696
8695
8689
8684
8675
8675
8674
8672
8671
8670
8670
8670
8667
8663
8657
8655
8652
8645
8639
8638
8637
8637
8637
8635
8633
8632
8628
8628
8626
8613
8610
8609
8607
8606
8601
8597
8597
8595
8594
8593
8588
8584
8582
8581
8574
8568
8565
8565
8564
8564
8555
8547
8534
8533
8532
8532
8523
8517
8516
8510
8510
8509
8509
8507
8507
8504
8502
8499
8499
8494
8493
8492
8490
8482
8479
8479
8478
8473
8467
8465
8463
8460
8458
8456
8453
8450
8448
8446
8446
8445
8444
8442
8435
8434
8434
8432
8432
8430
8426
8419
8417
8413
8411
8406
8405
8403
8403
8402
8396
8394
8390
8388
8371
8366
8360
8359
8358
8343
8341
8340
8336
8336
8334
8327
8325
8324
8315
8306
8301
8295
8293
8283
8282
8281
8281
8280
8277
8265
8262
8260
8258
8255
8253
8250
8250
8243
8241
8235
8234
8233
8232
8231
8221
8221
8219
8214
8210
8210
8206
8202
8197
8193
8191
8189
8188
8180
8180
8180
8168
8163
8162
8157
8154
8150
8147
8144
8144
8144
8142
8142
8138
8137
8137
8128
8127
8127
8126
8125
8123
8121
8119
8108
8104
8096
8095
8089
8076
8074
8071
8068
8061
8059
8047
8046
8046
8041
8035
8031
8018
8009
8008
8006
8003
8002
8001
8001
7999
7999
7997
7995
7995
7982
7981
7976
7974
7971
7970
7967
7964
7963
7963
7960
7959
7956
7953
7949
7937
7937
7937
7924
7916
7912
7908
7904
7900
7897
7894
7885
7881
7881
7879
7865
7860
7852
7852
7842
7841
7831
7824
7823
7820
7818
7815
7812
7803
7801
7798
7797
7797
7785
7785
7785
7782
7776
7770
7770
7768
7764
7764
7760
7760
7753
7753
7750
7750
7742
7740
7736
7735
7733
7727
7715
7710
7703
7703
7703
7703
7702
7699
7694
7690
7686
7684
7684
7682
7673
7672
7671
7670
7667
7660
7659
7659
7650
7648
7647
7634
7629
7629
7628
7628
7626
7623
7614
7608
7603
7601
7599
7595
7595
7593
7579
7577
7571
7570
7569
7564
7562
7548
7543
7536
7534
7528
7528
7526
7519
7519
7518
7517
7514
7511
7504
7501
7497
7496
7494
7490
7490
7487
7481
7472
7472
7467
7465
7460
7458
7456
7451
7445
7444
7435
7432
7430
7426
7424
7421
7407
7402
7399
7399
7398
7396
7394
7387
7387
7384
7378
7376
7372
7372
7369
7367
7366
7364
7361
7361
7361
7356
7351
7342
7339
7339
7338
7331
7329
7324
7304
7298
7298
7292
7287
7282
7282
7281
7279
7279
7275
7272
7268
7265
7258
7249
7247
7246
7243
7241
7240
7239
7237
7230
7229
7221
7220
7213
7212
7212
7208
7207
7205
7198
7198
7191
7189
7189
7189
7183
7178
7176
7176
7171
7167
7158
7153
7150
7150
7149
7148
7146
7142
7141
7141
7141
7140
7137
7132
7131
7130
7129
7124
7118
7117
7110
7106
7104
7100
7097
7092
7087
7082
7062
7062
7060
7047
7044
7030
7030
7029
7027
7026
7023
7016
7014
7008
7005
7004
7002
7001
7000
7000
6990
6988
6984
6971
6967
6967
6960
6958
6957
6955
6948
6945
6944
6943
6939
6938
6935
6926
6914
6913
6911
6902
6900
6900
6894
6893
6888
6888
6888
6875
6866
6861
6860
6857
6856
6854
6846
6846
6841
6834
6831
6825
6821
6815
6815
6812
6809
6807
6807
6806
6805
6802
6802
6800
6799
6795
6794
6793
6791
6791
6789
6788
6786
6781
6780
6772
6771
6771
6769
6756
6755
6752
6749
6749
6742
6733
6733
6723
6720
6717
6716
6713
6709
6702
6700
6696
6694
6693
6690
6687
6686
6685
6683
6683
6681
6673
6672
6672
6663
6656
6655
6653
6650
6641
6640
6638
6634
6631
6620
6619
6615
6612
6612
6609
6598
6594
6592
6589
6586
6579
6578
6578
6576
6575
6575
6573
6571
6570
6569
6558
6556
6555
6544
6543
6542
6541
6540
6540
6538
6537
6534
6533
6530
6524
6518
6518
6518
6515
6513
6512
6511
6508
6507
6505
6503
6502
6498
6496
6496
6496
6496
6494
6494
6493
6492
6489
6483
6481
6465
6463
6461
6460
6458
6457
6453
6452
6446
6442
6439
6438
6435
6423
6415
6409
6408
6403
6397
6396
6395
6389
6388
6383
6381
6374
6368
6366
6365
6364
6363
6356
6352
6352
6350
6349
6346
6345
6344
6342
6337
6335
6331
6328
6327
6324
6315
6315
6288
6285
6279
6277
6273
6272
6272
6268
6267
6266
6265
6255
6253
6250
6247
6237
6236
6235
6230
6230
6224
6220
6213
6212
6210
6201
6200
6195
6188
6183
6179
6175
6164
6160
6154
6153
6152
6144
6142
6142
6140
6138
6135
6131
6131
6128
6123
6122
6119
6118
6116
6112
6105
6101
6092
6092
6089
6088
6086
6084
6081
6081
6075
6074
6074
6071
6066
6065
6062
6061
6056
6055
6053
6045
6037
6037
6037
6035
6033
6030
6030
6028
6026
6025
6025
6021
6021
6014
6014
6013
6011
6001
5988
5987
5980
5976
5965
5963
5961
5952
5949
5947
5935
5928
5927
5920
5919
5911
5909
5908
5908
5905
5898
5897
5896
5890
5887
5883
5883
5879
5877
5876
5874
5873
5873
5872
5867
5858
5856
5855
5854
5852
5850
5836
5835
5834
5833
5831
5822
5821
5813
5808
5807
5806
5800
5798
5794
5792
5792
5790
5789
5788
5786
5782
5780
5776
5774
5773
5773
5769
5759
5756
5752
5747
5743
5740
5735
5735
5733
5733
5731
5729
5721
5718
5712
5711
5708
5707
5707
5706
5699
5698
5692
5692
5692
5691
5690
5688
5686
5684
5684
5665
5664
5658
5654
5650
5648
5640
5637
5636
5633
5632
5623
5621
5620
5618
5618
5617
5615
5610
5599
5596
5595
5593
5590
5589
5586
5585
5582
5581
5581
5580
5579
5577
5572
5571
5570
5560
5559
5557
5556
5553
5547
5543
5538
5538
5537
5536
5535
5534
5534
5534
5532
5532
5531
5531
5531
5523
5521
5511
5511
5509
5503
5499
5496
5494
5486
5480
5479
5473
5469
5466
5451
5449
5447
5447
5439
5436
5434
5430
5425
5416
5416
5414
5413
5411
5411
5405
5398
5397
5394
5393
5391
5391
5382
5372
5370
5369
5368
5366
5365
5363
5363
5356
5352
5345
5344
5344
5342
5338
5333
5333
5331
5328
5326
5315
5314
5308
5304
5302
5294
5285
5283
5280
5278
5272
5263
5260
5251
5247
5243
5242
5242
5238
5237
5232
5231
5229
5229
5227
5227
5220
5220
5214
5212
5202
5198
5195
5192
5190
5184
5179
5176
5175
5174
5168
5167
5167
5157
5155
5154
5149
5147
5144
5143
5143
5143
5140
5140
5136
5131
5129
5128
5128
5126
5118
5117
5114
5108
5105
5105
5094
5093
5092
5091
5091
5090
5083
5079
5077
5075
5070
5070
5068
5063
5059
5058
5056
5053
5051
5050
5047
5045
5044
5043
5040
5039
5038
5029
5028
5023
5013
5013
5011
5005
4997
4996
4990
4990
4989
4989
4987
4984
4983
4983
4981
4980
4980
4979
4970
4969
4966
4961
4952
4952
4946
4944
4934
4929
4929
4926
4917
4912
4900
4898
4896
4895
4894
4894
4887
4870
4869
4863
4859
4859
4856
4854
4853
4846
4844
4839
4837
4836
4833
4816
4813
4813
4811
4805
4802
4801
4800
4799
4798
4788
4788
4784
4784
4783
4776
4759
4755
4754
4750
4747
4745
4745
4742
4740
4737
4732
4731
4729
4727
4726
4719
4714
4706
4705
4701
4700
4690
4687
4685
4685
4680
4670
4670
4667
4664
4662
4660
4659
4655
4655
4651
4647
4647
4647
4646
4638
4637
4637
4627
4624
4618
4612
4606
4606
4603
4598
4597
4594
4589
4586
4585
4582
4581
4580
4577
4564
4560
4557
4546
4544
4539
4532
4526
4525
4524
4522
4520
4519
4517
4513
4511
4508
4506
4501
4500
4496
4495
4492
4490
4489
4481
4479
4477
4474
4474
4473
4472
4458
4453
4449
4446
4442
4440
4439
4439
4435
4433
4430
4427
4424
4415
4415
4413
4410
4408
4404
4402
4402
4400
4399
4397
4394
4393
4387
4387
4382
4380
4372
4371
4368
4368
4362
4352
4346
4343
4332
4327
4325
4319
4318
4311
4308
4306
4304
4295
4291
4286
4283
4276
4272
4267
4267
4261
4259
4247
4246
4241
4240
4238
4237
4232
4222
4222
4219
4211
4193
4190
4189
4182
4180
4177
4176
4176
4176
4169
4166
4166
4157
4156
4153
4152
4152
4151
4150
4147
4145
4143
4143
4141
4136
4135
4135
4132
4129
4129
4127
4125
4123
4119
4112
4101
4098
4097
4096
4096
4089
4087
4084
4083
4083
4081
4081
4079
4079
4075
4065
4049
4046
4041
4038
4034
4033
4031
4029
4029
4025
4023
4022
4022
4021
4019
4017
4016
4012
4005
4004
3995
3982
3980
3975
3973
3958
3956
3949
3942
3942
3938
3936
3934
3930
3928
3926
3924
3922
3916
3915
3913
3911
3911
3901
3900
3900
3895
3886
3882
3880
3877
3876
3870
3865
3863
3861
3858
3854
3849
3844
3843
3837
3833
3829
3828
3828
3822
3818
3812
3812
3809
3807
3802
3799
3798
3797
3797
3784
3780
3775
3773
3772
3770
3769
3769
3767
3761
3759
3757
3754
3753
3753
3751
3747
3747
3741
3741
3733
3731
3730
3726
3718
3717
3715
3715
3711
3706
3702
3695
3682
3678
3674
3673
3673
3670
3669
3663
3659
3658
3658
3648
3647
3646
3646
3646
3643
3642
3633
3630
3628
3624
3622
3618
3617
3608
3604
3599
3593
3585
3584
3582
3574
3568
3567
3564
3562
3561
3557
3546
3546
3546
3544
3543
3542
3536
3529
3515
3514
3514
3510
3508
3507
3507
3506
3502
3501
3498
3489
3489
3489
3482
3481
3479
3479
3479
3468
3461
3461
3458
3453
3452
3444
3442
3441
3440
3427
3421
3420
3418
3417
3416
3416
3415
3414
3406
3406
3395
3393
3386
3384
3378
3377
3373
3372
3364
3363
3360
3359
3356
3349
3348
3346
3344
3340
3336
3334
3333
3332
3330
3321
3319
3312
3311
3306
3303
3301
3298
3298
3292
3291
3289
3286
3280
3274
3273
3273
3271
3269
3256
3256
3255
3254
3249
3249
3245
3239
3236
3233
3230
3227
3226
3224
3222
3219
3216
3204
3202
3202
3189
3188
3187
3183
3179
3175
3169
3166
3162
3161
3160
3156
3153
3146
3146
3146
3141
3138
3138
3129
3126
3122
3119
3115
3111
3111
3105
3102
3100
3099
3099
3097
3096
3094
3087
3083
3083
3081
3079
3075
3075
3074
3074
3069
3069
3068
3065
3058
3055
3053
3050
3048
3048
3039
3036
3033
3033
3030
3029
3028
3023
3015
3014
3001
3000
2995
2993
2989
2988
2980
2970
2968
2967
2958
2957
2953
2951
2951
2951
2947
2944
2938
2937
2936
2933
2931
2930
2930
2930
2929
2916
2909
2907
2905
2900
2898
2886
2885
2884
2882
2871
2870
2870
2869
2868
2866
2865
2864
2848
2847
2846
2843
2836
2833
2831
2827
2827
2826
2809
2807
2803
2793
2779
2779
2779
2779
2775
2772
2772
2763
2757
2755
2751
2745
2744
2741
2740
2736
2734
2733
2732
2727
2725
2725
2719
2713
2713
2713
2712
2708
2701
2698
2690
2688
2684
2681
2672
2671
2669
2667
2663
2658
2658
2658
2652
2641
2621
2621
2615
2615
2613
2612
2611
2609
2598
2591
2588
2586
2581
2572
2569
2560
2556
2548
2540
2536
2533
2532
2528
2526
2512
2510
2509
2509
2509
2505
2504
2500
2492
2491
2486
2481
2480
2479
2478
2464
2456
2455
2455
2454
2453
2453
2451
2446
2442
2441
2435
2431
2431
2430
2429
2421
2417
2414
2409
2409
2400
2400
2396
2389
2387
2385
2385
2384
2380
2378
2377
2374
2360
2357
2352
2351
2347
2346
2345
2341
2339
2339
2336
2335
2333
2331
2330
2328
2326
2324
2324
2315
2308
2306
2305
2305
2293
2292
2291
2288
2286
2285
2283
2269
2265
2262
2261
2258
2256
2255
2251
2249
2247
2246
2242
2241
2240
2239
2232
2231
2229
2227
2222
2221
2217
2212
2206
2201
2183
2177
2173
2173
2169
2168
2166
2165
2165
2164
2162
2160
2156
2155
2153
2148
2147
2146
2145
2143
2141
2138
2133
2125
2120
2117
2117
2114
2114
2112
2111
2111
2110
2107
2104
2101
2094
2093
2085
2081
2076
2071
2071
2062
2060
2053
2052
2052
2051
2050
2049
2046
2044
2040
2039
2039
2038
2036
2027
2027
2026
2025
2024
2023
2020
2020
2015
2006
1995
1993
1988
1981
1979
1975
1973
1970
1969
1965
1960
1955
1953
1951
1946
1945
1937
1933
1928
1927
1926
1910
1909
1905
1903
1902
1898
1894
1892
1889
1888
1886
1885
1884
1883
1879
1878
1877
1876
1876
1873
1859
1852
1851
1850
1842
1841
1837
1832
1830
1826
1823
1822
1814
1809
1806
1803
1792
1789
1782
1777
1775
1772
1769
1769
1764
1758
1757
1755
1754
1752
1751
1750
1746
1745
1744
1743
1735
1734
1726
1714
1712
1712
1711
1701
1699
1693
1682
1682
1682
1673
1668
1666
1664
1659
1653
1652
1650
1650
1649
1649
1648
1643
1642
1642
1641
1636
1636
1634
1633
1630
1623
1620
1616
1615
1612
1608
1607
1602
1599
1597
1596
1595
1592
1591
1590
1584
1579
1569
1562
1561
1561
1558
1551
1549
1546
1543
1542
1535
1535
1535
1529
1528
1526
1526
1525
1523
1514
1512
1504
1502
1501
1499
1499
1497
1496
1492
1485
1480
1479
1477
1476
1471
1471
1468
1467
1464
1464
1463
1455
1452
1452
1451
1450
1449
1446
1443
1442
1438
1436
1435
1427
1424
1422
1422
1422
1420
1414
1413
1411
1410
1409
1406
1405
1404
1396
1394
1387
1383
1382
1378
1376
1374
1374
1363
1360
1354
1352
1346
1344
1337
1329
1327
1325
1322
1321
1315
1310
1306
1305
1303
1299
1299
1299
1297
1294
1287
1282
1280
1280
1276
1272
1271
1267
1262
1257
1249
1239
1239
1238
1232
1227
1227
1218
1215
1213
1212
1205
1199
1195
1189
1183
1176
1176
1169
1169
1166
1163
1159
1143
1134
1133
1124
1117
1115
1115
1113
1112
1110
1108
1106
1106
1102
1097
1097
1097
1093
1084
1081
1077
1076
1071
1064
1061
1060
1058
1057
1056
1054
1046
1044
1041
1040
1023
1019
1016
1015
1015
1013
1012
1009
1008
1007
1006
1003
1002
999
999
998
997
996
991
988
987
980
980
977
972
972
968
968
967
967
963
963
962
950
940
936
935
935
928
926
926
923
920
918
917
914
914
911
905
904
902
900
898
897
894
892
888
887
886
880
880
878
868
867
862
861
855
855
854
853
846
844
843
836
836
835
830
826
825
820
820
820
819
816
813
811
804
804
801
798
792
790
789
785
785
784
771
751
750
739
736
727
726
719
712
711
697
689
687
686
680
676
660
655
654
653
650
647
647
644
639
636
636
634
633
622
616
612
611
608
605
603
602
600
597
597
593
589
585
583
581
577
576
570
565
564
541
536
534
533
531
528
522
521
517
514
512
511
510
509
508
507
503
502
501
496
485
476
474
467
465
465
462
460
457
457
456
452
449
447
446
442
438
437
429
427
419
416
415
412
412
408
404
402
401
400
399
396
394
393
392
385
378
371
371
369
367
364
363
360
356
353
352
351
347
343
341
340
338
337
337
328
327
326
325
315
314
307
299
294
293
292
291
291
291
284
284
280
278
273
267
265
263
260
259
248
247
246
241
240
240
237
237
234
230
228
227
220
217
214
211
206
206
205
202
199
196
193
190
186
185
183
180
178
177
174
173
170
170
169
167
167
166
158
156
154
153
152
152
152
139
136
131
128
126
126
121
118
110
106
105
101
98
97
94
85
84
83
80
77
74
72
72
70
67
66
62
58
49
44
42
35
24
11
9
8
5
2
