7659
24982
19525
17749
24635
10484
16251
13060
22398
16258
20243
12731
23841
2690
13972
3312
21648
20037
7517
12701
3507
5790
11588
31308
12472
920
31870
369
5908
20068
20159
28157
13764
6805
29089
28208
31961
26512
14410
21679
20531
13885
23113
3030
32141
14083
14786
21327
21434
5108
21707
31716
16173
11076
26133
5521
4031
19968
30927
17374
19373
22268
29639
11372
13280
11790
24531
13261
23922
2937
28015
31896
1133
4012
32167
23741
31702
813
12856
15639
24298
21200
18674
5952
26535
7212
18016
1449
3726
24143
13227
6634
22440
8881
29628
27990
28871
12903
29601
8147
1294
11161
14898
14569
27059
2870
6900
7960
2052
32486
4157
6511
10408
4929
153
3930
1064
4670
29549
31420
15534
9710
30938
16445
9484
4970
18660
25062
30975
8714
24020
16363
27317
727
3546
23495
10638
19523
26615
20878
17952
24088
22554
31615
6013
16815
22154
29657
1464
23138
9859
26865
23973
31299
26660
30592
4577
12047
393
32577
3346
23389
9012
9660
31088
28699
27569
31580
8581
23099
28281
30408
20016
30890
8728
14960
17904
11906
31115
22630
20831
25984
11500
2160
26877
5304
30033
1115
28719
8071
16369
32402
8584
8394
7304
26351
4166
30285
27389
29136
25376
8327
3138
5486
11327
19076
6781
29034
650
3618
27749
21673
16422
18560
26606
21858
2621
4788
26664
12149
1535
12988
14948
23807
24295
6327
30362
7467
576
15446
14087
23883
13287
28301
29466
14375
24658
29582
401
32660
20433
30967
1504
1097
7956
15434
19666
4079
8430
30111
23666
17783
3416
23189
15148
23472
8633
19854
12848
26137
5733
3356
3863
8180
3427
30646
10441
28059
24179
14256
11166
2071
25679
27498
28867
1775
12082
7623
25824
15422
16535
8928
16887
5896
13379
11514
8336
32718
31365
11702
9235
25440
1981
22408
18037
24563
7451
21354
1814
18547
3753
32466
234
29211
10892
17889
11224
66
9607
28125
19807
8824
12480
25569
23679
30929
7367
25555
23767
4737
11732
2967
29963
15017
1360
11906
17512
1905
17559
32018
15307
24407
19709
21724
32190
26823
16655
19653
2533
6123
11035
20853
14233
20164
27890
26121
17362
17274
23788
23816
30282
8432
13357
7577
8671
5532
12839
18675
1081
17558
6496
21524
18606
19694
26997
27062
12898
23363
31328
10367
12723
31121
23798
4472
26836
4427
9395
15040
25527
21418
32442
6786
1841
31812
14872
32292
31577
8672
9545
449
5425
2441
25853
7130
904
12257
10268
4424
17182
31928
23815
25973
7690
21725
19489
6860
14937
32308
15246
22382
31736
2569
58
16935
15828
14756
8221
11168
9791
4382
27070
22486
6806
3187
9462
31690
5664
10967
16631
17275
26682
17486
9100
29713
7601
23927
32163
32347
6512
28072
18696
5499
8283
19264
21363
7648
23674
12857
31429
2165
7002
6397
32399
28184
19376
18299
2772
32590
32320
25721
24592
7221
28157
27948
15480
10426
21362
19206
27268
28939
1888
31695
6315
12880
14505
32759
24173
7062
14700
811
4759
23307
10098
29478
22211
2929
29641
30922
31774
5581
3502
1903
9582
23391
13489
30331
19027
15319
13843
22834
32716
19398
6515
2256
10750
20307
169
5333
31537
19759
16115
3489
25628
19915
27471
23872
22882
6856
29223
8839
4700
4783
27187
16992
9497
25826
12444
9058
9123
18898
4189
18341
7812
2931
30959
14548
12425
29165
2085
31363
30662
26773
27477
30403
8154
28443
23480
6388
24949
11012
14867
2779
6935
11611
3479
18421
26394
16548
27142
31498
21234
21266
280
23044
7092
20730
25373
29698
5077
902
13027
9641
5684
18350
20698
10170
10843
12644
16758
27626
15874
28431
21205
15342
6101
315
17826
20181
26488
6799
32057
18586
5831
15359
31500
22522
16482
24899
10565
26243
28521
20871
14509
3822
3204
26724
5580
19886
7207
27407
14674
8137
12820
15824
22453
999
15905
3510
13340
4520
5691
17034
6780
6971
25003
19713
17664
3373
18840
9525
12463
126
4813
3414
9545
13050
1213
27805
29809
22982
16836
22146
13329
570
29872
4655
30715
29934
30592
13876
20172
20248
22380
11388
1558
17941
23077
12928
31166
18757
26717
10682
29346
30236
394
19549
22655
4726
7399
6723
15123
299
7100
4647
30334
25828
12512
2836
30446
25901
24956
16925
24443
18891
785
28751
6224
24655
23229
31972
2060
24555
16826
8121
31848
16261
29479
2051
1561
12810
26379
23357
19448
15621
24215
8293
6496
7536
1451
27495
11223
28361
19868
23770
1009
18537
25909
18922
15730
17682
29179
8341
12979
10439
28341
23579
28487
6368
21292
7599
13789
6749
26928
15731
7528
19067
29403
26531
2430
1413
1562
6672
510
28653
16744
5585
11766
5531
15837
6453
30148
4997
25192
30204
4219
32640
31833
22470
136
597
16674
20171
17301
22552
7518
29389
14765
10933
29970
12875
1953
31436
14643
8696
30891
2751
30313
24683
9042
9
16659
25112
21901
11985
8843
14719
3115
17342
27563
12195
31090
16398
4240
16574
24327
31714
29085
20787
16142
8924
13763
11972
10385
24300
6656
12805
8998
9575
23078
5136
32204
23130
5854
19579
1303
15901
23788
2951
25741
22827
12725
9370
14159
23088
18686
31984
3068
6756
18422
21133
24530
15384
14711
28534
21782
6030
6025
7456
10422
27150
3624
27689
11054
31542
23367
9286
16552
11410
28692
28797
11367
10093
14206
7060
11109
7398
9716
28873
8763
19526
30320
5315
25154
17296
14517
27337
18936
3674
5333
23090
17573
18140
26613
2076
27966
15687
7764
22881
22665
10584
28298
20679
19074
6700
23054
7543
23294
6230
5883
28081
19854
11823
18196
22973
8358
19053
8197
31525
6142
12535
26860
1057
17977
28152
28951
27475
22981
32562
25615
32692
12546
10134
7894
30927
31142
8465
27246
22317
24416
8360
16282
10512
3515
24775
30697
1892
2374
9686
4079
24306
9202
28942
24278
22999
4283
21899
26390
32052
23178
9122
9344
20264
16986
24180
31617
6395
18586
12227
11685
6556
26067
19973
30554
15438
13963
2231
15095
10142
7785
28404
23804
14488
9882
17478
13723
15930
7026
14268
15224
2345
11607
4413
19374
9123
6363
18715
13074
17845
6696
15851
23739
22958
12193
31893
18882
9427
28614
20135
13894
26708
30296
751
4019
3711
11454
9288
8260
14388
29096
4788
5063
16025
25586
12971
14753
32014
21707
9907
10257
30564
9494
18225
9401
12361
4624
19583
30298
17415
13620
24382
991
7023
15196
750
25757
19215
5928
3772
17881
29356
12963
10394
18826
12524
25636
30357
16993
32594
10867
31331
28935
2671
29741
19260
9894
23127
30314
8684
28842
24403
22172
27429
12745
14037
11195
21529
19520
15537
6815
1352
16736
15497
4525
32663
27210
22409
26549
20387
11767
29269
25115
2900
22651
16192
26165
19893
30602
14527
23029
9475
24635
8221
30664
9988
16908
21616
6589
8089
27430
5579
16362
3479
8675
2229
22028
25043
14222
3546
31853
13436
14442
16897
22539
25774
23797
14910
11766
22083
8301
20585
19962
16877
8340
5070
4222
19330
10929
12838
27564
21142
6615
27847
25554
12623
27241
28183
23304
23925
9950
4934
1044
8137
4546
32317
31882
21912
12541
977
21048
28815
7768
19005
30656
10449
16701
11215
27783
5447
21950
12769
7118
7735
25818
15371
14111
32281
4603
10135
4075
17574
25026
2869
13425
4145
24071
23280
21473
28986
15132
2145
11714
11329
25170
29475
4241
19928
1471
15751
11179
17660
8510
22920
14445
30629
3254
25089
16025
1436
928
5149
30715
11661
17859
32015
5965
2141
13634
12292
30297
3773
5593
6230
28509
7424
20836
15363
26035
26921
26017
605
16817
8009
24374
21251
25551
6152
1526
8463
21255
23937
7776
13969
10882
29267
25704
21565
2672
3828
9083
31072
4152
18761
4029
26649
6609
23156
17557
14789
22639
30446
3179
6075
30307
27861
21936
27706
21564
31879
31007
8095
8499
8047
13635
13787
21190
12575
826
24613
16290
11935
10424
22252
25030
5
11087
4112
998
70
2285
9553
24077
14156
22950
32520
25991
31305
16051
5909
21502
26186
17083
26648
10723
26895
3922
23780
12304
19482
7104
21552
15531
30214
14595
3216
16205
22042
7959
3236
22627
11806
24436
23439
32725
11885
24793
7595
32486
6220
18504
27004
16732
23162
29521
26850
16864
23561
26516
6802
5543
26987
23426
18374
23378
30672
15459
564
4371
12976
21917
15933
5650
1955
32051
23912
23311
9337
27020
15630
1608
7047
5238
7511
3741
8767
20330
29797
4594
7684
27922
462
27349
29500
9224
13904
18784
19110
3809
17344
21345
16621
28010
26948
4025
13438
2865
20418
8450
9623
28487
2712
4981
23713
14661
4238
16906
19136
20365
16648
5856
22696
17106
18817
10976
6066
2779
32564
2206
2351
131
284
5759
28668
14597
13855
27681
24663
9846
31623
5879
496
8595
6065
4660
14403
16573
17673
30187
9510
8258
26934
8564
14750
32734
19601
25873
18679
22914
26076
28369
21012
21843
3633
32437
29443
16118
12600
9746
15060
24587
19869
5686
19884
25591
22977
16974
3861
10471
24752
22664
18072
8722
27476
22132
29326
12094
2536
15536
15667
3461
4526
9668
18428
17753
25317
17483
16683
14790
19190
3156
30624
15607
22254
3079
24818
19964
10800
14220
17854
25546
11628
11304
2111
27011
10699
11945
14623
20472
9324
26885
28301
22637
3604
11070
4496
31900
6945
13192
5531
6140
22464
16814
20065
13890
19552
31154
22506
11048
18023
22964
17639
22382
6435
18196
1859
16159
27395
30427
18170
21782
25351
13655
6958
8128
19061
20742
22904
6948
30414
11446
28540
31776
4096
15593
31424
14581
1757
29822
4798
31494
20428
25742
31031
24028
13758
5013
9419
8046
22884
20434
22983
9631
12448
240
17726
32009
6713
15589
20059
13561
22994
9243
4597
15546
4125
18637
15460
9751
844
9653
13715
28955
19400
26596
21335
17691
14630
4081
1535
15095
855
11861
13101
7324
7198
16150
13028
15821
13511
26787
8929
21028
19479
8703
1071
25683
22655
1058
22262
21168
25236
19101
10388
29937
9156
18300
18414
20275
32065
20080
5128
30274
23362
23342
6356
2324
22635
30482
28232
25494
13705
8712
3507
28332
31107
17068
4433
12658
19854
25008
4637
1993
27039
13438
6118
8719
9510
15135
20389
12845
32761
30044
31758
27095
14222
29475
21605
11791
15470
17452
17811
9195
7142
2779
18809
31385
12800
13929
18564
5792
14258
10303
14722
616
340
18594
29620
18429
343
20117
26404
6160
25397
16123
12088
25151
21156
26365
13192
17046
17167
21931
19181
26709
19270
6374
5338
23027
26997
16765
31984
14948
17235
29334
7372
29592
13979
80
28708
27204
19904
24998
3858
7908
27869
31127
25263
24577
19178
31619
2020
29103
2870
28377
21629
20059
2833
5615
12927
25795
14281
15409
17852
30534
217
12158
4004
94
14940
26831
1374
16491
968
10266
19480
22706
1752
1910
3995
6053
8906
18815
10018
23141
22475
26364
31852
10117
1712
8127
26896
26385
22758
4813
32273
23502
25772
8639
27058
16836
24959
9064
28555
13818
214
10680
9949
19329
16144
24288
29475
29107
16555
15799
27369
4029
4022
10589
8417
31067
19849
10270
820
8419
11443
17817
17686
10885
18228
24609
1693
17617
9453
25955
11987
27257
1620
16969
11274
29017
18284
2591
3695
2740
28405
6389
12514
6337
15839
13636
25605
32102
21253
29908
20371
17987
14104
26844
32244
23026
25817
21868
17934
2701
8588
30728
1885
12657
14761
8597
27718
14402
30164
10106
9896
13104
23567
28671
23221
28792
4399
7672
11264
8493
28300
8104
8406
32568
8189
9440
20434
5278
24068
16487
2988
2049
6213
14494
338
4714
9277
19300
31802
581
17456
26936
17654
28589
6755
11165
19977
1514
23692
2755
8953
1592
23431
5731
19877
26570
13130
13803
9689
14607
14107
13275
16160
9780
28161
6255
26841
18666
13176
6014
29837
9577
20584
5538
13952
30901
8280
2201
29830
15392
5855
14059
14104
528
14684
6861
12455
4098
24807
27718
12080
22991
22664
5776
19473
16942
11174
7361
19995
17531
14530
12715
29160
27575
23653
1792
3183
15055
18518
6074
15317
27169
23313
29113
6791
7740
2933
17070
10373
31719
15549
11321
24321
15718
3761
9038
8744
11512
32285
24285
1344
10404
27011
6578
5363
4917
19981
11162
7146
22148
20677
15815
5534
23285
26632
7797
17259
6212
14648
30670
6119
9090
32434
28171
27761
24154
2560
26845
13581
11161
13903
3083
9839
19694
24355
9052
597
19949
12105
1463
32282
8282
23566
13193
30600
19877
8366
13415
27631
25009
3599
30709
25971
29401
687
15878
21162
27445
24283
18948
31847
30489
18723
26003
3536
15583
5898
30321
25271
16871
11778
11168
4135
8411
28823
1480
23356
30008
3050
16087
4664
8202
14689
21738
31700
18935
18589
15472
20692
18046
1452
32140
29662
15489
20352
16572
23436
14337
29344
3769
25280
2346
7198
18334
29496
5263
30921
5451
15970
30902
21667
23820
30833
11479
20118
29814
18864
31969
29794
7570
27158
1726
23258
3646
6939
7384
1616
1743
29643
12764
14158
15355
13081
12734
28551
6135
3189
27645
17164
5852
8865
29480
18883
16975
9408
5537
17686
4193
16816
21409
19944
10676
26009
30332
7885
23264
30150
11558
20090
13588
32436
20982
3706
8705
2153
15787
16931
28403
1287
19373
457
4929
3489
29589
24113
13800
24909
7150
30792
13939
23163
2621
16661
15646
20101
5184
30189
5690
2951
30324
11494
23763
26736
29657
1422
14481
7001
8953
20956
13020
18966
3111
19302
26435
2315
32005
10453
4895
15425
13641
10134
18547
3770
20672
24019
18455
29697
4755
26786
18198
26628
30153
19068
9044
24870
9997
3568
19316
10385
19377
152
24056
3273
14836
6733
17322
8839
1664
25751
18747
1988
2871
30311
31787
23828
19247
22537
20200
26933
22523
25428
18490
6888
7213
29732
16862
23807
12056
32010
31346
28856
5595
21569
32401
16969
5531
19684
11582
27580
31503
28767
23430
23037
31554
27684
23393
18482
4500
1951
27098
1354
32514
13931
18543
14297
20136
6854
1467
5155
900
3138
14674
14454
21373
30398
14061
9150
5028
9621
31943
31315
14777
20245
24902
3349
5873
29747
17374
22203
12278
26748
17715
25448
22064
5711
19069
22143
26179
21322
20529
697
20441
22786
20446
18549
19105
13815
15700
11855
23704
19143
24332
26611
5511
10145
1476
16180
9164
24061
26474
4952
9822
6794
8507
25270
24588
7016
9516
4740
12293
22168
5769
26858
29597
25777
23004
27994
13646
980
23568
8996
19709
18145
21718
21061
21887
17643
2120
21120
7004
23786
19404
3249
26835
25008
21052
9821
21278
16927
836
2957
27895
408
25099
19165
602
5302
18197
30672
16781
30269
29032
1894
30046
2125
13037
23281
13484
5596
15386
27940
11048
2147
19150
21869
24413
9686
16508
5509
6638
27354
25484
25925
21023
21811
20478
28859
17303
12923
23377
15485
4453
18202
28579
9277
6720
24946
8729
10142
25107
11610
2177
31046
13497
23502
4662
1076
26116
29412
26692
23380
21253
23042
6349
18257
2183
30287
4524
26283
13021
27495
11863
5129
15070
21587
23818
1744
13357
2232
7970
25076
190
16974
26823
9487
19861
13972
9165
13232
19665
30915
23004
26357
20714
14336
18895
23900
11575
11733
27739
31958
32691
20706
11249
23325
18432
8144
21477
72
28588
6279
31439
14237
10164
12193
27698
25254
16198
23582
21851
647
22475
2905
14732
27534
6693
4410
29018
22284
20789
26798
14676
18275
3489
22612
5093
29281
14036
20346
636
9676
11590
3911
23017
23102
25085
29753
13835
26675
1876
29651
20648
4961
16123
8847
16284
24648
26943
22042
24118
26633
31115
14272
26079
7803
29743
23333
31228
15996
31073
11575
11030
20613
385
20320
13624
32642
11938
13056
32153
12256
22341
2330
4987
3303
11879
23118
14419
74
11455
23303
13098
18428
8001
20469
29507
7750
32486
5822
17918
10263
30127
9968
9212
7579
13544
7995
22916
24846
170
13021
3622
30675
5283
2909
28574
6592
17945
29308
1019
19133
1837
22633
26368
12941
12125
2612
30410
9963
11597
11397
13235
7129
1479
20110
22391
28213
17408
10558
26517
15501
16157
24247
18168
16948
22773
19971
2775
26773
6681
20226
5850
712
20242
27303
17534
26467
2793
25444
6586
23699
13037
8675
21219
2667
30640
23031
17357
26491
24403
31698
21555
21413
17667
17784
7000
21804
29124
2164
24303
11278
12909
30665
31032
12180
3828
4651
27245
10791
1772
31855
6492
10085
30540
24641
1877
26740
3442
8981
31558
29334
27496
2400
26661
27646
24933
6663
4750
15075
24727
22039
14766
6866
2847
6328
18271
7240
1374
13148
19348
17024
27759
6716
18168
13194
5620
13573
2258
11933
32022
10190
9260
15534
199
10318
16436
20289
22346
13132
18402
16768
23286
13910
15579
28554
5175
438
12694
22541
9429
5794
11965
31767
30841
9651
2006
28969
24173
20889
25378
22926
28835
2572
30917
14058
27641
4869
19752
19222
23995
3119
27292
31531
19049
3224
24128
26845
12731
9901
31780
13835
5091
26725
11950
9875
23570
11196
21821
5227
21565
19299
30221
27118
1569
4022
18267
5747
11653
26606
21449
12580
8127
17304
15875
15886
19577
8262
26531
18804
15285
8068
32594
19817
11535
14605
14896
5534
15426
23871
15479
5496
12014
7117
30043
25701
20377
8884
29236
21617
31219
10608
27870
22292
15454
7279
6496
9294
12973
7366
30413
22518
32300
10275
10088
31056
32481
32002
5131
8413
12818
3876
24266
12407
23048
8253
26835
20893
21266
20718
28568
11787
14796
15858
1329
5773
18080
32156
26619
3094
654
4481
32134
24332
14633
8306
29870
22759
19426
3245
21255
9210
19081
14931
29055
26000
29969
6685
11326
15931
2708
19531
18897
9321
2454
28638
23944
19768
17806
29191
10524
6028
30115
29151
16789
11614
8371
3160
31595
20311
2713
9332
25068
32413
1712
31669
15837
30957
21395
11988
28516
15082
25639
27318
7974
31924
14812
28059
2732
23741
13359
10393
28683
11480
31092
5449
23748
5523
23762
5056
25577
967
25999
25792
32641
5229
23437
5168
8494
29363
32021
26570
13837
23632
16852
9748
8670
16404
20259
18833
30053
10947
396
29752
25615
30243
12169
14117
15577
28244
2446
655
27246
24928
15178
20986
16015
19731
12843
26797
3256
7949
11552
12903
22529
15125
31138
7246
6210
15280
501
31272
23162
8434
4267
19405
16498
24981
28011
30428
9117
4680
14064
18606
24387
5961
7764
21640
1502
5174
26511
533
1477
3617
21307
24595
263
29666
21914
3916
23706
177
16089
22984
19125
11508
14486
19009
21626
8533
15521
22487
9944
24600
26879
31237
9904
6315
21813
14548
4150
22911
19651
3406
9627
5143
4846
9782
12521
10079
5058
25846
23854
25662
9816
9945
10972
16494
17493
11898
880
11148
23219
16765
12370
14955
6084
20092
14588
7342
23155
12100
27743
4246
9934
23362
6530
18712
