17572
19991
28088
4380
15749
23608
7494
10198
28524
12686
29803
21561
12044
5514
3099
15735
28838
11776
11057
9745
26504
12435
529
18665
16084
18541
18828
3231
20354
1075
18692
282
30632
24631
2000
23397
30457
16624
11745
25533
29836
29096
22438
2536
4576
31605
24878
5064
12060
26730
27789
6703
17563
18190
10112
18421
30119
525
5204
3912
16517
24622
23043
18756
28595
16517
24481
29635
12397
26346
14070
375
29301
27818
6765
28726
29972
10620
557
6548
9564
10422
5253
29111
12721
32448
30093
10343
30344
4809
14858
24677
10349
12474
403
28926
24395
30568
31730
26079
26344
30478
24013
12587
30895
5114
2182
17355
17074
390
26975
6
24559
26954
21474
14929
9682
4752
23424
15464
27388
7688
28792
32413
11075
10686
17402
2928
11514
29000
14220
16737
2930
15940
23470
26370
19136
15618
16825
17744
22721
2429
9485
15427
8028
2192
12139
1444
3079
24934
23712
6687
12429
11059
16740
27801
24846
8993
14721
28612
29511
32398
16696
6640
787
11636
32224
23332
24626
8488
14800
14701
2378
27464
22399
1910
22571
18670
32746
26969
17239
28202
4150
7093
22722
9648
2711
12545
21974
6349
3696
14623
186
21408
7100
1844
9940
22918
9644
2488
25741
24022
14481
26825
6740
29903
14077
24261
13029
20686
29221
32535
7883
24516
8586
24401
10531
23784
32217
22140
2468
10921
783
18091
22492
2279
7648
9431
17340
31586
18522
13030
14167
29811
22982
8205
17895
6138
3535
856
3089
10903
1766
25735
25962
285
20452
18204
6969
1091
8433
27570
28799
7325
27557
15248
12084
6859
29294
4734
6868
28657
28466
23256
27674
19047
3381
12256
14859
27313
14908
31320
29751
17585
4851
15185
21052
16667
28300
31038
23691
13098
19881
844
29295
22161
12412
32502
29003
27061
6188
29651
24867
14361
14203
18867
19037
10521
5799
27883
6345
9948
11917
3309
12256
29060
16148
10524
5193
12967
25801
24542
20130
25859
12743
13298
27516
25709
19930
15364
15527
14859
25060
28798
16305
30915
21119
2978
19881
15859
3555
12246
30760
10851
28939
18494
14227
26488
2067
22416
20122
3242
11749
10532
1796
31031
20244
6219
11183
30233
21512
25058
25554
13366
30300
13351
21382
31448
1412
28875
9605
6748
24243
21832
25137
30510
7163
32116
14296
16629
16055
29782
6198
10762
22822
18233
20283
13103
31576
20224
30479
24446
26446
9145
27988
25759
20573
28277
11691
11070
10707
3414
13689
13244
18653
15849
21739
13093
23976
16822
4407
31843
1991
12566
31781
2481
2517
28741
9423
14930
24667
31416
1444
6274
16371
30897
5043
15277
16046
21264
21287
6879
11444
14700
5389
25468
24618
20066
16990
10289
30809
28205
22585
31786
23564
17271
31088
20101
30521
7791
14662
6663
31716
16924
887
15630
10817
7153
17785
3527
25625
6561
15618
32417
3950
4405
4042
26370
3170
28507
4242
17464
16981
8193
21861
1714
2126
25890
798
16240
27804
4064
29226
16824
8125
20436
4239
3339
1662
3234
9517
4951
14180
32208
22596
12142
26443
29912
9527
24503
2381
3451
6544
6435
9701
14425
1347
18019
11604
21439
55
18265
18756
18112
26882
1228
29100
21127
16629
27743
18675
3563
2392
26820
856
16196
1526
10797
23953
2173
2269
21251
26290
6507
11103
23771
8529
23645
6236
18854
16360
20725
19396
29991
122
2358
27479
6827
27514
31965
7343
25332
31208
9973
31873
3702
26301
8614
6944
4038
12169
13390
8770
10831
2139
2003
2055
26951
18145
30007
29495
737
2256
8812
13515
31684
6534
24938
31408
7869
23279
1408
8135
7344
13733
8935
15664
26837
21595
27805
24776
9504
11899
9328
3312
13057
9742
20825
26001
15438
15581
12300
11869
18558
9429
4557
32343
12823
12208
7557
19605
4201
25042
10005
14916
27005
11377
4330
15854
16457
4857
27602
5112
21285
16303
18702
6255
7811
19348
29352
28164
30682
15756
32263
5716
21731
1215
27840
24429
4872
29248
20399
19086
21274
30189
8263
20527
15682
8854
17446
9537
16698
15713
28396
26039
9916
23660
22094
18501
571
22709
27750
16232
25042
5943
5197
11174
18042
27990
1260
791
15743
9341
19983
4644
11829
24838
13243
14735
12263
28762
21442
19892
31760
16985
18836
31502
20685
4604
17496
21500
22419
312
17212
27589
25629
11302
27657
8922
8105
30562
12282
2140
29796
7601
13006
29918
19747
16614
10268
17004
32083
518
6887
17868
25907
25770
21362
27907
9793
421
20309
10012
31729
19687
32721
31012
3237
29345
16993
25721
18138
4010
18321
581
7839
18722
23571
30789
16204
1877
18448
10959
1392
22497
14524
20499
21771
15132
26669
18593
8190
24752
30573
24875
12479
6024
11982
24972
3409
29936
6269
3338
1652
30455
10586
30680
18201
9752
27655
21983
30744
31258
25151
9919
19493
1589
4202
25360
2049
12406
26478
3821
23277
30821
199
21939
7012
4324
24794
4870
15369
20826
13190
27925
3295
16913
14077
25631
7352
18397
18642
31543
20208
13055
18771
24132
31066
13640
18712
10571
7803
898
13532
13553
6134
9739
29580
3131
17736
15555
10910
28569
4789
14888
7332
2339
27778
22976
22049
13858
29285
21944
7323
2514
32570
8138
21489
28006
22775
8548
19951
333
7394
18182
14368
9140
15362
23275
7139
16460
7123
29421
9409
19789
12094
30115
8446
6587
7111
31436
28782
20712
16137
2800
21898
22330
10335
580
23747
25646
23269
6863
19991
32157
27551
25035
23777
14398
20471
7246
2549
24941
28781
24361
27628
30250
21386
24080
20925
2917
29973
13820
29582
2937
7562
14030
9673
27894
19912
28725
17009
18083
4874
1489
15543
25795
22296
3737
4808
17304
191
890
4586
4902
30846
320
8391
10297
25986
25018
1032
32425
14037
28697
20774
12509
19666
15514
893
2190
22236
21349
26531
3277
14671
23220
20727
12616
4023
23607
19837
2761
8000
15800
19433
11519
19822
11515
26617
5505
28430
744
20744
18448
877
25067
32481
28
12231
5020
10449
7050
3842
27035
13056
8885
10652
9662
1536
4531
10723
11631
1191
18137
8292
3151
5146
14977
27813
2592
27179
25610
7703
22497
5605
28705
24902
6202
30308
11327
19795
18203
5099
19315
9636
17569
3888
26722
25562
1849
6906
26764
7683
14599
13294
9425
7441
17545
2726
31539
14220
5239
21508
11741
17539
2798
29638
13157
15048
29646
13658
23630
20573
30305
1779
29137
11817
19005
27356
12764
3055
13163
4877
19548
18561
2504
23292
17848
21041
20396
5045
25245
29577
7114
22061
257
22588
23127
20435
610
24155
10607
15721
11087
1996
21684
2066
7210
8185
13368
14508
18220
27077
29341
13663
1961
27076
32378
32118
16022
8363
11009
22382
6216
18949
17375
9549
24446
29480
6244
21302
418
32360
16868
5177
10316
26250
10589
24943
3080
22140
4185
28487
25689
26947
8470
3355
6398
9780
18917
8967
6259
3431
26576
16890
30651
18537
1151
31245
16221
21297
11101
27412
2477
12629
6646
17267
22092
894
20387
8500
14066
4378
16490
2390
14699
6736
12064
26983
13024
1593
29392
22357
20568
16717
11105
897
4222
24603
10610
4373
2725
23102
3465
18584
9993
29068
25197
22719
11352
6544
14032
6534
18033
29499
31281
1408
27243
12502
8449
23915
15321
30267
21509
10760
22348
2373
12027
4138
9754
26245
21120
11020
8030
3638
19761
24807
6720
7539
8209
26052
5495
1960
25131
24719
6156
1095
18296
26222
3936
1212
3842
16465
20080
18082
7242
11977
4696
22071
16359
8221
12310
5389
29553
3227
20369
6403
3229
27948
22490
30580
11177
43
28849
20654
26875
20599
15691
12198
1541
12999
13394
4586
9579
11582
14638
11222
20072
32064
23171
15627
16238
12163
23034
2333
21516
32361
24901
18572
533
27277
2141
9718
12799
16795
4366
7050
30345
1894
31670
17600
26528
30004
22858
30791
9348
860
32409
15935
16679
12564
31957
30377
8918
32388
847
17436
4122
19743
3714
3769
30689
6706
2131
13153
13273
18365
15767
13093
18973
26499
19670
30461
29203
15453
29262
31677
24724
26067
21819
31302
8014
27117
14934
24569
29543
4423
16284
11122
5987
18788
1360
370
19528
324
26691
3612
1536
13369
12627
1637
14078
5878
24114
24006
32549
6889
26473
1075
16869
15307
10140
16465
26535
19317
18447
31204
20075
12277
22121
2182
11695
18401
26552
23199
29075
26859
27830
2193
20796
11446
6987
10291
9334
32744
4434
29825
15517
10113
5280
7570
17597
12395
5186
21706
27896
32081
20231
26960
25896
26293
17215
2242
27334
8509
19393
30760
28171
24142
3635
22823
4692
23260
7813
20344
3531
20609
31679
6808
11332
31948
18941
30656
31077
13019
28087
24599
22026
11052
27718
30503
31975
1456
13732
15757
14960
12833
15220
23541
23541
12950
31042
6726
6674
27733
21003
22298
582
31464
26368
4977
9186
14707
19335
26278
1061
30276
14979
28322
7589
1196
12501
4175
28400
8461
4387
7247
23668
23349
13527
11247
27036
31466
3691
19030
3388
4806
16613
15875
9519
13638
20637
1654
19775
29
20806
25132
7492
29134
13612
28881
4752
15737
8635
17842
10379
4341
27969
32369
25755
288
10741
12796
22855
4211
25143
19391
25755
986
27161
10009
11726
31170
27167
32525
9762
30579
1859
1595
4364
24736
19516
15118
22421
3388
14336
19510
11008
29072
5512
8537
15021
3211
211
23557
317
4185
15661
25834
27895
31031
16561
22854
26474
1669
6413
27808
84
18972
3461
4793
16323
16867
8763
1472
25466
12189
24749
31941
2966
8965
2431
9840
6770
27165
4987
15347
19399
23491
7126
16445
18200
12421
11188
16240
12621
23990
30447
8854
414
9921
30740
27536
7602
22718
3503
27982
264
25667
31945
21574
29591
18813
31918
4894
5041
2687
12276
1964
14125
6105
11960
27681
26565
27501
1579
26753
32445
17790
20814
22615
9158
16394
20217
6310
13089
11354
6434
29218
20231
28375
24924
29600
8265
19743
22174
20684
2612
25176
6214
6426
21943
11717
23133
23295
6088
28566
7965
1888
22275
18437
10672
10571
13460
19614
3643
17893
7256
2014
795
30883
16447
5888
22383
8125
25333
23060
13014
11488
13761
27217
634
28196
19885
19116
14157
25405
29671
1706
14738
29429
21863
13170
13728
5338
21970
1830
9698
17203
2462
31347
15907
18745
7032
10343
7176
16772
8418
24707
24798
22724
8737
7954
6294
10417
22870
24505
4622
16197
27883
32334
3219
9768
10544
6637
24227
32364
32070
11849
31223
1146
16189
22337
28865
4172
31609
29364
24626
26077
21338
5269
25663
27102
12060
322
30885
3755
18171
8721
27434
3453
18331
10284
17190
16353
5544
20896
16963
11625
29881
1200
25217
8609
5499
13679
30077
24132
20235
18830
18674
15792
1955
28274
29824
22936
4217
5513
13484
2553
30948
2783
30505
20559
7361
23020
31830
776
29205
29873
12807
19769
23028
20739
11144
22160
30881
28710
23263
10122
22774
1181
28498
7653
24326
10817
32041
1369
19970
25745
21173
10371
25945
22345
7825
28194
22819
27958
19240
22149
10688
24904
13175
27972
7868
24041
5397
815
26870
9869
25456
17540
12290
32650
24665
32613
3787
18475
7619
11912
17277
31487
19655
7217
5794
2167
32236
12637
15755
16304
13990
17728
15345
14734
28
242
2268
31242
21294
11110
31428
15309
1463
29083
16118
6653
7439
32534
24634
3159
10709
31375
8371
27006
4331
15083
11014
25490
26049
18538
24255
13061
14807
32290
15344
25514
1405
24492
12826
30735
3550
30493
22097
22285
27708
20279
17564
14237
6781
24033
12443
32493
10471
29397
26988
17588
296
32409
21710
29122
23193
17840
9607
11483
17347
21521
20740
2501
25891
17624
2112
11936
24874
12860
14311
25462
30088
25025
21434
16403
16810
174
28981
27671
22145
1218
30063
9545
29574
1315
23107
46
5371
8087
20141
5851
14195
15862
13942
6663
29844
20448
19732
30820
23836
19627
28620
4144
13346
4511
21273
7942
28575
28774
10065
25595
8748
446
28806
10214
12813
4209
5546
8191
367
12423
27383
24236
27630
22202
15246
18071
15706
1066
5727
13316
1467
23122
25160
20578
28306
11067
32129
17439
30050
23023
27703
15041
12143
7985
23159
27955
31430
1643
30030
9820
16509
14056
24367
30198
11324
23875
17300
1438
31997
18720
19944
17447
21263
4889
1957
23348
8033
24316
25018
8966
6141
3635
27951
2194
21971
30339
1803
6615
32696
28922
31606
11374
9902
21794
25627
21091
14182
13435
17872
4419
9475
27176
12665
3958
12577
21225
27689
11215
29974
16713
25227
13154
4215
537
27521
10646
8415
1308
7690
22139
26347
32260
15977
3933
15497
4509
1668
28057
16499
25417
19850
26543
23286
5804
21208
153
32760
6568
12318
347
21049
19084
14013
28892
3033
20104
15476
15860
20507
11365
6972
20422
19048
32626
26736
28752
16023
22210
10033
17728
28267
5268
31241
19209
30813
25107
6094
1591
5020
2880
1994
24319
19795
22316
26904
23323
11050
12394
18769
10709
22287
12740
20073
13921
14390
27437
14291
13423
7518
29431
31468
23297
23639
5958
32406
16762
2753
17349
14883
4856
13334
28567
15222
3044
12523
10129
22628
30152
882
2214
3936
5472
23876
16034
23384
16115
12893
23324
32474
1251
32104
6309
2683
13444
6462
24134
8825
5418
21417
5930
18335
7558
7533
12951
10089
4914
31625
24611
14185
18570
7610
23588
8169
27838
15937
24680
14802
8741
12006
3366
9165
20180
14141
24117
12967
23408
10280
124
16634
21568
18589
7082
8714
8326
32681
25639
15341
17424
24501
2378
3311
24330
30473
21452
8244
24598
2446
2172
13727
7327
6104
25397
8435
17257
22371
15885
9272
23917
29
14544
18785
20709
4901
29869
32555
6819
32467
14382
32072
12710
17400
3950
13245
18671
103
15494
18825
25489
692
3144
28295
28424
19259
25392
1173
22475
7780
5783
25590
19493
3110
26154
16117
8512
4298
10651
26827
3715
13042
1686
963
13085
17113
17143
23196
6626
7900
1850
26927
12119
8506
9522
22610
24072
6936
14078
28923
17698
200
10810
19113
15677
11082
2930
14591
8058
21267
9692
15538
718
10254
19270
31654
25501
10977
22605
1108
27019
11121
18640
24687
16271
4264
28836
15047
12873
19830
11401
7277
2197
10005
8029
1304
19040
12434
20368
25287
27066
8073
14552
11432
557
24112
9766
9529
8781
32406
26584
1965
21393
29485
14896
9361
21601
12423
28677
12719
14448
7261
13752
20787
25420
28117
106
5132
4404
25348
32108
31637
25129
28594
5623
15989
6983
18782
23326
21700
4694
29826
28160
3951
30621
14105
14402
16093
29174
5213
2237
11474
16680
13781
26739
28052
23152
25999
15304
19533
13153
32171
1007
22193
12015
28953
21666
19424
24774
20898
21014
29326
6880
30509
19246
6753
31062
11323
17391
19610
24694
949
1076
28664
8471
15335
32418
25561
14121
21196
9183
22179
22160
12172
30207
23394
14899
1347
28735
691
26959
21252
5878
31456
26386
9502
17352
31564
101
31645
541
32530
11273
31252
4049
4841
12517
17562
22062
14923
1694
11795
28439
12246
9321
7089
2693
1266
12829
16826
18488
25780
20365
7563
22950
32258
26132
20701
56
22776
14449
16967
15285
7051
9429
9988
15614
364
19771
23031
28925
2863
6648
9196
14296
10413
19091
22817
7274
25255
2262
28677
8179
18348
12837
30015
28174
8252
19215
242
3300
11821
20771
4415
23968
31566
24325
28172
291
31563
22209
31236
29944
1232
1630
5343
31882
26097
31415
29412
10900
6090
29830
3500
7898
21858
13250
4648
19479
6614
3371
28646
23094
18867
32291
28047
30916
2979
12991
26293
13734
5196
12830
5835
11271
26997
9465
5493
8085
24682
27260
26627
22509
23458
28500
19511
20563
2976
31498
8271
4007
14103
26511
3135
15508
20049
30488
20543
16907
19921
15403
23685
6128
13368
18426
5716
1043
3941
4849
28213
26465
25824
21387
11141
27484
31097
14185
4399
9160
15404
12965
16315
30887
22600
22884
30856
27752
13009
30634
9813
4700
22306
23411
20230
18793
5846
1279
21157
3842
24809
12653
7080
32342
5147
29579
9330
20424
20629
20205
30236
27808
3279
2364
1140
27392
29105
9681
2886
1561
16889
16258
20699
26270
20700
13500
29120
20345
19440
22995
6600
702
23625
9621
20052
29405
25314
3109
11730
5147
21567
31751
18564
25155
30545
12663
30339
28312
2970
21503
20227
2575
6802
4680
9432
24507
30792
12337
11322
5001
14156
15134
11717
14637
5069
22674
27331
14172
6655
25345
5806
27452
3007
18655
2545
8217
18810
25085
4591
12121
16971
12053
582
23730
12131
14244
27477
17050
7854
31223
6652
25343
4276
8585
17570
12345
11709
30604
2429
8765
22072
16838
8717
11283
4701
926
28650
9610
9490
21879
18112
32042
17931
17980
6040
18026
18230
31548
24921
30755
10582
569
2702
28485
25581
2491
2153
2505
25696
29610
30472
28134
2134
30236
1784
20872
5985
15980
25592
22014
32736
19084
30975
19442
23332
27804
13696
29599
31953
11451
14316
3390
4487
32029
377
19905
4290
29789
5922
3012
1535
533
13294
14529
29985
20909
28790
31363
24082
20336
929
30941
9133
997
179
13211
23004
14684
13958
29881
16125
8135
5142
13011
25739
25291
13892
30685
19194
26135
723
8212
29922
7157
29879
1332
13664
10782
32143
27116
15802
20691
8304
14735
11841
18473
10724
28684
11900
1957
10546
15904
20610
11272
3808
15818
17320
28524
5239
19200
6748
26512
20870
21664
10065
32369
8681
14761
13789
22810
16715
1707
8607
8380
16362
10108
4452
25089
13466
24877
22859
30366
20493
10300
18472
11560
13649
9995
25639
9000
15258
2193
23218
1393
32066
23376
10132
10929
22542
8327
14174
15431
17075
23464
2313
24916
7065
13836
4830
8213
21726
2790
28307
26992
8606
28534
4279
716
2162
2943
3920
16934
32566
22010
15298
20577
29712
2572
5106
26078
26541
26678
20140
13645
31950
6092
1858
30915
8452
15528
19574
21772
12983
5407
5786
1858
18541
13364
26870
4254
32073
11276
8810
21647
26322
15522
16725
23817
6135
23228
7861
14624
21839
8990
25743
10709
24229
3581
17297
4400
29107
30390
11254
22415
27182
19392
3498
15165
8963
31455
25518
15942
31969
28059
3775
9866
11767
10737
17202
17425
16127
27464
3619
29086
22907
18343
13774
903
19262
13604
31037
6339
25391
928
29476
581
2890
7857
9225
13448
17383
11232
26535
30572
25663
22805
22933
18496
17452
28495
27939
8736
13104
32152
15493
8321
24761
12345
21299
12298
6563
10282
30607
16806
32511
26316
14280
13271
6675
8666
15871
26189
29089
5021
12201
11191
1133
7008
7221
3545
19705
16932
16110
6110
12947
30613
6178
6896
2961
6972
8580
8455
5340
9717
8655
510
683
1956
25516
20204
3729
3364
21462
1969
9914
25216
19068
20175
8818
1382
999
3964
8166
15320
3164
18933
28463
25381
9028
31252
11916
11032
22922
19493
31727
4463
28485
5110
24508
12686
13463
14893
21709
15477
29140
5086
4537
11504
6887
22621
30550
3085
20978
10577
18556
22995
32053
24842
3852
28209
29745
6933
21041
26165
2061
11021
486
29055
27448
30131
15289
5108
15440
24641
19662
12215
14403
18940
5414
27477
22452
17417
12321
18495
23456
31617
1602
32126
3393
2504
11315
27298
13618
7962
13065
14075
3541
15206
19912
28940
13554
26976
28714
16957
24736
12242
19100
2768
23401
11570
18314
31254
2985
4474
28124
30435
2615
27188
19649
27711
3143
29908
21675
20062
9359
27467
16795
27603
8105
32473
31390
24320
32697
29987
2711
13265
23375
7045
5696
5546
9103
1193
29548
6557
5519
17497
17807
30945
23296
7569
17279
20351
7697
22233
2684
13135
5264
10449
8815
14115
18002
31502
5999
11842
4822
25380
19593
17432
14885
6660
27585
15403
27900
23433
5972
28241
10285
25677
16448
21281
24387
449
17926
13479
14949
26749
17327
22364
27517
17620
11789
12116
24217
14764
10051
30138
18833
16780
11144
12922
24298
9719
31527
3645
10234
249
26058
154
19021
31999
23289
11914
15432
18156
25566
3357
11532
26216
27211
7276
9117
28795
28926
20175
6468
18524
8483
28752
4913
25219
20762
8799
32613
15877
26747
16327
22735
2081
17751
15584
22197
7702
1729
22534
11094
24888
24717
11851
5582
4419
23640
2153
19257
8431
11209
29691
31515
14533
28693
31980
29440
23600
6857
6959
9567
25815
19396
10416
6084
18474
20610
29579
31790
23355
10401
16509
31158
2256
13213
20887
26738
11702
27615
17722
1177
3928
21238
24895
23784
8336
29476
7798
68
2236
6684
2130
11936
8469
12554
17634
4385
23612
21972
22787
15744
19478
6559
31957
2225
14810
2198
5227
27842
1128
24294
8391
1541
14557
3853
15621
27505
6500
32085
31702
26182
1615
5275
14640
19696
32102
6229
13380
1326
9086
22484
1457
29043
3150
9926
17911
19853
13439
16126
30766
16004
25090
28536
3320
6597
24230
15511
4532
10111
16618
21938
24564
25678
14095
975
24881
1559
2162
30126
15038
18483
16665
3338
30203
17103
15244
4379
30923
20882
31974
27231
25160
19841
5931
19354
8117
7712
1500
27676
19891
26074
14537
14146
14776
19875
16679
5439
6078
13276
21730
12572
16440
17015
7221
24574
2634
12379
32119
3496
5689
12810
23352
21056
7201
23937
30860
5462
4838
1376
30631
25122
17260
20298
9898
20749
7179
2447
3773
10868
22589
1032
31070
9896
20634
28739
24568
28473
1799
3296
31160
17780
17194
8251
23452
29226
21281
1612
24269
25267
17523
21963
16686
5939
10566
24727
13365
17948
15827
4952
19962
22772
536
30819
4237
9817
7116
25055
31629
3394
5272
32550
23542
21895
18564
24942
20027
31140
6320
13225
9877
15802
13892
10666
13210
14294
6569
27272
3857
11638
31226
31303
28933
27209
22709
26293
14616
29751
30135
15251
8730
16545
16231
501
21466
20202
4913
20204
18236
19510
25142
9569
12428
9329
3649
12100
25618
9364
4861
4583
26855
4643
20326
24996
11783
23546
894
30918
5542
18506
22081
13735
19144
17375
30682
25621
5388
13988
13335
22010
7880
360
2331
28476
24923
2274
5715
10467
11199
29171
30635
20346
30558
29484
24833
183
32551
24464
3545
11358
19680
20123
22867
7266
12478
1411
4699
18509
22323
1469
24608
30691
28935
25795
19143
30978
8618
20757
15456
27853
10185
26749
3609
28682
29727
17304
30129
8903
8846
23186
26416
21316
2414
10033
16086
20493
21285
10261
18257
9575
22007
10558
28723
18925
7712
30158
18594
32379
24096
22288
4689
25931
14679
1210
176
5214
7377
27247
30816
10014
6755
26248
25322
4929
31223
26132
27312
17648
29988
541
13092
17961
20738
558
24887
30050
19004
26641
2069
3951
1894
26845
19983
4261
1425
30513
24024
12608
13085
17082
30709
258
11471
20731
14447
26141
20771
4941
25803
851
7652
7716
22075
18780
3065
26005
21526
14216
23938
8981
29318
4005
4644
18564
18817
291
30112
9322
6138
3958
31915
7040
10072
14268
25594
7026
807
6560
17820
10979
22797
10110
6284
15025
5376
8648
20103
7291
3511
25000
1051
16993
21854
14054
30465
11275
654
23821
13996
9453
1404
19401
17186
14281
23921
26260
3595
31605
17018
20369
4615
7390
5984
25016
29765
19021
14298
5684
25682
25577
30466
22793
11822
5502
25094
4346
12965
15740
6944
24234
14812
17731
24776
22273
21547
20125
5416
15569
15658
23180
22992
32186
29967
19783
5035
30283
1079
29567
27441
16745
7426
27878
7391
5877
4068
8178
11748
32169
17849
6878
22814
21571
13401
1523
18500
30182
365
2821
28005
32189
18305
22080
4241
28129
12634
5157
26070
15741
24457
4303
16238
4656
19520
23675
12342
10418
8549
6471
12898
12475
13541
22074
9839
8224
8011
7045
15962
16703
8337
3080
10512
158
18229
16408
4645
15823
3472
15744
18888
9111
24932
12485
10487
19279
18868
19375
1519
12169
7896
27908
19687
12791
2256
30103
4349
14473
14297
28289
10609
9686
2878
25775
12049
12477
6769
7581
28148
24396
21594
2400
8043
10464
10479
5610
53
910
28933
18314
5874
24770
2149
15026
16090
23846
20003
29437
19119
10182
32555
7024
21488
25713
7965
7169
2640
3426
25435
10325
5991
6176
21600
11214
27302
24994
6483
14021
400
9655
8667
20756
39
1445
8758
21976
11685
25104
5509
15477
10605
3102
14954
29402
27713
4569
15829
11526
27061
10709
2075
19914
26084
530
24649
19665
21345
30243
22967
15839
19825
28816
16352
23894
631
31610
29808
17918
8879
17533
29599
13317
10015
6107
29374
31045
1227
5846
19727
1734
8233
11613
13018
12164
5332
2795
20157
2162
9604
8877
21828
2494
26686
30435
12986
21847
712
13192
19262
18093
2912
23605
281
12216
25005
4419
30030
26427
5110
12336
13939
3146
9362
21315
20928
8970
17312
29811
31334
28344
20728
14214
15137
11500
14945
8054
26129
5663
2564
13080
14022
18283
14624
21759
23194
31123
6912
21151
21315
10563
29738
28334
26536
5273
4570
27344
5876
12771
30126
21618
16873
939
27043
6390
32376
28145
4160
9489
18830
28855
17681
4978
2864
27587
24919
11941
8394
20384
14590
18998
25028
24550
25551
14105
21079
27323
9959
22345
30879
6554
4712
5296
2033
16211
10094
16199
22126
18259
6725
5758
20696
10790
1241
478
24741
2874
7533
15597
30802
25574
17808
31314
14842
24490
1357
16953
27687
19897
18083
4089
12520
19380
25909
29428
13092
3513
26177
14015
15917
26524
27862
22148
29592
31604
15938
16292
4941
12634
27338
10144
2522
23661
28319
31033
14605
12570
24333
7382
11969
28826
30708
8231
15864
28091
7548
264
11818
20196
9733
8104
29917
12627
93
7146
11638
4522
2614
8715
17231
7594
10967
27270
521
21310
1553
28980
36
4283
23413
10168
6092
31334
26052
10010
25078
22839
20135
9394
26540
22236
2720
11848
32165
15105
12609
29049
32281
3535
9628
4700
21715
17330
8954
21862
4488
22112
464
8331
29799
28439
18670
6054
10481
1573
24314
22555
8971
7086
28701
6075
21074
28074
23548
10984
8110
20269
16362
13817
26922
1259
29019
3552
28675
19195
31900
3081
27902
26587
31682
22918
16127
28853
23009
30058
26584
8928
22142
31346
19295
30378
23878
26603
25795
20309
1536
29135
26144
27743
20672
7218
30288
7
29277
9692
261
3852
17702
1592
19732
32184
12753
621
19732
28189
9396
7626
24104
21407
25400
26983
26905
24498
21898
30473
6568
11237
6291
29511
8226
17696
27691
10987
12596
31785
20873
32667
14337
8045
28158
4025
28274
510
1508
5511
20429
29656
9169
16783
6538
3944
16400
5186
20066
79
31825
31455
28584
10083
18335
13206
24796
16374
32403
15598
10622
27228
23495
21604
2336
16295
19598
18516
4543
21173
32226
8477
15443
17005
13726
25985
11173
16709
19438
32330
4449
13831
22787
32051
26988
22998
27403
19205
32631
30572
22624
257
29397
12197
511
29054
11401
26433
6717
9171
31652
16869
17333
18295
19406
20068
7301
25191
10786
18493
2490
16072
3135
4709
22280
23502
3483
20294
32447
26076
5915
14855
11770
31213
9441
9486
22809
14386
7782
16835
29810
27132
29896
5527
9540
16093
31589
16454
32492
25866
11944
30552
8284
260
23843
23278
17864
18552
26334
1979
8866
17507
1775
2641
6089
32377
23371
6046
6654
7624
7900
11958
23703
13977
18900
2003
5239
20887
3136
29849
26429
28211
22240
5535
23228
1094
26166
2348
22700
18680
989
30526
6814
15074
29212
7889
4662
14703
13755
18525
8596
11144
12821
16801
14355
31088
19311
18079
10038
24044
904
31720
17375
21160
17521
24089
10178
7126
19871
19110
10010
14104
30527
1494
20122
12704
16329
25103
32167
10645
22488
27732
28868
32441
8249
16908
20558
30282
20034
29701
5993
22054
10853
6840
26426
15154
7429
32719
6743
12027
32135
228
11387
16542
22445
3980
19071
9446
6943
29332
7813
8629
26955
11402
11383
18597
30063
11135
21168
17646
10996
9740
17144
16523
3582
18835
1974
9368
2625
7623
26977
14591
9238
16751
18488
26451
16334
25703
15923
9468
29510
8935
7481
18581
5563
9735
7571
20114
480
11651
20641
20774
15918
26300
11211
14180
32636
13568
16315
24484
14799
20235
28617
18728
13171
21966
15799
255
20043
18543
32159
22058
31589
31120
1577
6398
3281
27092
12545
27081
22964
11167
16265
23224
26776
13342
30667
26872
5126
15752
3505
4380
23895
7843
11384
703
25031
15241
13410
14186
9675
29612
171
28856
10917
12568
18879
25015
565
31992
30634
1938
21778
15708
30928
30061
3801
57
28894
6033
9413
30641
21504
12745
10880
2965
16981
7435
10553
9257
14240
2139
27895
4647
25408
16621
15405
14342
15458
17802
11662
22651
9845
10548
4130
11841
14814
2317
6554
12566
1261
6517
20193
11270
22800
3699
23283
2283
30791
25430
18418
30005
14040
17820
20087
17383
25924
10002
12070
12514
5753
15165
19077
26982
5705
25593
27406
32214
9243
20832
30082
8379
17889
22765
29569
22284
18250
18401
11352
32173
14648
13542
16410
18485
1396
5363
30962
7412
27297
5999
18103
29237
29806
3481
6337
4288
17424
24871
2555
24483
15600
24109
4922
7474
27040
21569
14285
10573
11540
21213
24662
17633
5135
1285
22488
27313
23259
28713
7952
9559
31549
6732
2569
1669
22184
23398
23531
9105
20657
24071
21779
15153
28099
4926
26473
26755
18964
7609
1262
1872
31959
30765
15509
11665
15284
23289
6484
24114
21109
9478
30586
22807
17154
19441
17475
11357
8591
5996
23466
27362
276
11233
30846
11271
1021
10329
27320
14516
25891
23453
2060
2461
3324
21658
2750
31428
1806
21002
21175
22591
27562
21841
15576
10300
4566
23717
1166
22082
7563
2162
25511
9146
15905
12285
25700
429
12551
10567
6607
14287
23735
18484
12878
31933
6121
22764
6265
25475
28935
6530
5673
16993
2530
30420
11729
30415
23459
4274
7698
10942
30468
18754
17289
32545
5312
25506
19692
16300
2631
30160
30037
987
30391
12743
14557
24887
15368
18923
14189
4821
6278
29863
14801
14879
29829
21333
3342
7382
14416
16478
10230
1112
15970
18594
20217
8735
13785
21530
10814
7563
2343
16827
499
12001
7435
31390
5345
27539
31680
16479
15683
10178
16500
15043
22488
4353
22267
2205
8503
26204
25541
22514
32099
29081
26637
18779
23967
9661
30292
8875
14467
1746
2830
5330
18512
16104
23963
6401
897
1114
15736
10511
930
13650
20407
22300
20069
19599
16556
2164
13555
4966
15850
22453
15744
13575
19566
25141
19234
5890
20249
1182
30691
6922
20836
19163
21781
11768
27215
5944
1509
18451
19354
17604
26675
17038
20792
18682
16289
9810
9473
6305
5866
22526
19111
21489
19318
17708
10219
32247
30507
30455
23824
17211
11397
11706
400
5023
14569
27161
6415
5002
24886
1862
21645
10310
19614
19069
29663
9127
4532
3025
23392
21230
6597
23595
12772
29932
20076
19600
6893
23403
17761
15010
24866
15305
24210
18026
9468
29414
2165
21844
25539
16449
7836
18043
27321
15453
5770
15399
2709
3690
28357
7828
7986
9505
5164
15350
16265
30448
12683
10681
10717
3415
7533
19213
16437
24466
23089
8354
10511
16504
23648
17840
26707
25507
2878
15931
1158
15825
12191
31381
3136
17546
17660
13348
4064
20739
24774
1893
25470
10819
9210
28465
15649
31364
27382
1344
818
13276
12171
11243
24369
10268
20819
1334
26791
22521
14405
23309
31836
15721
1414
23758
5065
5456
18050
22024
12496
27740
24124
17027
12715
29485
6370
25472
8483
23994
7589
14913
22274
20976
13000
3020
31946
10652
2038
20973
19111
2954
31448
15738
4259
8174
2535
11738
24601
25604
27007
16840
26988
24820
28469
25941
25080
18936
18283
300
1609
17856
10530
12058
3211
26390
31759
6094
6978
6334
9456
24029
6204
160
27680
14857
25539
7721
12905
11458
21527
10222
26650
26861
1307
27794
31322
23525
20558
15082
10940
30399
253
5472
1300
7379
6327
13461
26504
23415
14338
7499
20714
20238
32588
19841
26949
22850
31780
17631
30901
3213
30378
27733
16508
28926
13124
8448
27219
1594
31891
26189
510
9921
2470
864
11555
12402
5229
4023
5468
5714
13424
13066
14475
16265
20928
7286
4974
22445
17454
29915
23155
29763
29372
20611
13517
13187
1873
25604
11719
14428
2737
103
20568
10168
31915
6793
8440
2817
15509
25026
27059
15332
22005
10693
3196
15701
1409
11207
20419
9683
2634
25316
22858
32493
5940
1982
19252
15877
30889
28519
14175
14932
17038
20865
23795
17454
6774
14755
25659
16775
29206
10239
3252
29623
17914
9538
356
19066
13430
19900
18285
26683
222
6081
31458
15250
22265
22863
19929
21003
25268
20720
32194
18473
4116
13794
13047
31402
1902
4982
32404
23821
14810
29622
27272
6482
4581
7498
20460
23809
7302
26781
26516
30573
15956
28731
18660
11578
18677
8318
19173
25885
1242
27241
31640
4579
809
7636
8587
32181
19451
11977
31657
23194
15560
27183
13142
15421
11039
23973
13500
24305
8091
30385
24927
24562
15634
7450
20728
19181
10255
19602
5248
8387
643
29080
12171
15243
20407
3485
15319
13270
21637
26214
27429
11062
18376
17585
23367
8193
26385
1563
28795
11858
17308
1601
10743
25169
23426
8998
9413
32692
21295
24789
16593
25222
25367
28743
7233
23847
19877
7558
22788
14229
29044
26899
24750
13289
19394
20613
6787
15397
32546
2676
18385
7468
12912
14741
31364
29458
23562
23334
23028
10902
19773
29837
10753
15341
4606
17468
18530
706
30939
31191
5178
22394
22321
14745
29676
19900
23966
28404
27953
15409
4281
12919
872
29064
14849
18165
20525
15038
25876
29156
2604
7836
15650
13059
28215
29313
24224
8000
16023
11361
28993
25304
19616
5646
7714
11968
16521
17846
13892
5444
4986
32685
7488
6638
28645
25965
19510
30889
27674
5596
263
26662
21270
8909
28100
23423
28572
32712
31846
1818
3464
19982
31423
11473
9567
10712
17072
29519
26154
23776
12957
19645
4485
6690
2590
12447
24051
9956
32503
11512
21364
5364
7755
4789
22106
29233
19980
16712
21592
4428
694
21908
18396
20432
32061
16393
1438
32096
9539
1552
2169
18496
21391
12969
12155
21272
8379
14930
8760
22516
3116
22060
20323
31886
3912
6745
14751
15312
28898
19368
1682
2197
27897
14452
1083
3504
1187
6345
6278
12079
2628
14793
20254
12513
15875
30798
31107
9749
3711
20177
5468
3749
20925
31371
27918
17715
2662
31705
9869
8883
3375
30181
13427
31529
6808
12675
23887
22452
16601
18265
19775
4556
6681
13635
26049
13256
15074
25334
16326
17059
25810
23011
5128
21759
20883
13406
32158
7018
10765
2047
19149
15841
32217
20296
20514
12946
20217
5769
29117
29158
1479
28673
22256
11199
24876
29510
31753
25087
14098
19431
5739
3145
6428
6991
32484
10507
12692
12780
5690
24508
27813
25489
22535
6242
16842
31513
4039
11352
12678
4430
25648
5198
19286
19209
11458
14225
20452
17050
17822
16525
17277
8297
21915
6800
1221
9950
14999
31952
15273
13695
4107
9904
13462
1880
994
12607
31720
12448
28044
6657
19878
8089
23374
27379
11628
9400
2524
9161
15016
17926
31273
18554
5385
25030
6526
14590
25909
25688
12234
13910
23995
5469
2105
14542
18504
16412
2055
31615
29469
15141
10135
24855
4800
4915
447
5597
27634
23895
28006
4847
23010
29779
21842
26318
1184
9540
16955
26397
23508
3973
19236
12198
10672
15311
24555
4766
21027
11941
8734
24106
4688
31215
16400
6946
21566
4581
1580
10516
27345
26926
6794
23436
18937
6217
5824
31890
3881
5165
29691
22645
28171
14380
32078
14023
21874
10013
15433
25769
24720
18362
5070
13385
26729
24647
32032
5544
18823
5493
6973
11425
12783
20613
6254
2087
2901
20656
540
24270
21900
27591
5861
29836
1344
16919
15087
3521
15079
27023
1660
4982
26101
21541
8895
19682
10319
30069
26863
21043
3587
27563
30617
7307
27958
12196
12858
22344
606
4176
24333
22152
7345
32091
22306
22252
28380
25868
31920
27293
22521
10605
27564
14221
14523
28844
6298
27392
10476
21697
20900
1610
8474
13905
21993
26842
27789
14034
30487
15223
30588
7665
31036
8394
19840
11824
9433
20253
23624
11476
16185
30562
20111
8446
23808
7543
4939
3608
17159
17832
25895
11634
18791
7030
26164
27437
29908
30102
9179
10841
14893
23357
5911
5210
8272
28315
29921
30608
13363
24741
25323
31031
817
21016
25744
7819
4001
17851
5131
28976
29613
2020
31720
17106
9826
12093
9401
21513
5891
6856
11018
25215
4771
4385
29079
25172
10226
25860
17340
26305
32088
17166
31788
32252
19776
3272
998
1116
31927
25825
15717
12990
53
20667
12311
27687
698
4906
2065
3755
797
9336
15873
19341
23457
27564
31588
19111
26570
7435
3833
7436
15471
25056
1397
17133
9743
11641
14968
18617
24937
25458
30144
16264
16966
13110
26781
5306
15514
19650
8100
3291
971
21164
15528
26058
13393
11620
3302
25627
15231
9147
20352
20409
29088
23713
16429
9168
6726
11827
14894
30186
16095
24053
1924
22616
6025
13915
12384
15315
30248
5519
24283
5219
26549
22894
10983
17792
32729
19667
25221
6519
698
31257
8761
18448
24853
1755
20923
20590
14989
31998
22768
10806
23106
9458
8472
4596
24998
21812
13897
29882
5516
23320
7452
16138
386
24773
12454
4853
25953
29825
7338
10629
8482
5423
18444
25433
4851
26645
17289
19599
7050
31715
4262
6119
15546
15601
21734
21796
1604
32457
19776
26294
17647
16101
5584
31383
10203
1210
6605
2675
20498
757
16315
9995
32352
24068
9698
4827
21349
15320
766
28666
21992
233
32568
1347
13166
24187
6485
24242
28427
5664
27694
19728
29305
5759
26720
2259
13671
21843
22084
31808
28435
2743
13346
30930
1563
12704
17569
23519
12945
29099
24962
26233
1613
22041
26254
19603
20359
30231
18637
16228
2469
29251
11769
30481
20561
27501
6194
32646
2255
22170
31219
19620
13709
21071
17989
22946
10236
24844
20787
22445
1183
11542
5245
12242
19810
14713
11409
23582
26156
9294
8630
23556
18359
24122
20875
18430
21664
31543
3248
18551
1210
151
15555
29673
23208
21574
9870
22595
22443
12623
7294
13197
25016
17825
13655
8142
20430
23828
23335
13870
4230
15783
18041
27992
7916
6411
14794
14114
14733
14182
4417
8560
4049
16209
31386
32341
22923
16162
26980
22396
3279
23409
7020
12487
9732
18133
16761
24117
13881
26351
8249
28937
11197
19114
15740
41
2281
21952
28064
20420
32065
17793
21836
7223
5308
29392
13154
3122
29023
30062
1838
3606
17168
3195
26340
9378
29098
28729
6729
26319
11597
28948
19888
14072
22776
2015
28968
30014
857
15201
6132
12587
25059
32528
27707
7830
546
28444
2817
20934
9547
3503
23638
1754
31256
25972
15309
30823
10450
13654
1328
2404
26031
2442
22898
17987
32095
26063
12261
353
4066
25844
1965
3744
28060
29083
19829
25170
19115
31806
18785
5978
15480
21103
10563
8333
13708
31588
31505
10591
29606
15794
11159
27067
5130
12889
23913
28978
16923
2305
11292
11608
13356
24963
12213
12139
27284
24235
21602
30006
25856
22077
23144
14645
16910
16949
4701
3578
32023
22355
10647
18639
15947
25815
6884
32669
28932
24970
6011
7693
5204
18941
31795
21996
31200
13333
9971
28372
26354
15303
16490
14601
19401
11553
19968
10145
1332
3978
8204
21992
23647
30282
28743
31746
14572
14925
17537
5842
14661
291
27026
18203
9521
13644
6804
11237
28326
21427
10319
15395
13535
12920
13557
25490
32173
9458
22544
26340
6418
8437
16056
21278
25356
18768
7177
31807
22447
410
32212
20258
11638
28463
22933
31397
27099
2933
26021
13323
9253
11108
4785
6815
27266
8261
14699
32410
32085
21945
20607
3911
21713
4350
16073
13413
9415
13678
7621
5837
21180
12872
71
7253
4671
32179
4460
23283
7034
16640
8144
18214
12294
6704
26881
8593
25092
5814
14644
26601
20841
19326
13111
19730
21401
11821
21671
31877
14648
5035
2659
11509
9788
30687
26944
17970
12359
29369
24319
7757
14133
32374
28540
4605
11248
29471
21031
31809
14732
23379
952
20807
1168
1607
8223
24717
29841
31499
6330
582
15366
12559
6859
13311
4695
12773
14889
26754
21559
2120
13366
3835
32308
8286
24336
5465
13708
32058
6412
27127
21315
26533
19552
16508
9586
31262
23327
7680
23266
11807
1899
28784
19673
20130
11238
13619
6964
29668
22633
29453
20150
27753
9977
2884
30112
14144
23798
9730
28290
29576
11414
15867
21840
26931
10898
3919
18104
3850
19487
28082
28083
12785
288
17866
3931
8557
16026
19928
2300
1379
3432
10651
29805
16675
28976
1394
26273
1956
15253
27840
31865
1297
8110
24468
10716
16773
6583
27530
32522
8468
32519
19436
22573
9482
19010
21789
11058
21111
30672
12088
26582
25067
1678
9204
7684
7294
28867
971
24158
2579
12629
26203
2330
21726
10557
18956
32527
1572
31032
22259
26895
66
9151
18678
2424
23025
2874
17713
19462
32456
8305
7833
2027
14595
21827
19935
10274
2178
10138
8344
11776
27413
22686
25498
16908
31222
9257
3241
18192
151
3195
10067
9072
28830
3632
2328
13499
22318
20591
4302
8576
14185
9571
30020
32099
28211
28399
26406
29551
824
15261
2592
27310
2864
12248
2374
22775
32610
3932
19124
14344
11878
31466
1649
20693
10800
13888
17562
20767
22346
2632
1724
24391
353
6032
8321
8293
6403
11514
911
25749
32423
30389
685
28049
32494
6507
20519
901
25640
3516
15220
19486
16666
20460
29207
6116
22783
14296
18371
6603
18636
3375
18882
15620
21944
11230
8600
3353
1276
19660
2787
25657
24791
18120
24709
21457
3798
23488
1285
31580
6994
26163
10803
16763
7738
31464
15371
9032
7443
21217
29404
3559
20028
4491
20650
30303
8567
15159
3536
9128
12709
28621
14569
24326
977
15807
3569
32405
14192
8509
18600
32292
3047
936
30263
6726
24398
20296
2582
8615
2676
27457
14893
28829
15907
13251
26170
19199
17829
17026
3698
2106
21126
7014
7531
17825
13724
4483
2361
4869
10565
30795
4056
19846
4336
29954
4810
7336
20959
1139
22016
17834
10539
2274
9726
18707
8968
29761
10555
32397
5962
25255
24774
8950
20264
14589
7215
3253
14400
7163
25765
31306
18652
21331
9052
12073
31092
27947
1842
21193
30580
13777
28049
17912
30014
22442
21143
25201
15219
14188
3188
22704
24431
24717
22036
8197
17170
5628
27903
11496
16838
23310
18045
24972
11965
2235
8189
27831
2171
17162
28343
2768
1429
25290
29329
23866
24248
10115
28735
19424
31212
17836
22191
9489
23322
9502
21412
28559
32204
25545
7073
8930
31797
28838
26888
14834
10097
21228
30339
21461
29966
29063
30883
22246
26058
28358
23239
18967
18846
27732
17216
22664
1276
19305
8882
13144
15190
15681
21181
17851
735
14286
2013
28492
1429
8874
6799
14501
13183
20559
27574
13869
27187
6026
26684
3378
13724
8493
28668
20280
3578
15877
9184
8080
14122
22795
24390
22316
9512
23006
24745
6833
2514
2929
25981
5838
28655
23297
15706
22221
1903
843
6237
26983
1780
30715
5324
18397
18066
9575
20472
13124
30675
22653
32360
31776
7935
25338
20275
26677
12698
20446
7854
10906
32301
15388
15431
8719
16714
10133
18353
20880
3018
21063
26946
18219
24153
31170
27033
25870
7733
2780
27779
16612
18226
7078
21280
3426
32514
16799
2369
16924
28083
6183
16917
30110
32633
2870
26629
7608
29614
14925
17372
10777
23831
1965
7979
11551
30569
10184
26092
1774
30219
17653
2917
18112
12318
2919
13903
13948
19899
12640
30776
17545
23163
20386
5158
16356
24893
7719
6269
6768
29987
26897
20514
9614
19422
20964
20193
31982
19756
12531
7436
5029
15262
11032
18021
6015
23199
20392
20542
7830
13746
21158
23263
21283
27899
14135
29224
4501
11009
32342
20856
11488
10162
11721
7885
19736
23720
17236
24876
7230
20138
26668
13891
13658
4214
30894
2893
2505
25277
13393
23862
12505
5488
10714
17407
21907
3642
13263
19813
14040
6222
6445
27325
28080
24930
9821
30243
28126
18427
21093
4819
29880
24300
17500
27863
23093
18969
19744
7139
30792
22657
10571
11645
7276
32636
8034
6752
14208
6976
20048
11043
16342
6314
16403
4118
31111
27708
5302
12397
6409
31330
22911
29856
29699
21753
24681
4113
13407
29201
11220
3568
16801
16370
17020
9563
21624
14942
32680
6346
26771
25878
13220
9387
182
20384
10352
16713
28941
1606
24250
15346
9152
5218
5898
27481
3015
31705
31549
825
14848
17894
31796
19259
18559
4377
14285
15642
4133
16543
31506
19973
23668
12483
13489
26437
4513
5301
27565
21023
30955
24970
3666
6908
10028
27269
11630
12231
12718
4757
30654
15767
9535
14110
2471
4494
29576
14332
25894
257
19098
16582
9738
7384
2762
14159
18017
13368
20159
29555
1840
27232
14793
9232
20839
25553
116
1362
8979
20146
24414
19508
23766
19058
29765
27459
916
29359
11620
5285
19056
4439
17152
7515
30967
15373
28478
9667
410
24782
22583
11105
23650
1492
24654
26590
31199
16570
20674
8529
25186
10466
4735
20414
21868
18708
26938
15324
32101
21607
25788
31516
2961
8805
31870
27878
20545
13930
2423
7462
9030
22093
4658
12295
12459
29762
7459
15102
32164
28671
32059
12043
14785
29470
19642
14396
12391
27843
2629
13938
28289
28798
3128
13159
28787
31859
15933
31216
27727
27320
23838
12928
3148
4606
9431
10478
11636
22900
9456
8056
30364
17384
12041
21255
23449
13871
5047
5301
24753
31944
8590
7308
12880
21692
6783
31120
25852
31688
4965
17152
29067
3006
29146
28378
16788
9513
31823
29085
24611
11568
12380
2898
8881
8893
21332
26061
24147
20190
28957
26673
32049
21611
15678
25522
2106
25321
2618
32159
30998
4270
19229
31391
26716
8262
21332
20283
27654
13590
18625
6556
14882
15167
31759
26774
25546
1733
6979
29670
15445
28145
29332
10680
16591
25331
12157
13677
5031
20684
23056
25498
24744
16235
30861
1876
15658
790
4403
17579
22666
31500
32342
25716
4311
9065
18610
5452
16334
32329
31743
15833
21513
6192
10694
17491
2675
11178
3698
28483
23551
10286
3242
17291
29594
8264
29406
935
16478
25336
16160
13362
30728
17493
21814
18860
7596
22901
23277
25466
24743
11153
11952
14382
26582
9829
11352
5897
23813
17878
13382
8894
19626
18135
10415
10617
11732
24461
21816
15904
9822
17073
29891
30425
24424
29239
18824
29900
32263
9517
31591
6442
5180
17637
12412
2926
7715
17750
5109
29923
24429
23744
16160
5478
13584
24207
14536
5485
12093
15746
32450
14664
1939
30988
19907
22951
18322
31227
7029
17757
13138
8791
30409
28771
19573
5261
17038
5152
346
30156
32323
9447
23699
12208
4393
16578
18586
29982
19357
31598
15295
3695
4773
11174
24677
12496
27081
7589
3438
25832
20260
20198
8948
16572
7610
5934
7994
30928
27148
25292
32738
3215
3306
25119
17248
4589
20617
21082
7854
25675
29653
17284
15169
15003
30728
32707
4413
26820
27772
30681
12773
20552
11453
22767
5717
17444
17635
12178
18035
25592
28703
15355
27683
12903
26003
23443
9914
27329
26471
11190
12982
23007
18457
18871
14764
15951
23060
21541
24193
29618
32133
4429
23005
28001
16490
24320
15069
17495
17643
20375
8200
23627
25070
6195
31877
25628
12774
13386
15755
13682
1003
25183
25624
22435
25360
24080
26342
10707
10225
31574
28827
30816
18571
1801
20031
381
23121
4258
8692
11548
31356
325
11745
31762
4258
9215
19312
29301
8074
844
25273
329
6207
16348
30270
13148
25443
17558
5848
8559
5318
31710
21489
29078
32055
27155
31732
26082
3738
20828
16642
15932
17979
17061
5607
29076
4450
16356
22348
572
24616
21409
5421
29070
23176
16821
4238
5845
27577
13650
16746
23915
6075
4163
30957
11806
20273
16245
29667
2008
13678
14519
29039
2944
3282
1470
8704
32539
15703
108
641
3127
10599
9298
30672
15753
17649
6515
15986
32725
8891
23626
645
10766
27642
9999
13301
20671
30240
55
27379
26793
27381
4666
28835
31917
14057
12440
16405
31469
12712
11806
4983
23855
13552
26725
20873
12418
5535
11421
28497
16419
13073
22920
6671
26529
4264
25289
15731
20544
11692
6495
14862
7579
3926
23917
24583
19854
12583
7484
527
20307
20350
17794
13462
5611
16490
1765
3391
10688
20157
5307
30354
32136
19298
16660
27634
2668
18672
6650
12750
30570
13694
27639
24091
20472
18106
19928
17665
3562
27701
6577
7636
31381
15361
30497
29767
11061
3454
23255
14812
7308
13937
8021
2975
12748
7766
6900
20
6839
7160
22313
4462
25861
20798
19718
30721
15622
31048
19204
2298
8584
23738
26623
27982
3835
24664
10114
17648
26067
25044
13125
2631
4142
22243
19956
18911
10935
25238
25394
607
13514
21736
22750
16571
3033
18580
1429
19626
13838
21289
28792
31067
16433
31583
15919
28259
13005
27052
28462
31995
25230
1811
21302
21864
8174
32317
22047
12474
2576
21194
2518
17081
2284
745
4514
2077
12973
26406
21163
17661
8279
17540
3516
18314
30125
17612
17992
17149
8274
18724
6827
22222
4654
19171
29107
5671
31507
16036
8543
9112
17825
11674
29414
13580
23399
31011
10235
5116
29770
31903
25936
28130
29995
386
9817
2289
8644
14760
7762
12547
9683
13289
10883
28883
14715
32494
14787
27500
25831
28226
19771
27105
10032
13740
30316
28991
1153
20157
30324
29888
16249
23717
25228
30785
16848
587
29142
14070
30782
24220
22614
8797
9624
8994
21309
19824
28989
30937
19054
6175
13488
10047
11067
12029
19590
12715
24687
13114
28803
24287
2962
7889
22272
24288
25448
14594
10127
774
23483
12035
226
15439
31322
9459
5609
21496
32098
21263
9787
4687
14012
808
21943
18371
16615
597
10091
27709
28920
23269
8117
18611
10719
27287
20903
24314
29931
10510
23472
987
913
12927
6009
24426
32361
27309
270
18323
17785
19479
6462
10486
1462
14191
18244
29173
18376
22351
32167
13322
23566
27688
9822
28510
18402
5243
6712
15512
6174
25931
10107
18675
15582
26322
27595
22676
21128
18803
1358
17178
31754
26352
24334
7798
12899
25565
7327
3069
11621
1364
26881
23483
18873
3819
11463
31243
4131
15587
28537
23397
16903
11938
26680
23158
3885
21859
416
15478
22721
15149
21747
20406
9630
13825
24691
22648
11212
23384
32015
16388
4934
18381
22338
14840
22017
3862
28473
21472
24875
26680
25652
8966
23472
27131
3886
1164
13827
27548
12480
9143
26395
24003
13891
14990
31420
12212
23093
16548
21751
5321
9181
31794
20212
15904
2610
10600
4335
23697
15866
11269
19841
32483
24367
32550
16929
8255
8614
22363
8426
31460
9459
11008
18335
29469
903
5323
26604
11888
23835
17569
1262
11033
24658
29358
27126
27575
6041
2228
32394
2884
32082
30115
7085
19786
6963
24427
18017
32340
14568
9998
29545
14499
24064
29433
14419
24867
11014
13204
3510
28830
19950
22040
1721
23854
5556
6561
8660
14328
26943
14980
5851
21271
9611
26594
17976
983
9991
14205
11639
21796
572
3019
1289
15938
12208
8265
27457
12734
12042
12306
16547
6308
25974
27312
6494
3570
15179
11058
26647
28237
15596
9598
17896
4083
17132
32233
31657
14065
25973
32517
12398
6550
16106
25018
24912
2343
16843
23449
1649
4820
9689
26476
2362
11499
12411
31762
28647
17484
23649
9610
25158
15901
9319
13389
27579
16830
30140
30433
7816
24319
3395
12715
31819
25745
17465
18693
18376
31419
4121
20880
9193
22094
14780
31435
9219
6107
4037
2021
12635
11043
6204
19152
27113
15055
1401
21911
23644
3170
29252
22001
17758
22635
10554
20246
12824
29439
31603
9681
11257
22630
27233
13015
20915
29205
10491
20311
391
10204
14363
4050
30915
4449
8741
8493
3209
23501
6634
31749
24529
14277
204
25154
15025
25500
6178
23279
26333
9671
25054
8265
13674
19345
29805
13333
4567
16
17886
3639
17997
3927
12871
6529
21798
27117
16740
29385
2989
31870
28546
7742
12836
12241
32155
9980
32012
9466
3267
23773
9120
465
2242
9362
16291
24994
9731
3571
23131
15910
30381
9364
19166
25778
23311
11929
18828
19375
20801
19915
23773
23626
26632
14059
861
1132
22779
29510
16116
9453
3556
24713
25963
12293
5481
25303
23084
3075
19180
32025
5449
3649
13743
17301
7104
8791
25404
23747
19710
29071
16644
1115
10657
7833
14662
17587
30594
27008
5938
23112
26355
20445
30287
30106
7493
32075
16666
20286
18574
8218
752
16942
8360
30280
4397
24675
31101
9900
20374
13734
19074
14965
5108
11427
20354
19155
27906
19007
9885
14068
20617
13099
3984
30258
29898
12217
12343
23179
22812
8687
592
22353
16854
8667
20097
8226
11119
13349
22685
13339
30948
20203
8483
10569
24922
8392
24583
19552
24837
20022
7349
26800
12616
6423
1876
19540
3102
9870
30535
23725
16056
22291
13050
20239
20328
25799
25819
22969
15037
15364
24998
28939
3056
16953
9190
25843
21630
32501
8377
29353
18199
23361
22995
7836
31159
27443
20677
27308
4883
30144
16255
15513
26422
11986
14868
2235
18284
22426
7614
5364
2399
14632
28962
26596
2432
11577
6613
14427
11432
10576
2846
28948
9471
8
20990
7328
32286
19624
8813
19872
13424
15608
18919
22327
23518
11603
11047
27071
6571
19198
10035
26555
30108
12472
6040
1805
18013
12690
15863
4714
15648
17921
19648
24330
21639
20274
27966
19108
9924
9373
26324
21913
28415
8157
19334
11632
14839
6847
19898
15234
2541
5017
9024
3062
29118
27613
6545
8432
27471
29933
16212
1542
27949
16177
18215
14324
885
24424
1947
13456
28658
7739
15488
18176
5510
17944
28004
25642
13003
829
7510
11116
12281
2579
10224
24461
1035
30654
28564
27636
29981
8434
16629
18968
14361
17160
4057
23352
13202
19281
28958
2636
27120
10410
30203
19003
20174
23376
19593
17486
2976
14070
18818
19173
30617
2837
16200
25705
18124
9604
17961
641
13457
25416
23009
14729
11562
17325
28768
3136
15014
12694
28110
8128
14598
30481
6605
27572
5535
3886
31230
15045
7615
18962
13766
3925
8339
30535
26450
16496
26696
2646
32216
25343
20081
28056
5408
21311
28585
30537
26180
29298
17017
13534
13748
27861
5500
152
25212
7121
14528
5466
31434
22645
22128
5304
31146
21028
16048
13136
4629
15755
10953
32605
11050
28630
15238
30089
29115
14884
14046
22531
8971
6456
18642
31698
29910
3441
19353
105
16018
12028
23291
9595
18421
21064
14075
13072
24759
20666
14776
10201
9625
18851
25749
8640
5798
28527
18584
13508
25273
13599
19984
9220
3135
28665
8059
12569
19262
16765
15270
30121
20631
23964
29462
31545
20104
293
21671
1347
27252
11392
19827
16777
31719
30366
32757
21160
15573
3120
5743
26864
20258
12055
5256
23923
15207
18972
27706
860
19700
27874
23019
9091
28433
17432
19418
22078
28554
25075
22717
12153
19050
27356
2473
28937
25350
31334
31537
14141
20029
21634
6610
21430
4607
14070
32143
19065
32268
24331
10456
9539
510
6022
11952
4381
9354
25306
1039
31279
3
5532
133
6617
26655
30007
21025
11008
7422
12001
26769
14502
12136
15054
7050
15038
31319
32675
4203
30014
21941
18989
8989
19829
26214
27987
22077
2463
12169
7753
3709
11959
18683
24839
7495
28812
24349
6394
24228
26647
24536
4601
28253
1036
30942
5498
14432
26543
19250
24582
26724
11241
30698
2794
31952
13979
27188
15920
217
7218
663
16077
12779
16252
1915
11548
5195
9146
32492
1931
15098
9462
21915
17813
18140
2710
30501
7920
24857
10290
15256
21255
13508
163
20020
1194
11195
8028
29038
32260
29390
7166
17467
28878
2339
31782
27786
1731
24280
26505
19218
22100
18155
25156
7247
3996
16471
365
10951
30102
23168
19950
30354
30606
14545
18835
30233
32469
31140
19041
21534
17593
1122
8234
20221
17588
747
14430
7473
7908
2616
13348
31513
32443
13887
9385
17916
23032
15638
25016
18508
7126
15708
11916
6951
4227
19413
8418
16675
9427
1108
32338
24139
20022
8670
990
12645
12008
25100
19404
12919
19047
14257
17841
31369
24106
4285
29903
22699
12944
13153
26784
14394
30743
30324
9139
15456
1230
22806
25783
13530
1549
15763
1494
20478
31331
19338
26180
11772
2000
15694
4631
14692
564
7308
7257
26856
13832
12846
24411
20068
19276
11648
5965
5915
21696
18065
2828
24899
24407
24541
14139
2757
5609
27432
12181
23870
19752
5549
10881
15177
3029
32632
27367
13056
25396
529
31811
6592
11197
19034
29944
5421
31252
18874
13030
13686
24635
17019
17982
1243
20231
29553
32405
12396
11216
9949
20024
11795
28269
10384
30656
980
23391
26452
14822
5204
11853
17799
28056
5272
18609
23817
19020
3856
14544
14937
17556
6100
11503
21242
15090
5677
9924
15132
25838
18263
811
24184
14439
24197
10778
16508
14631
26150
31447
1960
26298
18023
18536
22584
15487
5369
31308
16899
30719
4628
9576
17827
6526
30396
12612
13526
21200
30787
23927
29220
22638
9487
15200
21442
18633
32413
28695
11703
7646
29894
21155
18237
23819
9793
14958
16234
31009
2666
4598
9487
6842
26689
452
17889
17101
16054
18338
30934
31615
548
3593
26578
2876
21275
22489
7299
24071
4706
21580
21641
6414
30268
12077
24795
3202
1259
12613
5222
30629
6259
17687
1527
21285
20384
13261
10586
5544
4170
11889
964
9896
32472
30560
32622
29569
3843
16380
8835
23240
4573
3746
11580
25055
25873
16604
25417
26822
10092
32215
1140
20532
5788
11543
14465
17895
31288
17769
29272
11064
16385
2073
3686
18930
11624
31846
12352
19300
19024
16179
9097
9653
26900
31487
17431
29560
28620
7191
12625
27008
18124
5386
20699
24310
4206
18270
25718
7080
3602
25729
14113
24740
22114
23298
9604
24326
16603
9217
1423
4366
10889
1253
12639
10614
30737
6477
14689
3330
30965
14664
441
2648
4116
4040
20197
17426
17776
30036
1437
274
9524
25342
8702
22293
4086
4501
10728
25483
24633
6427
7845
1703
2358
9337
12747
21682
4828
3442
16739
12708
5909
29910
24394
19189
9291
11000
26584
25521
10539
31841
27584
9931
19880
14022
28983
29619
23875
31288
20569
22826
9866
10907
11976
12886
29663
5465
24214
6673
379
8024
9317
10375
5299
3881
10444
12032
6265
18306
6397
26106
25381
1518
15013
16763
2422
31171
30484
24485
25299
18260
8606
17803
8919
19305
32065
24131
11277
13036
17800
28733
32760
15077
16046
31954
28759
11433
4359
15904
30118
27213
29596
14102
20200
8033
27157
2507
20132
27099
6621
2068
31022
3922
31360
12885
22567
4717
25944
6295
10055
15514
18536
20955
15962
28675
136
32174
23689
21950
7875
1022
14555
15427
7421
1836
31740
14884
17880
15458
1852
26872
21465
7719
11482
19608
3015
11569
15747
14991
22100
13178
3862
21963
7424
15766
24746
29337
28217
15939
16338
30416
11463
4162
21280
2635
20071
19045
11751
11165
28086
6634
4421
32001
13137
5895
15969
23952
23099
18374
15858
8887
21375
17683
16641
1511
19734
13843
32495
6798
8202
5560
13497
24647
27100
30355
10619
17741
21796
14569
23603
11574
21879
26376
16072
20446
23181
11227
8779
1185
16035
6077
14460
19917
29727
10123
20112
14422
13939
16893
9521
25548
16963
7990
2503
18059
22730
20121
5366
562
4730
20191
12903
23638
17634
27750
21964
12151
32725
22988
286
26674
26057
14013
41
25273
25469
30985
32075
15489
2783
27642
21369
28218
5420
14820
16770
16900
20569
13309
25240
31200
31666
19567
4108
14948
22465
30380
4185
3508
28017
25090
14180
4781
20595
17007
23554
11363
24801
7094
18107
17870
20513
17074
32206
32192
27917
2283
4724
20250
31568
18023
21353
2368
6675
13763
2217
11466
32218
22146
7287
125
424
18852
21924
29305
21354
23674
1806
6579
16274
13754
22631
27558
24579
22735
3128
31302
12845
29554
26405
20022
22649
10622
7282
12602
2791
21248
25542
31983
31477
24718
7215
16826
11972
23003
8295
23038
6006
10888
12374
15762
26330
12604
5079
10610
26699
17654
23231
28596
24789
9378
24092
958
15002
1259
26298
5815
32628
12369
7404
22587
26332
28027
9608
12115
31499
8142
4148
32676
6494
22078
31456
20198
20991
15460
3732
24216
27330
8657
14700
3570
2381
2979
18913
6172
18556
1110
20297
669
15620
7644
25505
20502
11606
23023
17035
19248
198
27814
20883
32211
10732
3398
32182
10393
4170
18779
4645
20098
15664
3592
27718
10473
20445
23452
12540
6070
31975
22373
26408
25046
7389
12233
7024
23016
3626
1682
28991
15161
28220
21898
17676
21235
28134
328
17376
18833
17667
3657
7186
8342
2397
11331
11093
14463
27853
2997
19958
29430
9891
12739
13150
17736
3143
15937
23518
20249
7457
22542
9132
18775
1463
13219
32552
24940
24085
26603
19556
21688
10098
1366
24036
24638
19728
9001
8866
22685
11364
22296
3925
32323
26743
19222
11507
25053
3212
25964
28789
27921
16899
14088
16346
25456
7549
9240
18542
28582
18241
31448
2636
4340
735
27816
15650
31969
23059
7522
29236
18732
28395
15594
6052
29188
14636
24327
16624
4219
13043
1393
22716
21817
14488
4139
8146
7021
8151
2066
7527
10250
18994
30647
25760
26927
13969
18026
21332
18918
22060
18839
11796
28178
10410
86
15720
27299
25482
11581
20572
19980
10435
17016
18491
3319
4263
21532
4507
10039
2829
1209
11929
6398
23471
8239
13926
27728
13777
22722
28163
32439
15140
23152
24136
20281
25065
10369
2859
26759
1625
31073
12351
15223
11077
1195
9851
32180
11770
30598
22333
24756
29031
820
24718
13547
17538
14824
20136
19775
2023
11736
3766
14011
22210
1684
32474
6279
14064
150
16244
20504
5217
2842
10658
7588
3009
30768
3843
29913
18519
29455
9921
17870
31021
12460
19406
21050
8561
3723
28781
25316
18459
5077
27381
29018
19152
2220
32721
6630
22534
6075
19660
27070
21610
11793
31116
23931
12158
3375
20827
9164
27527
17247
10798
30828
23718
32328
15583
11089
25413
27584
21182
10279
9652
7393
27720
4604
3348
8031
17718
18237
2421
16664
22970
25057
24891
12781
20741
2020
4038
30673
28940
8183
30546
26911
32652
15990
27163
8497
13387
24218
20165
9006
8354
15344
25596
7971
12344
24585
26456
3414
10000
14451
9091
5079
16582
18665
10653
27223
21781
19911
14815
12349
9629
25281
8063
26871
14563
467
980
4750
26266
28283
31931
2686
31009
24871
23097
13508
2124
1769
30562
6456
29031
10610
4729
27421
4216
4926
28760
12023
7877
1036
20242
29340
23190
18833
27608
19342
23612
20589
8217
3976
15442
16734
23021
31575
28483
32436
29620
15339
31245
5637
12026
3502
25668
31265
22175
26133
2905
6472
19508
23412
15132
9115
1191
16150
12160
5585
14371
7565
25502
23595
18738
6471
20989
8618
10021
21346
2577
8063
12213
22209
16129
195
21482
14688
13230
11880
1084
26596
10224
6000
10233
20343
11042
18780
9190
22994
30690
27880
13353
28571
15634
31477
7526
29938
