2902
15916
28283
17224
4900
31346
15058
26117
29160
28287
32232
20052
30348
12575
10404
18827
6367
31605
28141
25609
1177
6128
17866
28616
21913
15739
11208
22834
26992
10996
7325
15926
27171
5856
5898
31642
30253
18269
9222
9363
2500
26199
10776
6291
3421
26111
4101
11106
11634
2425
29355
4976
24451
26069
29229
4714
14427
28481
23120
3083
30612
26237
10789
32565
27741
14991
16105
5440
6011
12983
9769
15250
11918
29861
23337
31599
25750
15082
29575
1043
7093
20397
32540
6910
25655
8095
7971
26256
27855
31025
6301
18133
18467
19460
26100
12450
11147
31904
3038
16097
2838
8298
13700
28201
14031
13776
23524
13970
23870
11463
31859
30663
5937
21367
8967
27484
24764
31540
19189
4450
9086
27057
23414
19257
13862
27248
17232
6310
30006
5245
30642
11045
22791
6236
23135
17281
11533
10816
19214
3489
19549
23678
26641
28325
1900
32320
16950
31026
5914
21118
2027
31753
16623
13098
27557
24287
4260
29867
18818
16745
19173
7565
20525
4278
32085
18039
12546
1729
20435
13917
7026
18503
31484
3830
1961
5334
2032
7537
5231
15655
15705
9060
31820
21421
23978
11269
26096
19310
6821
16796
5073
30994
25120
5944
14102
10809
26632
31393
27060
18194
4518
8847
5079
12842
9761
11545
16515
23169
26693
25200
9595
13283
32130
4045
25186
2421
17976
3752
15136
24207
2866
19499
20871
20937
9328
25830
8759
13913
32041
10436
18622
22428
6416
6974
20228
6898
32471
17358
3047
29647
11249
25255
21794
24079
30109
23971
2163
21130
31520
31101
12285
27113
3409
13120
17899
8632
12123
19967
23382
30652
5311
26823
9832
20358
16536
12498
15298
22088
10787
1021
30492
22760
2686
6012
22315
16467
14256
30413
20680
10260
12522
28394
23886
17189
16397
14787
18500
772
21611
32235
60
13578
31442
30354
28410
2553
5831
22451
7385
15316
16655
17038
9067
17907
28532
24153
13152
25430
18885
26931
12713
18234
20511
21849
12253
17386
13931
18076
17371
21464
6440
1043
689
14572
28523
12813
8892
9756
24099
26697
2321
10045
20642
30826
17948
15128
31321
30885
17799
21441
9699
26301
13661
12580
30022
30513
26736
18913
30581
25780
14328
13914
14105
21469
10364
21001
9872
7968
22006
1816
3382
7933
27442
30763
23012
17015
10359
31873
32439
3016
15721
8763
14867
17747
31278
11003
28903
730
7120
14001
32306
17137
14306
4274
7110
17586
2919
21259
18508
26035
12527
21524
20104
7221
515
4680
20958
24990
10179
4691
1045
8490
7886
25453
26716
32477
12898
15847
18314
2748
12997
28675
14762
13372
27363
3337
26807
4603
6456
4759
28836
20910
28656
30777
159
25690
24653
23865
8599
15048
13642
18617
17916
9779
16766
12286
1734
12611
9282
14095
12728
1343
27158
24447
3302
12158
3137
6535
29557
23326
5048
27480
12194
21241
25409
8878
13829
24533
27864
17577
9751
22235
22098
12249
13299
27723
20800
9367
24409
7789
10774
10140
7160
19659
21133
29388
20205
20381
27461
26707
17799
9093
4271
15347
2381
32124
28458
18076
13634
23308
25196
14398
12391
25281
9252
7131
29058
10458
19933
25056
12318
11331
12838
25781
9939
8136
20720
7059
19143
21379
27447
28566
7285
21142
31205
26387
30125
2336
3059
6955
30940
1641
20433
11168
1422
12128
19464
9448
22065
30024
2846
3200
11036
25774
16057
1923
9936
8350
7688
20347
16253
7702
863
26999
27080
13243
3361
21342
24779
20939
17891
7042
12125
30291
6094
5752
24212
12706
3909
10024
28041
20221
12488
19744
30299
30100
26137
27950
9335
21941
18077
2093
24598
13888
16132
21535
21255
30299
23597
27516
10926
22374
15683
1738
15181
9010
28973
29806
26754
621
17189
17090
30481
5985
15014
20583
11236
12511
21132
14045
23632
10613
11127
17232
21402
18151
15728
29109
12730
11741
19663
7702
10078
15834
9819
24618
13106
26989
26292
17705
17503
24235
20718
23518
26193
5084
30847
18174
22974
3189
16987
18872
16100
27207
349
653
13586
7925
12777
18530
4969
20907
6352
24020
7908
19725
18803
28363
24982
2414
22316
3154
1843
10051
13801
6822
25298
28119
3610
25996
497
8768
1998
20200
28858
19089
20760
19340
4997
12625
25528
8782
14749
15660
19959
8541
19783
28905
723
15829
17664
10140
30044
20880
14855
24861
862
27456
18459
12984
29504
25786
6790
12326
2348
13205
19034
24764
30577
10228
29179
5347
11813
3488
6621
12232
19982
25434
25231
14677
17091
7279
4089
19551
18446
8332
23010
13601
24213
32212
9653
21481
29625
304
3460
6161
16575
10470
22605
10033
9517
9582
18300
1171
119
23681
23986
19687
20187
8818
709
23096
3466
7617
10504
25631
10760
2286
22476
28727
213
18059
16166
9936
12109
31637
14579
24552
15565
9220
23322
31831
24343
21921
32529
24393
24056
9496
25251
7153
23080
24910
17904
11132
31601
6388
10933
16196
18963
7773
6349
839
14184
32140
3064
25815
6596
6290
28380
12691
8095
24087
18249
8853
32246
20022
30657
10221
24046
16782
14904
2126
19899
9877
14360
10504
14528
10544
25480
4662
10999
30849
30190
825
25492
7936
14258
11109
31461
8398
30022
23289
8061
21574
17763
16469
11921
10452
1173
1383
11170
20490
10745
24935
23388
31984
22853
29380
1471
11676
22026
30046
9084
13059
15414
10485
31394
27407
8669
31713
28281
24818
1593
19972
1710
18361
12783
24574
29105
804
27795
17055
1628
12981
11119
23202
2261
29447
7552
19608
14005
18785
14530
25890
24170
28043
11438
20835
1498
26080
24064
15285
25672
10661
20413
8347
13180
15769
7541
28664
7198
32461
27333
20094
16740
4022
27681
2920
12269
7041
27856
7788
13292
25510
30264
16875
23176
19392
31836
32108
8835
22428
13219
13384
8218
20368
29659
3238
6189
32526
19581
17066
22176
16760
11827
15338
17409
20790
19863
28450
32363
3335
9022
29736
31146
10132
11509
20514
27295
30027
21578
20982
486
19562
7759
4866
14775
11098
2202
28686
15114
6463
14224
3710
7679
29901
23012
16844
2428
9565
25946
25910
30232
25152
4305
32180
6200
1107
12160
14381
13687
5587
20864
6122
26956
5235
19850
26955
7399
6572
6147
19641
13915
23893
2869
28123
17154
18035
1248
15117
8477
32338
31985
12558
27836
14805
31121
3832
13278
11530
1121
1654
13784
23809
1284
15409
12795
17375
9439
11403
2417
31534
8220
18576
14440
24695
10229
24361
27251
26643
14895
9875
11820
4670
4580
31248
3103
13933
5510
8157
1251
6370
26145
11107
14986
32381
29664
20401
18748
13013
15315
13866
4894
13447
4847
11643
888
31694
8791
17617
3352
3924
30938
10056
26609
23368
21948
19366
21000
32433
4281
19529
22417
770
17223
31582
26196
12782
5916
1876
12374
32125
24048
17296
8630
11872
22148
26979
28117
19586
17123
25913
30649
30175
13287
1043
6580
6041
11776
5431
4160
15688
2865
21541
3118
27282
15963
11982
12288
13053
23486
15361
31891
1024
2749
30246
28929
21856
17633
3630
25029
13242
1569
27338
19232
22875
21089
10203
8892
18776
13368
10794
27792
8412
6390
7002
5891
4796
11750
25115
25172
16721
8912
27296
22329
27270
30146
21330
4294
6704
11280
20934
23953
22174
7322
25580
31764
31601
12109
8586
30290
13998
13805
16873
24766
23570
16913
10703
88
678
7279
5548
7193
8339
16729
13336
32145
6454
1672
17533
25807
29047
19993
3601
29569
7767
27349
17160
21340
8649
6581
9223
7102
27075
13477
30683
14994
9620
649
11115
25717
1400
18558
11755
20502
6250
98
23891
16611
15417
22678
5904
9442
21470
24834
16633
18908
14349
2394
24196
28097
5642
21664
1594
11848
12478
26091
19304
7126
14346
19046
28696
29601
10843
9371
29503
17685
29823
7410
20280
1655
17335
15220
31857
23752
15885
3797
3173
6892
5351
17586
28874
15371
9693
5911
17163
23864
7624
13124
8184
31312
21019
32177
27581
29221
17527
22351
4624
5596
1145
18449
5807
18324
25559
12971
2570
27721
12459
30106
13884
13559
27150
7524
6208
770
8937
3105
31074
27605
1800
14906
15603
8137
13936
29809
13889
14409
27379
15137
6855
12597
7169
9927
25760
4483
5313
30146
14658
1836
12384
10071
10344
31302
12458
18424
22352
23405
25303
21190
27687
12648
1703
19540
19906
10762
11185
31406
2958
12885
30967
24218
458
23014
4799
21021
3571
1421
4766
28737
26496
13627
17878
10774
28880
24865
9698
11511
5217
12822
16206
32270
578
6457
31436
28443
25035
2776
31877
20592
19339
24721
3501
1088
8066
9911
17498
22298
2960
22776
23958
16817
22062
21052
32178
30686
16732
29647
19166
26856
6618
18371
5623
5378
18075
8848
1440
23573
27767
2046
30612
10688
31264
22341
3131
8862
12375
626
4219
14023
31328
21772
14800
15769
10931
3576
26783
32440
28660
20634
25799
19539
5669
12605
18554
4777
26651
24757
3403
204
17710
15170
28551
11941
16181
16056
7113
25657
21682
11229
23241
26154
6985
22291
12149
27521
28279
27703
6979
8362
30336
10696
31941
23488
7081
22348
15486
26124
14760
31471
15348
32456
10073
4718
15110
31528
26290
21299
10112
10139
4345
13762
2797
20046
21300
20563
2732
1777
3810
17600
11846
13247
29416
17826
24575
20408
8398
30391
23467
29233
12843
11400
32707
11151
12894
20296
13496
8016
24703
25854
24199
32587
19862
1767
3214
19512
11018
17941
23454
32626
23900
17245
15953
508
10004
32368
8094
5314
32764
8264
5034
3618
27789
17606
2785
4267
27047
1945
15174
7973
16517
22625
13319
12753
22255
23060
20309
12530
20401
20897
30322
30859
3917
26580
27660
18795
30957
17018
4297
19303
30619
14533
22051
1255
10164
9970
21366
27556
13466
9512
12631
29359
16042
9636
24360
14774
23918
15891
18153
16771
4627
8255
29521
18885
15901
1518
23582
15379
29273
5127
19625
18478
10771
30967
6333
5510
18058
19027
5033
11776
24225
26047
32148
1527
14039
22798
23313
17793
30073
5547
27380
14067
26391
29495
11875
32423
26420
17779
14128
32764
16705
2401
12390
5023
7629
28070
21793
29449
20470
14899
18851
32073
5923
23332
2725
14596
10485
4840
26347
14266
6010
6051
14107
15946
26532
8144
18383
22201
27642
8747
10729
12079
14222
19662
23847
27202
15663
30618
2295
17527
28383
5592
14220
13062
29064
27424
18225
24542
14570
1914
1501
9961
8152
20164
11016
30865
20644
3924
9150
17795
4568
27614
25842
22451
19238
7319
14356
15520
22178
19354
13798
9433
29231
4235
25483
23744
25911
20347
9696
17038
11936
32524
32528
23959
20219
6614
19043
31440
766
16137
27223
29326
564
18003
7410
31632
5619
19204
27222
12096
7311
29296
24982
9014
19661
29076
6088
15358
19866
5629
7516
7451
30205
21990
23980
23115
18763
11169
7379
19981
922
16440
1987
14689
19063
10579
2706
4303
21980
15964
24853
6826
9564
18658
5552
17046
5537
5179
25196
17992
27160
8302
10314
8077
7915
31824
28888
20366
5936
2796
11777
28498
31584
14376
11305
10628
23562
24742
27258
375
27848
28905
19832
2919
27507
32697
24540
31234
1939
26568
5535
9510
24089
9365
17749
28141
23889
30353
19388
9191
9490
4737
3477
20390
14136
24611
19378
1664
3155
3092
32081
11152
24737
28913
9384
16894
19770
7100
20929
13440
395
28546
18312
13857
12549
11323
30499
8258
2326
23794
17793
29150
17241
28966
20278
21522
10250
1391
7814
18396
5308
8037
1983
24867
23374
24765
8141
13047
3355
30133
264
20763
1649
17075
21072
2752
20037
5416
17500
17044
7716
23483
31055
2043
9837
10660
2700
21916
25278
2389
8396
6432
4780
25184
21102
26678
10935
30357
15374
1755
20860
14954
1880
8920
15661
3233
21534
26764
1343
4388
14249
21739
15458
13108
17997
26823
26294
4802
23360
8527
8252
24861
4781
22997
1931
28878
10755
31444
16580
31936
14995
6705
9415
27301
602
28865
28839
3220
12059
18700
2396
9719
24498
19280
10168
14244
20388
19145
157
22346
24826
30768
15724
5647
30800
7554
22720
14967
24361
18178
13149
20872
8325
32129
30051
23340
5046
30173
4040
5590
2415
22984
29188
11624
20254
3530
18446
20821
31867
6281
21640
30210
16225
3913
15158
17779
6622
11183
20405
803
18054
28362
15466
26419
14092
30036
5560
13511
24851
24884
11638
4014
19777
31816
15008
21825
7317
30818
10572
31885
30715
28816
9952
16820
7710
4001
16003
8336
894
32740
6609
25242
14530
2099
14803
17418
2895
31280
15406
29760
5145
21967
154
30051
10425
17941
17046
8008
25281
23327
31579
18837
12620
9573
8206
24870
10457
5696
4153
27823
1369
18858
18556
17571
4742
7493
11648
597
28279
14496
813
27230
23153
27317
25629
22078
3585
182
19792
24902
16455
31241
4641
23733
23445
15761
19576
20257
3897
13359
7490
792
13206
27784
20766
26888
13434
11273
15705
20572
30123
4393
26909
15336
26051
10990
22245
21895
13118
10675
564
17666
22482
3368
25991
28212
28159
29594
7304
23148
1254
28277
30340
20755
26206
7
3359
25487
837
9862
13127
28774
31252
6229
20582
24999
27574
5507
31708
10886
4763
29333
27820
18502
20488
16517
4469
19036
9137
13834
25765
9681
16777
15898
20713
22504
14809
20397
14824
7169
26511
29381
32048
14525
6361
5803
32624
10339
9715
7547
6633
8322
27198
16610
31775
15576
21393
13351
21972
20851
31699
10088
23862
10262
202
4135
1368
11486
3630
23301
30943
20005
19970
27340
11518
5031
13092
2227
8356
12515
21026
10718
7155
5829
15439
11813
1013
18561
4374
31766
5770
30658
14735
7741
8869
11268
592
17827
4280
31038
1926
21908
20333
2501
10052
23717
30871
32621
28186
7926
17000
28657
12778
5557
4324
149
20215
2019
15253
25865
15167
8283
23425
17809
25611
9488
13657
20579
2500
13206
5107
31312
3592
9956
9978
12967
26621
2648
14821
3671
13029
15867
22309
11859
2803
12295
11171
25915
11357
20390
15977
24632
2227
7421
20639
22312
18031
31337
31162
2043
24269
8968
21488
348
19933
27260
19695
148
2262
10731
28366
26284
11949
32330
13636
2258
9958
15324
17176
24575
8875
15093
3032
23510
13339
25092
17870
23758
28644
4304
14384
6547
19732
20738
14743
29610
14124
28644
29362
32596
1654
25960
14652
17078
21145
11372
5931
28726
21355
28732
21035
8232
17414
13145
1866
19882
31774
21369
12021
6860
13202
3790
7459
8181
9280
28299
20944
19074
32286
15013
11693
3759
24967
23254
24342
28859
21458
18664
6980
10567
25129
30768
30660
26880
26264
22105
30759
32637
9061
18787
9212
26986
10400
20202
14587
2535
14330
8364
19843
4907
6875
582
30535
25197
7854
7230
19012
21252
11136
2118
17398
19661
10441
29375
30411
4557
9353
30077
2520
3863
28823
4042
24778
13552
10806
24493
32
6706
24554
108
408
28398
18826
12879
11495
597
18069
12199
2221
24537
5833
21263
30632
18319
242
29426
13864
1496
23553
5709
19395
28224
11869
26294
17737
32166
22398
926
19195
26526
30647
6867
26359
4883
2643
27208
4087
18993
26084
3865
19515
8577
5848
17866
196
23126
18509
32720
16579
17513
12071
29266
12625
25280
11103
560
21856
22484
5021
12613
22002
23794
24330
28905
6793
18658
8543
32186
17886
27079
3395
10397
27349
13894
28883
12543
3505
6634
24706
5217
17796
24775
1059
30483
4586
1630
14916
2623
14583
27585
1470
4906
16750
14584
31114
30647
23860
28066
5846
29741
22532
25823
20824
24121
24163
20590
11747
6455
12503
28435
12088
8109
5972
572
1310
17944
10487
18147
12725
6892
15351
30134
6407
2006
4568
3702
12000
6212
5089
29341
14048
2343
13265
4931
19150
1527
17614
13890
6959
14072
24734
5785
7703
1213
11545
25614
8256
13546
5598
26136
27737
17470
20038
17915
31904
8656
12182
17461
27315
12184
18297
23833
4515
11314
10925
8378
5707
27103
24572
16906
18912
30413
30574
8515
6857
6808
8637
21894
1968
19728
23561
31170
18649
2621
973
16600
9138
10144
26386
5373
7340
3772
9442
18015
31562
213
29184
3339
21623
18424
5590
25102
3869
31035
13231
29658
5875
11334
13350
14828
12695
19474
25310
27564
10716
25841
5236
24213
17765
5071
26802
3989
14451
31415
32006
23479
3067
24217
9010
11263
10748
21066
28740
6293
1039
4812
14281
18215
2112
30928
18238
2184
22556
9081
30151
31133
30219
16483
23588
11129
23776
5348
18656
5831
13743
11409
17611
24168
8158
20740
15275
9566
16255
11997
7471
31721
1501
19463
2596
10223
26709
13117
25067
19617
31080
30924
17451
13660
6158
31898
23235
18381
10572
3431
3
24921
4104
20819
5403
9148
22301
6048
7379
29936
16811
30650
28285
13904
13744
24948
5416
30461
13533
661
12055
9601
22434
9619
24946
1202
32396
28062
13370
26585
11728
5088
27266
31252
18216
2564
10973
5369
5597
9717
3091
27260
24869
15080
23064
1555
30896
17308
10046
26904
28542
480
32169
18030
30963
14167
17667
8551
7213
23416
12402
21477
12693
29400
18631
16320
24244
27564
26361
12136
1097
9097
13009
10700
21144
31343
31206
15738
30724
5894
29388
1799
7648
16423
16521
30385
10115
28574
19016
6467
26522
559
15186
26681
16323
10455
16185
25893
24151
32595
20054
1105
3718
27623
7798
10918
20138
11352
3025
17100
8405
13370
3644
11667
18860
16498
3743
4498
29049
17395
12456
19982
23419
4555
25793
5405
10113
26723
22080
28938
20919
16898
2526
14588
25791
3732
16491
14547
4611
15018
29120
4179
9290
10177
29684
3460
138
31175
8915
1624
10493
24027
7051
30095
30327
11861
24745
24280
31735
6150
31300
15929
18556
9409
26232
1712
31514
20249
28183
29723
23884
877
12698
13397
30604
12834
606
11170
21537
22320
23565
22605
25657
6880
4697
6543
15159
28628
1777
23987
5198
21063
31661
31608
22095
3222
21772
15031
2495
9471
24801
20549
29997
22697
30025
20763
21442
18405
31712
24756
23066
14260
15669
7863
32082
3209
123
6102
12387
25168
21377
15862
2990
26030
3812
11152
4824
21131
27267
13911
3287
15310
13875
5403
8781
103
2740
7405
13845
4499
1764
22916
11292
28251
27955
1247
4723
30814
13655
8748
24738
1489
26177
16361
16702
21700
19535
9545
6590
17319
24515
28377
17546
29452
28532
24163
12629
13487
25539
25106
24493
27571
11729
5848
26576
16942
14063
18957
1474
22504
25686
15961
23196
20064
793
14291
22567
22032
12375
4970
2729
8434
4533
28037
13567
24131
29195
7142
29420
9095
5726
32468
21937
26317
24335
28025
11998
28212
2385
16777
32103
22702
9440
17956
12538
9220
4593
3582
14224
21531
7012
29885
2371
8053
321
20386
9823
17658
1890
4460
15291
28409
23661
25977
24906
18282
27910
1583
9965
8566
30530
21146
25483
23609
29278
26454
31332
25286
7857
16048
2722
28011
20959
7176
15665
26679
21328
18042
9425
8890
23776
22205
25706
11532
5080
7242
3999
1553
3614
24001
31141
32506
14248
30857
26198
30735
11318
9143
20865
23212
22849
23090
16517
29834
31790
12308
21022
6208
20680
5971
126
9994
1005
22432
18848
26568
16007
15759
12761
20298
23743
17657
21680
7626
9581
17055
30703
30138
5586
20751
21754
20417
5513
1228
3168
28672
9915
11177
30640
16537
26259
7030
19854
13682
29169
21470
19461
7478
611
30608
23839
925
22353
24733
27059
2286
16247
21537
20095
21186
22168
6438
10102
31242
19313
30405
25947
6739
16877
23950
24975
26185
9623
16427
25640
25978
84
24383
20546
16221
10578
3220
27290
14227
24636
10614
28249
16236
10416
25690
25645
16557
31218
31172
28574
1425
5858
31847
1696
25101
8747
26765
18276
600
17086
1721
24692
683
27775
24971
16127
13382
8509
21221
30577
13235
15848
27724
7239
13390
10238
16017
30498
9477
28487
17584
22554
4701
14274
30200
28500
27061
32735
17260
25815
463
5870
1130
8859
3212
22488
5770
1251
22007
31757
13513
25805
29829
6845
18919
12584
20124
10315
16909
2437
6481
2559
8115
3985
13430
4603
22465
25250
2004
30576
14580
31119
17845
7953
25220
20165
13990
18376
3588
4759
29306
28584
12425
22486
10898
1316
14094
28322
26972
14462
25111
24959
27418
386
1173
18604
29669
11635
10762
26544
18161
2374
26605
18741
8978
31758
24144
19737
26751
9656
11200
23747
19415
22008
22637
14771
14945
28547
31883
6749
21400
2943
9719
2360
7143
28983
16670
14866
19633
13844
2331
18854
26004
6601
17183
7024
25327
29389
18710
18880
15777
16142
10119
23566
6164
11492
21180
14221
15483
12355
14116
32258
20567
30774
10485
20183
24896
22664
30485
7787
12002
31684
9531
6061
22086
29025
4434
15337
16979
27702
2078
13538
1428
17716
3361
3360
315
5715
22976
17035
32102
461
22434
26425
5794
31115
6745
17541
9389
6876
7236
13409
32385
29293
17075
9453
16269
15478
27981
31304
29254
30001
5295
17061
17374
19856
15446
28834
9555
22575
15295
4054
32172
648
8908
10153
20864
11878
15722
16489
951
32668
31345
16026
5012
12790
14796
2189
31732
2928
17881
10804
6096
16038
31762
27444
12297
20876
26862
2876
5733
23647
23298
6293
29140
13531
12652
5371
8185
22959
26993
23724
20453
12846
12133
958
14886
30279
30411
7605
6656
21175
23998
9045
19450
7549
24464
27317
13725
11918
6832
26005
23160
12491
11729
6641
16999
32560
28744
2263
5397
25166
2486
30581
3776
16891
11496
20086
12860
8008
31227
911
23611
27315
19396
16724
7115
2718
29807
16721
29728
9728
11621
3158
27540
1883
15988
5394
3052
11246
8234
24803
14301
21291
7553
13037
31183
8811
14530
28010
12256
12513
22435
7488
14636
4044
31410
25561
2124
8945
1015
13103
16156
23881
20693
4134
14273
13815
11058
20255
7915
27004
21976
32458
856
23342
14362
30011
32410
10983
27834
13121
23321
21242
14346
4595
23387
25195
10578
28299
1667
10079
27506
18552
7704
24017
2248
1454
8456
13959
9812
20801
32749
19012
31258
18482
26254
19776
200
26761
16041
5845
13977
30371
20464
20859
22393
19662
8529
26358
27242
18707
32634
31950
7206
19795
19613
5376
11526
1430
32112
9971
30242
26783
26489
17581
18874
9924
17544
8263
13013
31484
3973
1438
22567
4666
7787
7244
1592
31993
7573
1495
9411
24344
20537
11303
7004
20969
14898
21566
26966
11397
5890
18723
29924
9826
16919
13087
21886
2087
29773
28460
7559
24254
31413
31403
26412
25771
19093
18261
10383
5533
5807
2932
4901
8259
18886
25171
604
10849
2655
20723
15746
6947
11205
767
4322
24497
12367
21506
560
24067
16613
30936
9255
2551
15809
23907
19824
20641
19571
2687
14022
19938
1832
10295
17496
60
12587
28729
32366
28388
5292
9351
32080
30233
28097
24176
19556
11701
1706
18879
2198
7682
26969
8242
15868
14030
18994
31021
18618
15554
4111
16816
15652
8431
7559
28807
6947
30378
16240
19136
20698
31642
25762
19554
20617
26127
766
2396
15793
28053
19887
6844
30073
16842
8368
27681
30288
25452
17806
32115
27348
5046
30064
27857
23538
19949
15444
23755
20047
32566
8603
2770
20199
28842
14792
10732
13045
6060
1413
21933
3858
16506
16871
12642
10656
18179
3570
1935
27753
20985
2400
32156
6532
17446
20638
12235
18297
22531
31256
18797
26788
6535
30902
27990
25055
12861
1958
654
29787
15257
861
14665
32463
2956
21464
23577
22997
12118
19496
16739
21392
2204
9005
28944
3731
16570
27042
21124
18430
1626
8537
30420
18666
18758
22984
21299
1800
26746
30149
32686
14468
1662
32398
19994
24368
30706
10252
19786
3806
106
27225
3205
29453
20861
21631
13110
22473
25
31875
16614
14796
25625
12450
2408
8681
5658
19930
16723
20395
32650
24492
11958
30521
12545
27937
20998
5756
29397
5899
7003
9604
17385
27533
32732
9768
15045
4829
888
22253
31980
14665
2776
3370
16489
23160
2449
31337
2988
20979
24733
24847
10132
21731
268
31808
30669
14621
9975
7933
11612
11611
16566
20111
1912
18124
22098
23593
5788
2000
1341
16841
13786
17404
25665
18015
11890
1381
25527
11569
14755
22299
32249
29822
21697
6387
19482
26465
7048
16522
21204
1785
7344
11142
7105
3783
23745
26399
28366
6231
31529
4319
16366
8739
11660
13477
9483
32180
1371
19440
26690
26890
13224
16986
2639
22334
16185
9059
18758
11366
24795
21872
32645
28857
31224
1556
28390
16116
22892
11149
19513
29180
17045
16274
7921
21956
27305
5964
18717
24433
24653
31906
19354
12476
4451
27833
6791
27288
25379
8123
5626
4885
4205
15832
31473
4741
16989
25995
24716
3037
5921
26399
5497
5214
2823
22897
29103
3700
30682
27639
28767
11230
7791
6657
9767
23311
28283
9023
26506
9172
167
28036
13213
14136
30439
13257
14082
13989
14087
9845
31514
30283
13191
24796
5495
16069
13992
22533
27536
20986
25543
9904
24249
14146
25322
23191
29778
4811
27289
9973
20030
3130
7151
8261
1943
2197
25840
25932
18847
15200
23837
22873
11514
21254
20550
21452
15131
17531
27552
26837
9213
31264
16663
12158
31763
27111
5349
10476
5761
22199
10596
11489
20364
16658
32032
32646
23375
19189
12081
29800
27824
4863
32200
17088
18579
19158
4871
28407
6478
3271
5142
28009
5724
13484
9843
25194
21589
16403
24457
9094
20765
31132
21125
24077
4188
29603
12389
1744
23599
5663
11857
30501
32286
17354
9775
23345
1101
23171
9586
21862
26358
4848
24114
31562
8726
871
11906
3962
5991
18959
12798
7407
19599
8770
4515
22401
22935
26934
1508
26025
7070
21981
16121
30603
32719
26633
10107
20276
31376
21204
13614
7712
32508
26175
15390
23551
2708
15385
30701
31416
6449
11299
16235
7087
5438
19313
5735
10820
6179
31507
4549
32668
3844
18933
16849
29603
6060
11780
5843
32593
10692
22674
29668
21549
24649
10748
25599
3344
30525
2186
9563
23596
20892
7830
32504
23116
7057
17393
5240
23389
23786
5762
11313
27694
4042
1584
7040
23924
3997
22531
19808
17
29777
25733
5947
30358
11716
5487
20480
16390
29560
26241
23925
24541
23694
28082
11215
18256
13298
11913
17280
25559
23763
15563
29008
30441
23382
29270
13487
6918
21899
15437
26697
6651
8352
17269
22748
30818
11860
29663
15942
23144
28335
10184
19171
9683
31216
31165
17685
1347
5832
515
24356
12471
28869
821
16713
8020
4881
18991
31237
1634
31580
17707
18615
18840
22807
5674
30318
16537
19683
9366
12540
30142
15433
29221
7244
16918
3499
14080
3573
27307
24698
2341
9998
8967
5546
4873
16453
6391
15459
7554
23595
28047
14074
28901
5074
16238
11295
20843
12698
10820
6232
6874
28232
24465
5038
16225
1112
15535
8101
11715
3477
530
4466
25272
24294
4047
27753
10640
22123
19291
16565
20505
20424
4757
25163
20931
12993
24583
3105
15874
20488
1129
17306
24052
82
6503
4165
23876
14768
4517
23496
31310
3869
2559
3607
387
20051
16405
14826
6159
12260
20999
28013
6586
19845
11133
31545
3596
21165
17387
20355
30901
7007
4627
9619
2348
13635
22731
12664
28053
30460
12544
4603
19688
8630
29947
7889
11344
16638
28899
26389
17361
15575
31875
29685
1582
21002
25166
9131
24586
25789
14240
12463
29261
24903
2631
14634
19401
8003
1858
23214
26142
31459
32456
13861
27098
6280
27021
28680
32229
1679
21312
210
9757
12653
20056
27059
30013
24062
21776
8584
5635
7706
15280
19979
28562
29546
6159
7495
26901
5241
16982
21328
4261
2062
21254
24624
10605
2746
16957
4644
25867
29357
3125
14345
19514
1485
32525
18449
6830
30218
5580
24250
4672
30699
1187
10753
2379
10093
23154
5330
14422
12046
23438
18116
2803
25893
31170
19459
30694
21364
3475
31117
9354
23808
13512
24994
22385
30241
31274
27765
32331
8917
10889
26920
19209
12121
31487
10999
11330
22267
25721
1716
9429
19754
22642
17523
18128
23759
13058
22918
21904
4576
3608
32428
21290
8497
23043
30341
32010
654
24376
6217
31706
28936
3407
29370
19110
17804
15182
6999
6461
24506
15658
32211
11738
4339
29323
16325
2563
15796
13008
3233
22194
10531
14931
24039
23475
7912
31982
5018
1613
28478
446
28916
17188
29002
11302
20824
12126
32683
5655
10632
25861
9042
24463
10520
26284
24724
5984
4131
28246
23165
8499
3388
9107
16488
15564
14247
31980
14796
4752
31178
20609
17497
26948
32734
22513
14404
26903
32490
11130
26335
4067
26610
30818
1900
15024
23403
30357
26163
26746
28915
24975
2514
6708
10047
30844
17109
29708
4181
18846
22918
1009
3579
19696
19974
20818
12911
4617
24221
6697
6488
1346
18511
24889
19709
4123
30128
12691
2997
6363
4089
15199
414
9591
9818
11737
19090
9653
24466
29338
20567
10385
27070
11801
22806
224
7278
10609
23055
7475
254
2405
25226
5886
13604
30369
13073
15610
23493
6978
21724
7367
4109
6553
17805
20438
3774
24620
2846
3974
2504
32510
17431
21645
23067
25105
2052
1434
953
5416
11302
31033
16399
29905
16489
20214
645
28835
22678
25541
11092
17093
30154
26017
23703
16560
9255
19060
9638
10549
8393
11831
30879
5057
7163
23642
7749
25824
27563
2150
7182
27648
16924
31201
16503
3704
15579
12146
18843
9160
24564
15685
23044
26402
20837
27313
12225
8746
26835
21272
20920
29947
26492
3599
10046
24426
27757
8895
11749
28558
30965
19083
16789
14720
6489
18164
10975
31839
1481
20153
26509
6295
20371
22082
24958
15203
28311
14142
1969
25489
17147
31628
32159
9094
24352
20311
21710
17537
11732
24198
1187
12068
18633
8531
5240
15664
4933
23609
11246
22672
27932
22292
32132
2969
4572
3972
16233
26256
30791
27282
9871
24172
17926
10646
6145
2270
11163
9816
1142
22927
15512
6773
8742
17577
6158
30212
30940
27288
30025
2426
29773
12562
26810
1739
28840
27988
30005
7634
30062
943
15709
14323
4740
8260
26972
5887
4999
27916
5335
23383
32095
26907
22816
13653
2583
17701
18350
17895
5867
26945
26827
29309
14499
2029
4749
12326
27168
25170
11271
2549
2357
8650
12480
26282
5560
27296
2149
20878
26328
3095
1722
19103
19120
29101
10198
25069
17437
14752
23696
8772
23245
5298
31541
3851
12697
21289
10364
14700
22293
17179
19643
12470
1125
17384
26970
20991
15954
13064
25224
15117
3229
5639
4398
25719
15250
9677
12577
9991
23521
7971
32668
12387
29866
31859
7661
10988
7127
31951
3182
7399
26798
7221
20919
17115
29862
24850
8722
26937
24186
8964
6960
2370
893
12004
26650
11558
25389
27652
24937
24425
24842
26293
32186
10635
22697
25613
9821
26088
14340
25319
17485
26845
5140
11818
6501
17708
27554
25679
14800
12194
3162
6173
14786
17911
20001
28343
25445
15605
6312
24281
2327
14812
26433
30047
18386
23302
16114
17159
19947
13255
19144
22391
31232
16279
4718
28034
26156
4211
32510
11431
13180
15488
8727
9178
10663
20210
29488
24968
32505
16428
30508
19669
23697
14632
1582
9256
29388
9754
9134
17641
12801
23632
7373
8329
31599
22365
24805
707
24179
20854
18533
3362
13823
15132
15836
3012
14919
22012
32083
1885
23229
30483
24032
14462
29760
13333
22904
16408
14224
16
18181
18748
21510
31564
31416
30756
14978
31351
16545
19063
3236
2302
25981
19657
3135
27326
16847
18785
7946
24796
31538
21568
15001
13809
28653
22623
19596
21867
200
2615
29447
29232
11550
25478
6498
132
13620
3153
19745
1836
14025
21797
24358
3027
30702
9891
9509
7854
21528
2620
28505
18780
32628
12344
1653
25872
5242
5885
17886
7153
8133
14222
9751
6593
7714
23378
19324
12221
8423
32535
27956
28613
3206
26454
10337
701
9569
18872
5017
15923
24288
12250
9882
15682
8385
30541
19001
182
30384
4834
9372
23152
24088
28964
30121
10253
9784
11301
6078
8386
5753
26238
30883
14986
20223
31121
7869
27268
6014
22801
3716
17558
4175
20421
9271
15959
31171
31112
13774
6444
1463
7829
4400
14257
26472
21505
10918
25178
5513
1417
3983
16218
29331
19598
29014
451
20317
14430
23714
5103
31724
27573
28876
16672
23180
13188
11158
8803
10527
31472
7450
21178
29878
16542
6144
11897
27486
28974
12788
8689
61
19205
10327
19276
5597
12112
32053
29624
8903
1093
24696
9160
1108
3244
14683
22294
29632
22687
25633
4910
20864
13198
30726
26023
15061
13190
10614
3475
7586
19890
7293
21530
15995
5154
15231
22625
25854
203
26153
21169
8806
29135
3239
4821
26205
15103
2839
15811
22034
28830
22846
3711
6540
20328
25210
7741
4926
26067
6648
30662
13787
25237
7975
31260
27755
11366
1645
20065
18591
9991
6680
29941
27489
18819
10135
11743
23472
27061
11498
16494
16299
24842
31319
26143
11243
28297
7263
23746
32022
31248
8688
25561
28593
7392
4828
10561
27190
4955
10890
26900
11623
31757
10988
17613
24289
2026
23472
5549
8692
32726
2491
15966
12978
17259
6867
16343
14150
9462
2459
5503
15240
18114
24005
7317
2766
23962
29827
2767
23556
31881
11582
14401
1023
19940
20107
16513
8718
23946
14171
16137
31442
22635
12401
10972
30032
25927
29210
5485
28229
31416
12824
20668
21945
22131
19935
16578
19159
31179
25860
23567
10748
20343
30706
8114
16654
24212
24287
31321
7695
12014
11518
29369
11250
17019
21494
3376
4525
18472
7060
13481
1935
27608
16828
10945
5844
26538
22182
17192
30583
14971
10567
28233
71
10157
22540
22317
23869
25638
22990
6300
13
5275
4867
19846
32507
270
19249
162
22000
8597
5801
16213
15821
26718
2161
21461
3583
27888
16514
27278
23636
23731
10803
9925
20236
21683
32502
27259
21812
2209
24898
21908
14639
23323
9168
16440
16790
19244
4362
13434
21570
23319
18113
11063
20390
21584
31262
4161
3682
3276
14299
20925
18710
4474
29874
32458
19060
23058
534
14692
10650
27149
15138
32647
32414
756
32207
3991
17770
19422
17513
27647
25290
4661
29508
16921
32707
1976
11947
14414
12071
8646
19737
26494
4454
32217
14764
929
27303
28497
23254
30639
24343
6771
20822
30910
18817
16561
9062
21610
24608
8747
10294
32378
7089
6263
18330
8641
5323
20125
25087
14401
19315
14950
29860
28311
3308
15063
19975
22163
27596
32760
26269
11558
32341
8154
12741
14209
22273
31959
31487
31611
27487
24860
9049
22323
23838
29541
21291
15351
22887
26888
29700
4197
625
6453
1764
32208
5967
21884
10924
11494
19980
11151
26322
13711
5113
29770
3673
17944
10310
21488
20225
17808
17616
4024
16571
30066
18746
23688
2399
22149
7231
2816
26785
21761
14150
13498
16450
32755
4151
20176
27779
20450
21902
17823
223
16563
12462
1483
15609
17098
631
5764
19924
18290
19994
10503
12098
27775
17964
16743
16799
2866
12282
23693
26558
11868
4381
14205
16676
13254
23374
7132
21620
7377
2683
21935
15915
21082
26906
13926
14221
24544
28349
18713
2528
27113
27878
7185
16855
25505
32285
17290
14161
18373
27457
31159
15684
22719
31516
7
3571
11283
24633
9639
18280
1273
14586
5960
3102
16971
21989
23586
7166
25506
14911
9273
31116
27069
2780
19423
28515
5666
24373
14458
2527
19975
10427
29319
22809
9330
9323
8415
3864
20384
2723
18745
20037
3492
28980
31217
15392
15440
5048
16648
11314
10328
30246
5227
30530
22453
5539
3960
21196
21320
7067
10686
15535
13248
18193
19204
20262
30141
51
24717
4345
22837
18994
22427
5621
20504
1872
8498
921
16431
17211
8990
19986
7242
30617
14904
16746
6298
32484
12772
11004
32348
10616
21726
14123
25271
10474
31543
22355
17640
17820
14746
17408
22428
4750
5588
28510
31133
4983
25747
31729
8625
2325
13422
2950
16832
22465
27174
31338
25908
15430
29228
23257
3749
17139
11107
17593
6326
13551
28454
19849
7738
28621
23181
15508
11676
23392
15596
20330
19325
29137
20381
8848
2206
3566
6912
4727
12033
29637
11455
10411
19019
18290
855
26957
3949
26165
21204
5315
26499
21960
1755
12718
8700
15855
9710
29468
4604
8272
31212
20224
6910
17029
8663
22751
28862
32368
28890
13515
3670
27854
16011
13973
10407
7695
3181
319
8186
21862
9401
15024
13543
31260
5726
10155
1143
13097
12870
17410
3973
24837
28123
11015
20842
27068
20170
25668
10713
2881
17414
26732
7687
10244
4113
29329
13583
16838
10359
29078
29590
5804
11931
11752
15018
5267
26037
30569
3568
5796
18972
28589
1279
8488
11713
17513
27655
3997
32252
28200
22454
26889
5772
18240
12380
20110
17881
3845
30797
14399
26235
11580
20871
29746
12800
18899
1684
7126
12522
3279
6834
29575
27640
6789
9522
26720
17063
8205
31774
8273
2807
1012
29214
20593
24178
3889
11164
19861
14443
8794
20263
2849
18820
19224
5397
31774
9331
19929
31341
2701
10245
30660
6916
6395
19042
19698
30437
16982
10644
26331
9974
19455
1347
5902
17625
32288
1474
8742
2577
22080
29776
9977
27238
18453
18583
1554
11658
153
12153
23906
19452
24416
28428
27698
4909
6696
19427
29532
21730
16050
21392
26043
9689
1744
12390
31968
28591
12992
27268
1542
23041
23992
14863
31560
20178
194
20158
15634
7724
6090
12444
32726
1290
7413
7689
16896
7030
20021
2818
24107
28143
28955
9635
3477
17933
2284
1002
28368
26216
13046
24254
25787
15797
7460
32304
25009
21810
19153
15104
29440
32325
7130
14691
8349
863
18935
16643
29974
24615
20555
22088
16839
17621
28985
30934
29521
26843
20090
11095
2632
28875
18284
10362
3116
27509
4525
26939
155
10831
16361
24678
20164
31003
10992
3926
3871
30915
28940
22531
9564
8584
32657
12348
13977
12379
23221
6704
20439
907
6050
1587
20655
10913
15562
447
28225
11657
31867
22457
25198
20210
32179
1526
6983
19958
10037
11262
32452
27390
8412
22288
5818
13280
32560
20326
14599
23371
19767
19129
15
8037
26766
10248
10093
946
25527
6294
8418
25144
25269
23090
30097
6113
9686
26298
18287
20512
14033
15586
1781
13271
27664
9778
12568
32633
13903
7758
10618
17516
27750
16250
1250
22961
2403
22621
22506
16326
4316
3845
24055
31691
3460
13612
3182
11749
24059
12730
26149
26336
17387
9099
8984
280
26960
8561
94
153
20503
15229
19547
16005
24555
8570
822
25526
1612
4795
3981
30373
7393
31511
872
138
2575
24881
23916
3525
20426
2557
11858
3453
31915
30079
12951
21639
13123
6358
13428
18313
15280
31098
18960
28767
21357
3522
17397
701
12143
1705
24512
5142
25709
26321
4893
2749
10623
2760
755
2123
10474
1675
31452
21312
21306
31816
30936
1005
26770
20584
8514
30865
11329
24269
12035
21698
30357
5464
13317
4110
6388
6063
15851
22499
18472
20541
13055
18604
251
4730
31595
16957
6916
12908
19117
23409
32192
13678
7493
14609
11237
48
16048
19448
6386
9727
27546
14965
32011
15686
25680
30961
6916
23893
884
21970
11452
10594
11508
31903
27052
3277
10556
13412
23487
3241
16555
23896
30308
21111
11076
29117
9186
21556
10407
3592
15597
15767
21567
17474
7798
32404
2492
16046
20935
8996
28100
30124
31438
22600
28389
31965
185
16971
21199
11144
9412
2120
9152
9276
31567
14573
4671
32695
31540
27774
7949
7943
5975
18461
8537
26863
5759
17992
32051
30348
7524
26787
7747
29496
7945
14072
2747
13231
10059
12156
8842
18545
13242
3156
24275
3943
3753
599
9629
2248
24705
23830
1484
29502
27483
7193
28496
29509
9421
30060
15260
18900
8707
24923
6745
24128
2578
4985
13916
8029
650
1255
9942
32742
19018
29650
203
4639
30361
31806
7366
1720
1650
11778
25802
4853
16414
17428
16011
524
3337
24839
26078
30159
18382
29906
19311
6794
12436
12243
19378
21039
31645
10004
21020
6832
11804
3532
15506
13229
15687
10281
4898
18255
9134
23372
26609
6772
24779
32406
29556
2060
5850
21026
16611
19394
15083
16018
32491
24544
2869
16911
18596
29292
16301
11915
31426
13719
10455
7497
26895
3929
12508
15264
2073
27733
29406
21756
24359
14850
23688
15909
22130
19468
3561
1476
13714
12536
27522
3619
26167
14856
5789
29748
20249
14942
16353
26581
23346
16739
2084
22866
298
21610
25472
8235
24339
27537
12969
32536
15958
13800
1661
10571
5101
26838
16861
11509
20691
7864
3516
26379
5817
2250
21365
25674
9467
30795
12642
21369
4562
732
7594
27886
9163
17962
11098
29523
24440
3788
9656
12714
7525
26223
30164
6799
15437
19760
1631
27837
17294
8777
6592
212
2523
32752
18021
9306
13361
3708
3415
9727
8460
4810
16146
30501
5082
15327
8851
1695
13488
29646
4786
14521
14396
14300
1458
8313
17403
15331
13079
24101
25259
23796
19383
18181
7428
10048
30740
14954
2723
29497
4329
18416
28487
24052
17923
2815
14399
8402
10066
24472
28195
3167
17472
21582
28355
10874
21825
32146
861
19383
9132
3636
10003
1025
9161
22823
4507
23172
29995
8325
23097
12490
15680
21970
18154
9507
4134
12165
7138
29771
23488
14276
32569
7751
2314
14448
17634
21136
18345
10337
14044
26483
14279
32243
11692
24760
26141
2753
3338
18818
20049
17584
30939
25974
22403
8240
22111
32031
32547
24510
28076
18833
9733
31917
16219
17229
13239
3367
25217
22629
1042
19311
32481
19937
21263
8808
14175
20576
6876
25435
6328
30723
6191
2293
24689
17286
26843
11151
12301
20144
30881
2739
131
18414
12360
20443
27119
26939
6895
28283
5000
30786
30115
17730
24530
4551
23853
25757
10517
17475
3629
7806
8717
15822
27501
17243
12003
4418
15983
12409
19036
22174
26184
4970
19281
10920
26801
1749
7775
20951
6492
27765
18399
623
19332
10340
16920
6638
16840
8602
2996
16807
20537
11184
31345
18093
25778
15850
9753
10482
26984
7029
32692
9648
13761
20717
26876
16648
362
11043
24593
4842
3492
2844
4974
23348
30942
15197
29212
8478
28809
10853
3109
25045
13608
11900
22348
4710
9382
13995
11259
30942
16109
3340
3709
8367
22708
3652
6253
28246
28824
31309
5743
5691
23151
17017
11806
31449
13529
30899
8261
13854
23831
17416
31569
21013
21793
32359
20998
29890
20466
24485
19058
846
22567
22980
6431
100
17608
2677
15501
10714
28774
26075
3295
6548
26214
32402
29653
28069
31388
3824
24826
15288
32540
10123
19999
21423
3148
9979
26631
5513
3902
24289
12132
24201
4669
2600
9730
20884
29606
30858
23619
32476
32506
4950
29387
11963
7216
8049
25724
21473
2384
24731
11429
26802
21053
500
7542
15338
31442
26559
31416
28803
3889
20069
11451
13528
3672
23229
8079
29962
25334
32650
8822
3235
24188
23622
23450
15225
27254
31006
9212
25046
25628
1085
24493
18389
22052
29773
9792
29711
1243
13371
20351
21879
116
15419
14429
17539
12704
15373
21548
8077
5215
14974
24080
1656
5397
20017
16052
31126
17376
21407
31291
24521
21033
17501
14970
14313
3705
5022
18788
31078
21134
13304
4037
26671
6063
10859
27700
24530
9532
21151
30274
23012
3465
14445
504
13219
27884
10913
30593
30426
7957
27390
21283
10757
24222
8067
24948
27574
739
26861
3018
23863
20500
17021
18675
8305
3465
3835
1574
27916
22101
30459
7226
216
22557
31839
9494
28524
29739
26397
17769
5389
30398
28483
16027
12497
22692
18488
23811
27139
16139
28996
5722
17610
11669
28498
27759
18950
7850
21493
26653
26235
30226
13738
16506
17713
451
32093
594
10522
31991
11566
19412
2550
18818
1140
28810
30836
21347
9474
6543
3482
21145
7594
13820
26982
24376
32256
20387
1206
3003
22368
6144
23141
31132
20275
16748
11191
7202
9837
30868
25591
7547
23130
4650
24414
6666
17051
16602
6455
9730
20588
26496
1345
20788
21288
23448
6229
7461
26126
11253
17480
6500
27461
16311
27411
6682
14366
24951
3377
15587
22170
2756
14153
12252
44
979
29453
28414
13759
11122
16226
27562
6395
31550
21441
21124
27332
7190
13021
25477
21252
7887
20614
4172
21931
11561
20173
21685
6388
18178
5737
32173
24809
24522
20057
21061
25641
28727
30411
21253
24041
20538
11069
898
313
27953
20450
29234
12680
12382
11847
29312
9323
10648
17718
15644
20634
21056
20443
27285
20027
31863
18469
31785
3172
17038
26735
26332
32731
2750
28768
21703
12064
29466
12559
4275
16301
14785
9323
20454
26748
30040
5083
20029
28106
12728
4641
28795
2587
17635
19588
24801
26750
28733
30510
23039
5138
8697
22739
5065
201
27345
14739
1773
4460
31738
14626
31332
16095
16727
20518
3911
17575
27629
224
16101
30377
151
31503
32530
9268
16122
14097
194
11330
29884
19532
15574
9979
4337
1740
17205
18555
3030
45
31
24789
30402
16316
27582
7512
18521
9689
22526
28433
14595
9888
20639
14992
17309
6088
16777
13551
7790
5578
22367
4625
16476
17478
20054
26664
18015
28067
9032
27770
19767
17911
23300
28004
4954
21798
21481
11679
30513
19533
21939
1218
9603
19041
21396
26888
3122
21523
5255
18004
25893
759
13793
18034
28037
12262
15400
28320
7468
7329
9769
13901
29274
24758
13893
31520
9642
7592
26124
30268
23109
15946
14349
5827
7766
17772
23531
26008
20414
28601
22708
22122
14600
11488
12655
10734
31391
13298
14324
17771
5182
14091
513
9084
8873
31285
13449
16914
9627
20873
6479
12728
25087
19096
12980
10779
13410
1289
16845
18377
26537
32387
29369
22329
25599
21965
9010
20748
18962
18739
30561
27538
20095
29740
12535
26000
27018
4155
31865
28224
12051
15635
10459
20122
25286
5118
32081
14290
7313
2687
8546
23330
4443
26678
19262
11977
21491
21509
10321
1108
8774
15473
13336
21532
4822
8011
28980
25104
13927
29839
14525
8116
507
16524
5080
28522
5377
4421
21388
11505
12234
27416
23249
7979
28220
26781
20202
14115
6858
4561
8693
16462
11684
11892
11201
26129
19498
6063
17631
12932
23719
19706
6140
27254
572
20541
7534
27313
5402
3381
29964
27262
27380
20506
4675
18284
949
3967
28262
15950
28270
3449
13638
13699
31378
5123
8195
31866
2405
20641
29217
9332
5042
4932
19678
22156
14268
29806
19651
19189
25464
9878
9594
17796
28409
30414
12255
15214
15148
16547
7769
1618
10437
22853
19307
18554
31609
13800
22150
26206
32110
20841
802
14697
30448
5429
3597
24576
20069
18791
27906
20161
25731
20528
11389
1800
192
12412
24526
5816
25098
13266
22380
17720
18361
7036
4493
4539
1730
12521
6387
26309
32557
13647
17929
9963
1481
29844
5678
30426
5662
32623
3409
26778
24739
20683
21950
27668
2353
25196
4663
10450
10680
29908
5703
9479
27953
3688
30931
24015
22227
30159
13554
13495
2442
11163
19711
22144
9125
10027
9196
32544
718
23247
216
16138
1088
17198
28900
9647
5428
1509
31555
30021
10140
25457
23441
17351
24340
79
13926
11581
2582
18785
31786
31549
15213
30612
28203
26034
6124
30400
31212
20700
11359
13264
24257
11416
24514
5666
20888
22754
21937
10289
4890
13208
21792
13169
11251
13184
1868
21370
17261
13453
8945
17513
17476
22878
22462
28803
17334
9736
3590
284
24281
14357
20152
30392
561
16333
26513
3183
20354
7860
8080
27286
5603
20307
4011
27803
4116
31291
29632
32305
23825
23624
1998
21421
26343
25123
17765
432
11207
7434
5467
14343
7513
29908
18881
9167
2642
15151
29717
15581
17993
1069
27577
605
967
26623
6308
27320
5277
4608
22104
2748
1146
16629
788
14327
16828
7314
3914
10851
18567
1089
8531
24905
1044
15136
8546
20319
23116
5448
16823
4659
5526
2645
22293
14541
8429
20771
5493
23952
18997
26837
1276
5986
32463
13084
17195
1549
13931
950
25686
32228
29
18740
2391
5801
26036
13057
32131
8622
6471
30880
28893
19259
8464
9781
8842
27440
30077
4679
3973
18667
17797
24772
31124
22124
21817
14149
23163
9911
10907
1684
5999
9082
31922
3436
2253
17904
6366
30847
10764
22277
12906
17341
1521
31419
20576
16596
13057
2764
19873
26355
29756
1169
7988
20436
21000
3618
21727
1529
16236
22207
2036
2102
8062
22127
11374
9839
16159
12518
30780
7075
5861
16300
21725
2345
26969
1916
3885
14138
4451
7403
14719
16048
5378
15434
29675
13
20544
6348
3818
3007
19558
9964
15392
24483
5996
26121
16760
7623
12211
27987
25206
8308
22519
16363
29641
3948
26495
11334
19744
23152
27286
15059
3391
15621
10047
28637
25682
12152
23077
25778
22657
26912
16337
31749
14532
22499
15903
13713
12793
12539
16883
25855
14900
32506
9512
20490
18006
20748
12489
30689
32225
28541
3972
4556
24842
14715
17499
29459
5392
4124
31133
29724
19149
29347
15381
3795
29579
12287
30337
15438
14360
20884
16710
21938
26141
9022
23137
31824
18347
31891
22945
19732
6423
12137
29971
25376
4360
16281
27070
28084
11982
18434
23697
23889
17141
12496
18330
27678
26138
6910
18297
1418
20990
9497
23827
20787
20697
27975
30603
25863
14065
29833
23150
25256
6762
18237
13357
1045
15712
3815
30929
23432
24115
28976
21738
19098
25122
24623
19656
29869
3612
16360
23534
12427
16850
1298
10436
15691
26897
12574
8332
15989
5967
20340
3991
17254
388
22528
2489
24053
19003
6893
14074
3158
21480
6576
22670
31295
3452
29001
6664
23882
27959
14789
714
28827
3517
32520
7104
21442
8557
14025
7502
20706
12270
22494
14726
19987
21002
30394
22175
28166
24512
2868
19874
9192
17556
17290
359
16008
28202
2213
25024
11963
2323
6046
12020
3328
32743
21634
4463
8800
28820
14930
22967
30872
3061
3150
31906
13690
5031
11379
8135
17809
27160
15171
18994
6660
26848
25796
3420
32188
29013
32459
14938
17865
27481
23674
30548
24834
9847
31496
18745
2796
20783
27584
26033
9694
31373
8013
24915
98
20993
30260
3609
2525
6506
15010
7696
14963
32116
26472
24148
12837
18468
24644
7740
21308
8625
32610
5842
23531
21398
7202
26246
17200
16869
28444
29987
23803
3806
30562
21505
2450
7360
17668
28285
29748
25055
19674
7846
9468
17143
10621
31289
27145
26560
28055
27600
23516
15810
27485
27734
257
7531
5465
28862
21746
17759
23661
24564
13880
8207
12053
9492
32723
1933
32236
12763
20956
31647
26994
1371
19817
32274
32012
2802
18353
2384
6988
25980
14449
21813
32627
31432
26510
24095
30772
21321
7675
25156
16315
8718
24029
18761
5358
2292
26093
10768
31219
27931
1054
25297
15346
28566
31617
30572
10268
24167
357
10749
4588
12714
5570
433
3756
26896
15064
13273
