4747
7842
25814
11009
17818
18480
15423
21458
15432
5636
11621
8119
27860
28918
23316
20063
24573
10066
24755
15011
15885
21969
26476
11030
11542
23752
5773
4318
25724
13728
25390
10435
6579
15494
789
12934
10826
16995
1750
12916
10025
31503
24382
28986
9495
7106
20978
11771
30335
15819
8532
13984
12915
22916
27558
23152
11505
28037
1394
27360
17509
9752
21289
16044
10352
6381
26122
27430
32232
26895
24645
10190
1056
26391
25697
4132
8041
416
5083
14266
27864
6650
24848
17549
17226
4387
14428
917
17830
8434
17540
11163
27234
21910
21073
16971
7241
15167
6014
22410
22651
5147
24789
2826
28085
10884
27540
4123
16594
4984
28181
9156
14994
30025
5038
10514
17051
9877
28631
24496
27581
14713
11402
26808
13690
18178
30704
3529
1734
3812
30009
32346
17931
16239
13515
30541
12912
31166
30624
2247
25179
26162
16873
28224
2868
27935
248
11478
30317
26564
18524
27623
18367
23937
27214
15326
30902
8516
28492
16205
11631
25413
12547
27197
18081
2803
7282
19394
21722
27949
24397
5586
20747
12982
1183
22358
15943
739
17588
7298
6344
18071
3126
26978
13875
6001
32406
17078
31516
12100
30637
14592
2509
27592
20644
10715
20035
14991
27665
11150
2938
314
19810
22241
19947
21996
16255
25392
26450
7167
20139
18621
22452
22774
6571
23882
18337
21939
15915
7912
30647
24555
25693
8458
18791
16342
11747
20445
17660
13867
3055
32220
16600
5707
16553
28575
3585
20668
4049
23027
19933
474
25253
1584
21818
22729
25349
4295
16529
27310
20949
30235
7564
17951
7331
24978
19909
23256
30345
29419
1745
2479
30805
28114
4989
28874
3048
1969
14935
18447
9948
18378
28017
25052
6250
11651
10081
9208
28298
4352
6540
3274
13915
29175
4005
6345
7110
10432
11376
7220
11358
11692
25548
25859
16779
27288
22000
14621
21992
19138
28661
1227
18921
31963
30101
19821
23489
7005
22578
15468
22147
12062
32537
22127
15495
16422
25865
13010
28943
26813
12015
18260
9514
7881
8180
7183
3033
10071
3769
31662
6513
26744
16353
29658
21056
3406
18897
14837
27763
12390
26035
18443
18743
72
20929
17925
2335
4685
10432
4896
16326
22449
21194
926
2741
26857
29521
9916
3975
6967
30817
10467
9547
5243
12069
9762
11561
20812
429
220
24137
20807
16878
4286
2288
23975
9739
15860
5356
7703
22995
23709
16179
28612
18826
23676
23239
12981
2540
8432
6364
351
367
5414
7229
1652
14025
20621
23532
25853
26802
24458
6408
26280
21227
1134
27636
25699
17535
1189
11446
7465
27465
22063
15005
28444
30902
16725
26407
9941
972
19092
2081
22776
19563
30942
29968
31243
17363
19458
29648
10376
32359
30568
22651
23856
29361
13569
23693
30115
10661
17534
28997
19758
17450
27328
4430
22500
31190
1424
21918
29680
29945
1937
20895
25897
12254
28786
31372
12007
14157
5480
7710
16405
30292
19932
11369
9608
28488
22625
22784
13967
1542
3048
22368
28620
16254
10551
13964
28738
6771
24727
8180
19630
25980
24525
32155
11547
13903
31820
19321
26801
26174
19881
6175
5070
14338
19535
30873
13400
2744
18548
29592
4177
15913
19788
10193
19115
11342
17532
12704
16990
23572
28113
5105
26553
20828
32562
10336
31733
7750
211
23199
28432
6575
14764
13080
20441
24312
16426
29908
583
31497
804
21148
12302
27286
24336
32606
10100
19873
4983
7634
7265
29761
11430
21340
32694
10401
13735
565
24800
23115
18031
28358
3501
3751
16985
21588
25694
15038
23251
11490
3069
27204
10839
12371
1777
22486
31646
20176
21455
23168
4368
10857
4211
19586
126
21503
21328
20308
30483
20321
12036
4327
31112
8885
5167
30254
29848
29978
1414
20189
12724
139
21027
30321
1015
23302
18975
1648
16732
23278
8547
32242
23599
6831
29883
608
12481
24480
9517
7548
23392
26669
32136
7329
10886
25909
22079
30028
337
8881
11128
21212
15923
9111
22881
12694
31211
13566
29379
10988
12980
15490
26073
22271
14268
17898
25442
26466
26839
5128
15349
24353
7797
14561
10133
3074
19922
30990
11141
9482
15724
32354
4701
12867
23994
7629
10846
8637
6683
13440
15875
11731
13837
24658
31448
30895
2719
5987
14991
273
14377
25343
25169
21579
8250
16837
19538
8593
15314
29960
28584
4719
8657
15733
14941
3227
20912
19190
20931
16621
5743
25559
11527
11180
5582
1832
15881
27147
24512
3682
7275
2291
4637
4685
26345
12547
25751
5920
20200
21462
12527
17386
593
16004
19305
10546
26527
13675
16253
23258
24631
32047
17615
24906
1272
29951
97
17866
4372
9754
26119
15918
28446
27794
19996
15289
7268
7504
4980
24892
22142
19801
19857
9342
18215
7760
31514
7904
8780
13371
12424
20801
27235
14474
7971
24352
20222
3669
2093
1280
22944
7141
28765
19985
23759
19830
10127
19724
22890
13627
30905
23647
20029
27811
5665
10634
9683
6875
5581
4041
13963
17556
4667
1523
2286
18694
17235
9122
22592
12340
9114
404
341
11890
30120
31057
21415
293
15836
2062
30885
2251
1102
22738
25933
17467
29445
14807
2556
4397
9323
307
13445
22012
13821
9399
22657
30891
29511
2328
12775
18215
11536
19532
30173
13515
4306
3895
1485
4393
5229
647
22714
7176
18971
15069
3797
6825
12455
4141
25419
21071
21466
3175
28770
3069
20791
11607
31172
1410
5352
32202
12570
29619
25335
18930
10461
31224
193
29451
26985
15114
4776
9791
23636
26362
521
31431
509
27254
32622
15188
9576
9032
29956
24237
585
15903
32079
29593
4446
8594
12828
1023
28418
2658
26551
13132
4096
15615
10335
7189
14501
28750
1015
12542
27161
21930
2046
9434
14831
25129
29633
7699
18426
15648
31951
14668
18018
30697
14254
8006
18424
29411
30924
12800
18631
5051
16824
5411
9451
12522
3730
5532
29095
22143
6081
13451
27825
18463
23523
22876
30160
25674
1546
28467
18089
19679
1061
29070
23766
30947
25020
11302
19001
4990
15073
12822
24464
19526
23395
20542
25929
31937
24132
32490
22167
18212
24941
5807
21189
4705
8609
19606
14539
1889
4784
14717
8479
29582
18413
28857
10701
13461
16609
27136
18634
4458
28225
17031
6277
9356
798
6503
21184
15242
26204
2885
28062
20422
22629
4402
3837
31865
8478
18128
18949
