17345
7736
15213
31283
26148
10036
7237
32640
3321
963
13240
20747
29422
23394
17564
14945
14634
32565
32210
2026
12101
8700
8817
7801
23704
19522
32032
12578
11960
24791
8900
2380
28989
17793
18524
5382
29384
1007
12328
12191
31556
30446
29201
22640
30571
22496
9029
19453
32140
16489
8482
13117
3980
29803
853
23861
15916
2101
31043
14028
4489
14071
5800
29914
23273
32121
21373
9346
21428
19725
17184
5570
11713
27331
18095
21576
30931
20187
16052
8839
356
6272
8
11019
3233
27059
4081
23561
5557
16261
27534
8507
28746
6793
24181
28650
29773
2953
11418
22861
5874
30840
4979
5905
5369
11688
26201
17977
4655
3901
18994
17448
21047
32482
21581
25084
28298
18874
4237
25118
11709
12953
13002
29719
24579
27765
30580
8870
25842
6423
30585
26639
16010
8214
29545
23733
21875
29190
23001
13291
21126
3053
3333
31496
12687
20214
11193
20153
29009
106
24945
31388
1227
1499
447
14090
27066
12707
29421
31028
2143
13197
11235
2417
16514
465
18764
21462
18359
20038
32245
9992
15584
23507
25205
21838
5363
18470
26643
27626
17662
7593
29412
29866
19816
16818
24372
30138
2681
4859
30247
9148
28188
19537
5536
31258
1764
32656
3938
11675
30798
15566
886
11573
18502
14807
14796
9507
9708
3546
16165
14391
3479
21857
18735
25456
28186
21126
9714
16335
13127
23908
14956
5735
22962
14541
21624
31412
28600
7995
21493
24365
10175
7176
28451
22556
24510
1249
5712
174
16897
10104
15029
13894
25382
32633
31899
7703
364
2240
1218
10482
18733
457
3330
2396
17064
12903
23603
20452
19716
2745
14667
8628
19090
11866
6598
15717
25171
16345
3915
16920
31418
105
14476
27842
20914
6105
14702
16327
21987
6342
32362
18635
9521
5391
20274
30916
21638
22153
29848
16980
25810
4084
30124
29271
2384
6702
12325
30392
8970
4519
20483
1928
5535
26645
27250
26193
22852
15977
16368
10151
28169
6913
27058
15105
5214
20511
30276
9415
28373
9882
14705
7852
28969
8403
21346
4670
16512
27115
13066
8635
26861
17715
6081
13095
3129
4580
22062
12699
28131
14097
25707
30944
101
3033
29028
7997
22457
4065
2944
4492
9500
2050
6788
13715
8210
21310
12468
1682
170
3065
30523
24601
28419
18789
14796
27420
3087
5439
21898
24905
30615
27065
3877
6809
30591
19383
5190
6438
9292
21821
11310
1852
16099
17448
23450
23474
5011
24861
32745
6267
3670
21184
9600
22392
25684
12582
7534
6544
30377
28044
5708
3075
21096
25161
15463
14331
29152
7937
9506
20581
8990
17692
2453
4606
14259
2166
5242
27057
25015
10328
18250
21792
25101
29864
15011
12673
27625
13148
15853
27819
24976
31284
6717
19568
20063
20649
31865
16430
16911
11809
19134
28833
28983
10340
26878
507
16146
26195
12526
15415
5251
10968
8479
3498
10326
3097
1898
7131
7369
10993
10898
22164
5707
32416
14117
16697
12163
2241
29603
26201
28308
1405
32738
10627
8096
27647
9137
27483
14475
21287
28860
13292
10753
3715
15280
22336
16826
6011
12447
18478
508
5835
1701
3444
4706
8759
5836
3334
11741
633
23085
8613
12792
5503
4952
11954
13152
8403
9974
9797
15267
10331
26541
13690
5176
7490
22852
2827
17088
31030
12040
27684
6795
6612
2414
2930
1886
28768
14073
22142
30067
22970
31838
11577
31426
12941
10215
14295
9599
31690
29717
20193
5092
9045
32137
10630
14640
17662
20516
17971
29680
30642
20334
16739
22909
31474
32308
3767
23238
22661
26998
18505
9807
20074
14976
2110
27514
5393
13398
154
25350
21963
8277
17752
16597
25982
28184
31931
29426
6045
2713
27103
20946
15703
12952
1427
9690
9487
17473
6507
9762
11789
21513
4368
21625
17523
2265
30171
23209
22898
878
18594
19708
11197
21760
11730
30206
29758
18721
8126
3973
19209
1769
6967
3311
22670
19792
31325
23211
10002
20187
29108
14075
10336
28795
25467
2039
17339
28594
32057
21206
24
13303
21400
14441
7818
20316
28790
6888
14590
29294
1850
20721
14632
22364
17252
2510
15293
26716
25961
18167
13283
9547
8637
3799
25318
3219
30257
15571
30764
2898
27007
4745
28011
14521
26915
28245
29465
24754
14701
19226
292
8645
11221
27967
24548
8764
3982
24823
15694
8325
4190
11718
8810
25305
30636
25409
23815
18971
987
25365
12717
3075
18902
3146
27091
22651
21740
11209
4690
28233
30943
22044
32282
25327
2615
3702
24867
8655
28892
24307
6055
26259
18660
17952
28047
14028
1450
7614
31275
7897
19232
24259
25637
13835
29030
26274
8632
11783
26267
8652
2333
29035
25331
16247
17734
5556
8969
21150
719
9311
7287
1097
26930
32590
24741
15118
13370
25710
8670
23512
442
21655
3753
2023
10110
25011
30550
31768
9602
10275
29143
30055
2146
30558
28625
16050
20498
28123
31475
19392
11983
3122
2951
1409
13397
894
11590
11159
14675
17157
26225
28438
7964
2331
5405
10888
14239
31555
14031
23349
27033
2456
20040
16289
25865
8555
23458
16213
31717
29486
6812
32738
29451
20368
31539
19236
24442
24554
2162
10948
25538
15834
12682
23808
25017
11821
10533
1711
29808
771
20216
18047
18021
26925
22423
3458
6138
9434
9870
24809
2598
371
3757
26895
363
30915
27811
29113
13576
21851
20431
16284
15983
21557
9554
24351
15609
2455
6505
20579
25049
3386
8954
13440
30799
12716
28012
24594
15902
19187
5308
30453
8255
18547
26573
30028
12247
9746
9472
18888
25447
30873
25861
25895
30786
6493
10225
25338
2117
13600
14480
12204
10178
16946
23036
20416
8125
8667
29550
11354
6235
28926
11861
2305
18327
19446
15013
1699
30775
2500
11634
22489
31998
12908
11709
2669
25636
13468
25486
2586
32515
7823
23875
16530
4627
24113
24359
30406
16664
19588
20806
23393
2970
2114
16256
21141
28054
25540
8157
29467
30835
27170
21280
21621
30775
16284
5023
4727
30971
24888
18001
10757
16541
1965
25129
4894
4276
12672
24994
15386
17609
6253
29340
18991
8388
5640
22630
17210
25508
15268
13340
1212
29299
8564
10035
11299
12153
12528
1106
21580
20913
28282
611
19525
20601
1602
9707
11095
14221
8295
21654
26180
30518
16479
18199
18893
1215
13208
19758
32375
24361
21343
6154
31119
19488
7682
32466
32620
24877
27441
29055
6900
11564
16298
3564
11874
5633
1046
2864
326
16007
9005
28459
28620
2249
21281
16991
8002
2165
3642
13825
23509
31117
32445
28752
923
3936
25107
29478
8919
12217
10023
20685
9592
28246
19472
8979
16866
23707
16112
30881
241
392
17948
11400
1851
3561
13181
23581
918
8396
26422
28423
26331
12344
25990
26006
18665
27164
1008
24919
7916
8582
29082
7141
9951
7189
7924
16385
11343
21425
18585
22757
2658
121
10618
19414
3865
32509
6201
4089
9170
26286
5075
6247
24337
25747
898
9347
25471
11837
11746
27276
12339
8444
11090
20590
17969
24915
22429
9950
18224
3754
1754
6821
29089
24387
400
20540
7660
14447
3102
23962
8445
5890
32090
5706
14335
23556
10361
24000
24935
20905
7727
29677
18229
31875
2326
28689
7798
3319
10580
24017
8206
1262
13177
12425
32436
26060
5798
227
32318
31398
28148
18601
4127
4784
8467
4311
6446
16372
30770
17909
17577
28234
10015
9891
2169
26244
5040
118
16055
4585
23393
12034
30832
4581
23614
4408
28069
32766
17668
26867
11926
27146
28803
22733
31297
24223
4166
29751
24101
7628
27254
5577
843
16902
12028
28630
19591
30053
10214
2884
10748
1809
18700
10394
17886
29943
25331
14171
28284
15808
31985
22419
24957
3843
6802
6575
23657
9145
28731
28817
5740
26354
19213
2532
1879
11975
12300
173
8168
9104
30337
7715
22347
10071
24989
7361
12768
20876
32094
8601
9535
21241
17079
24555
32122
22009
18155
6902
10146
12005
31290
31246
1420
28880
14783
25327
11988
14964
14489
20049
17187
20331
1097
19133
12718
20899
10331
8606
6655
12044
13641
21147
10744
6035
11932
22820
7445
3924
9300
28747
16625
28939
31626
18646
8972
29900
10836
26002
19403
3829
27369
4586
10944
15200
10757
9911
6188
2269
13455
4442
4034
30943
26746
20745
2222
1909
27881
24166
3798
28540
13718
12630
352
32532
21876
22800
6772
4176
25747
23156
9283
31282
32068
18591
32584
3542
5247
19388
24013
29677
12673
2588
22706
32365
18617
10122
16746
17031
15845
20184
21830
3802
20857
31166
13814
4582
32064
27365
19277
17603
1093
3646
29252
28178
14836
13208
7490
20789
17533
22386
18842
23995
24185
28173
28245
29470
23504
25798
18483
3249
30170
19875
9964
27092
8900
26924
8123
1642
31798
636
18717
30605
31026
20887
25559
128
32576
22526
5430
29668
3784
27521
5786
13615
3775
25429
32310
28251
31621
7014
1297
19931
32014
16878
28240
24787
10305
9031
29624
23944
28573
26622
23407
29206
1826
31016
6914
27489
16239
32505
11180
18509
7208
11666
29654
3378
10650
21531
27098
27530
21922
25106
21516
4589
20426
22242
18939
14400
13494
20408
23284
15401
2239
10130
32200
25029
17885
23961
11727
3230
202
13744
22829
1239
26980
18253
1108
7338
10836
28295
18123
18965
27629
21361
1325
2255
32342
31655
3188
6273
28396
6694
29303
27443
3298
4449
24498
22532
8490
23441
9798
26143
23961
19788
19008
17386
18246
26201
24350
16001
8243
9411
24208
19810
5167
3628
23675
1642
11514
25444
15427
3584
20907
12858
19274
22416
21839
14738
25780
19003
22739
21432
622
7628
1060
23284
24430
1006
23188
15455
3900
29085
11904
11508
11953
7387
30767
13546
4606
676
5118
1346
5105
2339
11194
19356
27252
4646
20302
30798
9303
4560
158
10935
13391
32141
14002
14289
11582
10059
7191
32518
5044
22760
3202
325
26806
17382
5559
28244
20927
6502
32681
7272
517
24148
8163
7667
18685
20447
31782
27069
27169
27692
84
18742
8689
29515
19340
267
31800
29802
22679
26615
24464
15176
1411
24540
29224
12781
16013
25874
15301
2713
20549
10238
10503
17914
9452
25831
21486
27041
28961
28166
13724
31415
5053
7132
9565
4332
11515
6089
18660
5553
12508
13529
23000
935
30921
19169
25743
14935
6266
18379
25625
14883
31256
27438
24448
23676
1438
24610
27726
23638
22405
10578
14928
17113
19104
4946
3226
3162
22853
8499
17355
6537
6573
10069
23954
16620
22941
2173
3441
5260
7494
18727
21185
12270
1387
27934
12279
8772
24769
21321
26405
18661
27803
968
24516
11771
2246
9280
6576
16251
25266
1650
20852
29275
23507
1299
14792
9727
12103
8919
28248
23540
6841
8144
967
6112
3717
30966
22772
31673
10525
1543
3452
29750
427
10641
16768
2435
1528
18252
680
10297
28556
29870
2663
30349
5143
6074
12673
2504
5391
26649
15563
4087
12955
1643
26418
16867
17840
7647
19711
12611
9593
17409
7258
18225
31741
2772
12044
1755
19964
31009
29065
26747
14873
23822
15149
24713
13119
11506
31686
26414
14909
27240
25171
5117
23219
15267
24843
8670
28466
12033
12961
28490
28831
23778
17607
20158
21720
23482
11249
15209
16538
14949
1115
17960
4259
29883
25677
20149
32275
5733
17310
23836
25112
32751
31863
12142
23754
541
18777
20408
25428
17283
25697
17974
31061
9296
11211
15301
6534
5227
28598
8343
4508
4033
19750
11050
21872
13533
14927
17275
3421
10681
10257
11895
25577
17107
23743
3506
22184
8324
27684
1883
3678
13965
28872
10864
612
29171
27247
25390
27469
28942
26083
5068
18632
476
20979
9576
32456
23195
9660
9538
19939
16534
15399
16936
11000
4415
2227
15921
14869
24958
2421
10414
28824
10057
6749
29790
8852
8565
3514
15841
32630
29131
11776
22127
16872
7519
3273
26314
5877
26397
17179
15985
110
14501
1769
8983
13965
3417
14812
13395
19673
5043
21843
14233
7753
30941
22440
24681
17580
4731
5813
26822
8008
23243
7062
3562
11458
29425
27569
17720
15422
8076
25332
15730
14790
29581
862
44
6640
7497
24001
18305
10427
2509
30662
23556
16315
21105
21297
3833
10102
10416
31334
9414
10253
13366
13868
17316
3359
5947
20658
15002
8426
3344
2512
13484
25267
22263
8334
11344
31848
27448
5610
13089
15237
6769
3286
25047
4404
7982
27521
1143
23992
19385
8663
22215
2827
18996
14667
25861
15046
8932
4564
25816
2882
31952
28725
6791
14333
19595
16770
7785
6463
25934
14304
5789
18173
8265
9356
14586
25341
3643
13087
10569
20027
26433
27152
1970
19852
11499
5242
17269
24961
12949
31007
1499
21902
32757
686
18795
19051
16880
15681
29024
16315
15794
19754
30043
24812
31229
17135
30038
6494
4801
28819
18905
13255
27374
9239
25712
2262
12422
27457
5212
278
26358
17564
905
28182
27558
25024
32704
32455
10447
24275
25630
21285
27277
4944
14021
29465
2613
24583
20177
11422
25576
7782
5774
7460
19048
5366
15848
27185
27947
5416
28962
27982
25774
9810
26571
22305
22796
25077
24558
3543
30415
25921
22922
19141
9734
31707
9793
15182
14232
26589
8532
10503
31959
27423
9167
27929
32088
30133
2305
13031
16131
7608
22319
19953
21606
17482
24714
9976
9550
3028
28765
1124
9625
914
22667
12770
28230
11346
29497
19281
27854
14968
27848
11999
7351
14662
27142
23151
32614
29530
24229
14399
17973
17528
10220
7879
25285
14474
16300
2020
29078
7141
7030
17205
13012
24782
3083
10181
1396
32317
12564
2283
6272
11233
21779
29295
18095
8035
17818
28654
20537
12015
31675
25472
26345
31985
10431
12183
16500
4380
31514
14379
8969
689
12191
32532
8233
6142
17137
24503
29113
32549
22330
11748
11606
1054
8735
15359
16872
26623
30451
3166
29562
15739
16682
12787
18761
28329
785
9259
8730
20487
11453
2581
25297
25791
24385
16583
29504
14377
28709
8446
32061
28816
16659
18436
8695
32569
16338
26583
6538
4513
8825
25223
28880
10247
13276
13536
22906
29994
17483
29769
16480
27476
4732
25580
7702
6807
16581
25879
13760
17495
10894
18146
13863
18441
11783
14611
28940
19769
15894
26174
7356
20178
20628
31025
21476
27546
31928
4495
18343
8188
24019
27578
22510
19722
3646
16374
1535
12482
20113
7372
30034
13200
11542
16557
28319
12053
16766
14040
6460
4647
20690
15230
24230
1561
28076
11043
11358
31036
26790
327
2038
12965
9491
10822
10603
21297
9709
11389
4021
26567
26383
27822
17309
28893
22180
4517
15567
830
736
19228
7472
26122
20462
32733
13937
20990
18985
10022
3557
13813
26766
20817
21135
9391
21361
9140
31104
20434
880
19399
29792
13358
19622
11652
13898
23365
10785
20756
31453
22027
23957
21415
911
21738
14161
24484
16197
265
6771
28674
4129
31438
4440
25333
9115
8610
1623
8142
4308
2292
29871
21532
12582
16000
9661
3096
26368
17873
20083
10816
18161
27908
8453
577
22274
24272
9957
6938
22601
5571
30450
23679
20155
5326
7149
11131
15170
2308
16172
14938
15376
14495
27538
4038
1842
25412
31934
2352
29544
30600
3715
23666
820
16818
152
23730
9777
30658
25233
1673
9382
18099
23566
5988
26971
17662
25907
13355
7595
28255
25432
25377
19419
3291
32257
23820
31658
13058
16400
31125
32041
11122
22841
15089
21965
412
5047
15553
963
1995
21053
2615
2947
32354
10800
8059
936
16484
28179
6733
4863
6458
15427
24043
5342
10161
26084
11829
22455
29251
16923
1551
10732
4247
16765
11527
10469
3659
21960
20536
1633
27376
465
8813
14345
23382
9662
18314
17739
12298
23413
3880
10085
1310
30549
17024
28608
7976
291
2442
10368
6541
14663
11110
9049
18944
32312
11770
10916
32069
9781
6365
18610
28987
8502
24435
6496
12313
30498
13914
23019
12536
30274
22533
11014
24978
9718
31911
14634
32073
20902
2387
16174
21867
16380
14945
5911
28340
27216
19731
19761
6164
18532
27769
26975
24243
1106
26001
25263
819
10946
26291
28977
21557
11104
20012
12810
4638
15758
19498
20932
16411
32085
23512
12520
1634
21666
22473
14031
2491
1199
11674
18101
23615
25535
29907
2831
27488
8974
27919
2846
3882
12552
10077
16069
7881
3001
24293
5272
11850
6021
17615
7733
22950
19993
17248
22231
16636
22945
31846
14376
6686
28731
1751
4439
31567
940
12213
21611
17227
6483
16948
19927
17032
24155
6943
31310
2492
19508
2936
28376
415
28995
20063
1830
12274
12760
5684
20002
19904
5473
29952
21707
4836
29662
9233
27456
23243
6037
28389
28698
1659
9991
17738
10751
16340
27426
14530
24437
534
17848
26924
8435
2980
27696
9377
31038
7432
14972
16029
30707
10550
12875
25183
19039
23317
31359
25746
22167
5179
29409
22572
3269
18680
12307
27287
25281
23959
29639
19215
11745
26848
29999
8523
20241
32738
3508
22367
25894
28399
7659
15073
31087
999
16069
14666
23181
19898
4870
15264
6533
29992
19704
25938
23828
4811
15456
14948
32579
9816
30897
28875
10554
4898
31616
28955
24921
17887
16184
19039
16261
26543
13839
7496
15296
16986
11576
17035
19197
14809
28762
12420
15922
32537
16706
25631
6062
24571
30677
20728
19117
22687
24136
7361
6442
18914
7571
10725
1012
31013
20002
13674
260
15697
206
3100
27662
32023
21517
6888
25942
25213
26981
24198
4805
26518
20263
30299
30524
8336
12889
24221
21544
26357
27892
5560
18775
18986
17488
12528
9994
26940
27612
9288
9803
6619
8210
16803
31616
167
28074
13098
30529
32427
30990
29933
10599
6183
23055
4557
14949
14483
24534
10137
28380
30688
20765
30327
2409
17665
31903
32646
32450
6570
11724
30401
12289
7000
22978
3111
7999
19857
6265
20505
21093
14701
15933
14083
22591
11861
10594
62
9170
11
6195
1077
12784
26090
6955
11719
11529
24432
30568
8941
836
16889
3420
24733
8910
21453
6086
19950
20594
6237
22240
2684
19563
12746
31706
31758
14710
31655
26760
24438
31275
17152
5976
24761
30860
16283
16262
32368
3039
12925
2451
15470
28857
19888
26611
27043
1884
18756
26630
32064
19522
18836
3913
20252
16122
31435
6350
12119
11059
1446
9961
8509
2071
16763
15661
15725
25050
18298
5782
32570
402
19251
11272
337
18249
23640
32504
28060
27216
30148
31849
9319
5079
32189
3099
24258
1979
7030
8191
20518
20383
1496
22509
2907
7230
12162
3481
11928
20735
29711
23748
6893
28107
10903
31663
15070
19227
16760
30677
7249
23637
18262
10969
25002
27736
1376
31678
20020
2133
3797
16470
29123
3298
27079
21245
14231
2377
13600
12423
23684
27942
28642
12918
4176
13361
17843
14704
18013
1112
1176
23537
31111
29201
8193
27966
26448
24302
25862
28826
1595
9841
17392
19643
15221
3363
21243
21375
5050
9696
28250
29148
887
8565
6524
7189
29228
15469
1422
18996
5397
16167
24897
6324
23817
17452
21965
24958
31650
14528
21814
24855
17310
19383
7629
15383
26757
16010
5883
30941
24972
19626
27450
16769
29626
7444
868
522
10057
29222
18224
14049
11343
2993
18169
32646
29342
28495
12994
18818
30952
2807
17016
10141
5927
26062
29558
10576
18491
21312
16207
18045
14037
23632
12231
13150
4501
21292
29730
12476
27247
17669
23458
11361
9555
15901
22859
17871
14861
5154
29929
2866
19818
10938
19796
660
26012
26207
4083
21328
15839
16749
2431
9161
32093
14201
13321
32603
21839
31461
26175
22674
19046
10417
2027
31642
11625
28308
28604
1271
1823
22348
20041
12406
31599
12594
19027
5220
26566
17169
12874
7421
16569
17208
26387
23591
29420
17614
25609
353
19250
3942
2114
3574
10741
5331
1299
6518
1497
31038
5590
14950
412
24950
25834
26423
6465
31622
16892
25461
10861
30093
3461
3393
23569
22218
32148
7937
10569
28407
8142
14678
4996
20440
15539
18767
16358
1299
35
7900
1002
32322
2848
18309
9548
24391
21205
347
20774
10975
28887
23087
3673
31611
18604
20227
12078
15947
9866
32702
1597
9371
15200
19236
25230
16226
6683
26372
5887
31000
6690
18611
4325
25033
17186
29114
16886
360
9745
29900
24935
9317
18285
18171
18513
22145
32453
12587
27993
32738
28539
30150
17296
22626
32456
32433
152
9517
27392
10111
3593
29835
26648
30693
10770
19450
25957
25198
31588
31872
24742
23408
7243
4415
27205
23615
24862
3146
16090
9888
24026
26039
6641
23681
28426
246
9741
16359
18922
3169
11757
12071
22475
32531
29453
12633
24761
10494
19824
9994
18780
2360
30877
29489
26652
24214
12776
12388
13704
9852
3058
17996
23545
32243
7027
29527
27250
6396
24887
7852
11979
17445
5479
1636
31503
9305
14346
7671
23074
10492
2763
12532
30631
25656
22525
7670
16160
15761
10972
15827
30295
12992
23830
19222
22270
6846
7562
23984
27538
7967
21583
20202
13189
24481
2040
6558
21147
29701
10262
2727
20373
16413
24831
21910
9741
20007
23758
24998
12193
9049
5547
25331
10323
17085
7501
5094
21040
21055
32188
8948
31792
5637
5980
10376
28766
13822
8231
14653
3384
446
10298
26705
3673
9865
18323
20055
18517
2989
22809
26667
23525
18709
26332
25131
9284
27676
11167
9124
25816
32415
19860
11915
31253
1110
13926
10094
4511
25188
11388
6569
11694
25900
4477
19421
30647
22631
27151
14494
9801
25971
4837
32620
31285
11246
18168
25061
5873
18564
23316
8504
14910
15877
21143
20445
5897
29883
12662
27524
22415
17402
12160
21323
2757
14840
12519
28211
247
5599
10236
5589
23471
10273
17466
6481
21720
3340
4742
27784
291
30110
29365
22411
4522
29338
1615
14930
22740
30171
31890
14514
5752
32233
24506
25225
20293
8138
18304
11324
13153
25371
5345
19299
22608
9311
6944
19394
18968
29078
23054
28796
14242
5394
11657
13699
15972
17030
5699
1363
6461
6752
32709
30432
13984
30552
10163
10188
31221
14921
2641
1758
11324
2112
30790
8880
24564
11987
14752
20647
19515
8885
25113
16424
25398
19591
15000
19977
10163
6128
25595
11334
1549
30959
5908
12790
13392
23408
9713
26493
23966
12574
8801
8962
7378
4473
19891
18724
2658
8232
13761
1512
24970
11664
9006
4598
167
17829
15595
22534
18657
8448
1280
3733
8460
11315
4745
6620
8144
6489
11518
18946
8456
12273
11448
18833
19049
20204
17585
20519
17252
21764
6540
28014
9293
25424
18901
77
24764
11797
19337
11872
12596
20448
17113
28582
16386
21201
13867
634
7528
25658
17250
23493
16123
26217
14943
26481
3658
21697
16583
11553
19136
11792
25351
11551
17100
22812
13974
2453
10302
14207
29050
20481
1013
23221
6926
30435
3255
3956
14850
25528
25952
13115
9123
3372
1599
2094
20573
3468
21949
31521
22910
14714
13375
4083
1084
3812
32590
26653
32250
4151
20470
6026
11719
24527
30827
15274
16168
12211
1267
2242
18967
22911
17407
16774
15435
12961
6555
19689
26554
28872
8713
24116
23133
12954
26537
25429
25395
166
12317
11642
26760
23193
9385
2015
29559
9396
23008
12516
5294
2429
31357
26979
1649
9141
6543
3648
12258
1163
28633
28738
28031
27151
2168
24097
17132
14825
8390
5344
23027
5195
16255
2652
29385
4900
18210
17958
10642
2455
1946
15502
13608
22443
4894
24576
792
9796
23126
23700
21742
8018
21439
12768
17075
30280
12880
7953
18099
21712
28510
5434
13956
32700
11197
9195
19779
18496
11304
5126
11041
7519
29922
9422
28190
20900
18590
8001
18453
26898
3741
13224
13817
861
25622
21868
15454
13915
23770
2347
19771
27829
14136
22795
15086
7394
1822
25422
23680
27734
7298
14119
18219
4854
10496
29644
16665
4816
26821
24013
20847
6153
21163
24228
4490
5398
5029
8845
9096
28463
22878
18584
29195
20225
12317
22780
7481
27044
30700
30126
14600
21964
13561
31026
16568
16707
16188
30642
25505
6807
5466
22093
3886
784
22218
27825
23082
7396
10550
25836
13626
2478
3364
19839
1195
11549
26069
4532
1902
2025
14445
19506
12129
16140
26197
10191
20177
9006
26334
17061
16188
19553
17447
18280
25947
7694
24384
12535
13919
18223
16271
27696
8828
4799
29043
19465
2212
7279
14376
988
6037
15771
5867
7171
16405
18044
30046
5285
7292
22431
25389
10959
29044
28566
16114
29639
11261
237
17494
17053
180
9312
17785
3074
4180
15178
5013
15453
13693
5729
23262
13340
24500
29857
30124
24136
8108
28294
31451
5469
18627
8574
2930
19032
19408
12190
9092
8721
12060
26516
29268
31947
18350
10461
32188
7178
6092
22584
5328
23205
30398
30810
21950
11035
26069
15075
19193
20522
13996
7569
25494
926
26286
26547
19190
32616
21464
7137
25509
7407
11968
12779
27010
32427
19927
11535
32544
30703
17899
25199
10861
9990
27632
962
1169
30082
9215
16969
8473
29393
8607
7684
28757
15633
32068
13607
8446
27685
17173
10184
17692
13065
24306
25562
15911
11106
2486
27998
13421
32602
7097
30424
7603
26026
26778
24064
5919
9208
2107
24763
5718
2916
12556
7753
13793
9054
1933
14528
8405
30394
1806
10937
25011
14086
26553
9545
6285
10779
9683
2611
23658
5618
3647
22107
19436
7865
29764
4222
4400
19238
29840
4129
23798
8972
27004
12487
7426
7212
29841
17767
29122
18765
16715
24605
10032
32655
25886
16928
13562
26108
183
2036
2528
9056
1668
26081
9822
7770
