17957
10359
1524
1616
2095
20845
16919
8222
30313
24855
23628
27937
22203
6990
2140
5133
11993
16776
18999
28712
30661
2123
26004
21082
10902
232
28888
22660
2679
19301
3897
20243
20466
9403
5667
20693
6511
9538
8666
6411
17655
17257
23906
15295
5950
28330
412
14424
21473
22205
20401
6763
10988
13068
2739
7380
8095
7784
13442
774
19570
23290
4589
7327
10326
4732
14874
10048
12606
26281
13608
667
8158
26097
28178
27341
2226
14450
31703
11503
3651
6436
1496
2535
2214
28499
18305
15236
17989
7251
30507
20427
18914
20847
5185
20107
10712
546
24738
23864
29860
18058
2375
21749
16037
16921
16934
32499
15648
25230
22870
27386
4743
2851
1395
5189
12283
8
29508
18579
28687
9745
22171
1403
20175
27308
637
16384
25345
26645
19587
19045
31914
6605
16256
19523
3284
13640
24932
216
14991
31461
4193
12194
18742
4900
15180
4908
13299
19476
31045
8745
8837
19210
17562
28351
6977
1688
23785
4133
5719
7357
5253
19056
22103
22874
3355
26794
10740
229
10134
32037
31495
13153
11071
31758
20183
31630
26665
25669
7063
24157
22732
27244
5936
32422
1776
23103
25409
10525
14285
8739
14948
23683
9072
15617
692
8729
15200
28244
27020
19034
17538
1153
27793
25065
18490
5480
29682
29385
8403
26936
25070
26060
9505
1927
15255
6222
14180
6818
20182
31266
15216
7457
31152
18381
14347
1471
30407
13554
10135
25961
21284
6926
15345
11157
28979
102
6552
1237
15631
2877
19986
1964
30208
13641
1419
9120
12611
21352
17344
1680
31241
17808
9243
27720
12993
25348
25887
3155
7066
30414
17159
6672
8772
24681
26026
2825
24311
11454
26018
6015
25271
15186
11437
10570
15062
17341
13651
11488
19898
20318
28106
30899
29921
31565
16918
16064
30753
5777
4468
15460
20021
28819
4857
7282
18037
27603
28023
16260
32741
10458
1696
24206
20849
23920
19822
15289
1911
11278
962
21870
6790
3990
19275
20400
17254
12098
31145
1968
4184
11994
30674
1435
24478
20267
12469
16567
25406
29364
21278
27054
4612
23202
27354
12074
10694
12287
5403
12449
9963
11558
21534
4979
21806
31610
17930
28210
23968
6487
17180
32320
30188
23625
9985
23456
5343
25468
18819
7942
20520
3700
27240
11824
18268
19454
5271
8825
16445
21863
15485
32172
22587
10731
7599
8470
28475
24176
7121
15071
12184
5493
10934
7578
22375
13125
456
13850
9984
8816
7851
4999
6330
15483
23325
13746
17909
10967
6689
5542
7518
21520
20572
7296
20078
10567
27583
31872
3636
26594
24166
8287
6485
9090
20672
9443
5969
11317
16113
4274
17159
9454
1396
15972
31868
24114
8453
11483
10200
18707
9662
10711
32177
5730
12672
2757
12428
22049
23956
26584
2977
11063
29586
3419
28383
26471
27010
5958
19504
9091
26946
27407
2558
10205
26408
962
28406
14591
3047
17492
31500
7324
30135
17461
20927
27334
5296
18980
6558
32608
9847
26951
29963
8151
5405
29819
30783
10509
15684
15337
16526
22934
24452
18650
4332
3111
16653
3020
6065
30283
16269
12484
16793
16216
23636
3559
15887
930
694
24644
6315
6126
3504
19189
3065
8490
20687
19558
29052
21595
10318
7668
29426
29398
21630
12730
24794
22195
9323
17063
21044
9087
13245
10964
29064
28465
16348
29717
6953
30559
22616
22223
12475
14002
28295
6921
17907
28312
2160
4037
2718
31032
6887
3216
5605
30635
20218
12632
30415
12393
13964
22654
11783
12801
13376
28460
29920
3598
6809
10217
30102
16486
18015
15210
22743
5780
14404
11179
19585
11145
29127
15679
26542
19342
6489
6885
4078
21629
10686
22363
17363
26161
12471
16759
28339
30523
24798
15987
10665
8662
31441
7817
3549
15646
20882
8127
31749
5756
28206
4869
32044
24421
5789
22397
8370
9028
15338
8218
31637
22964
5012
14188
11502
26867
24627
13754
3007
11411
11614
23890
25067
21619
717
4381
22662
12270
21179
6518
31055
14674
10126
11068
27003
30100
21690
25894
16821
31810
12003
14167
10082
15288
3906
26931
2857
19863
9801
12656
12467
28531
24970
5232
25519
29644
26837
31950
32282
16192
30368
16951
9149
9726
4012
4731
22263
15742
24038
28899
19132
30320
12940
16326
5598
4850
29584
2135
11147
19717
30785
29889
15640
16706
6440
12406
26876
29129
30512
8899
23328
30075
15883
14249
16982
10089
26064
10984
16166
27275
14313
2396
12241
21942
6956
23692
32144
23496
27464
13441
20253
17446
24419
980
17524
1896
17409
523
8155
25682
3112
2086
32
16646
32194
7028
4130
11385
32066
6827
20370
5156
15498
16696
22779
508
20748
29908
18688
30371
30000
4440
10982
13280
30966
9938
3666
2893
9693
24024
10835
1359
6659
30236
12706
29771
24205
4929
15401
18455
15689
19437
27075
13743
6546
12064
8771
1834
20597
13252
5815
10220
25618
18053
26606
16668
30276
27106
5687
31321
22148
7300
7788
12968
9994
31183
26671
17841
23862
18616
26996
12588
8495
27862
9024
11926
20682
28091
23471
5416
10669
2180
14652
6153
24244
32687
9021
13507
7315
7469
2989
26100
16829
6840
1582
28230
19845
25703
20558
20384
19075
27008
12042
17054
14394
28557
17809
16959
14327
7090
18762
32734
252
9789
14103
21348
24542
27775
28124
31675
17708
21723
21051
17286
10065
14620
24482
24079
15292
19211
19080
4224
19262
10050
6131
31575
9651
2619
20030
6164
30948
23468
8985
16180
3756
1047
19153
19043
13914
16540
19666
9966
23895
26899
362
27767
6921
23639
7375
19436
13302
1764
27492
27322
22573
14245
9016
32317
8418
14087
28367
15227
4440
21586
5414
28435
7940
23865
25329
20848
1263
13232
14631
27458
26204
30205
25792
7727
1195
27922
9150
9669
3197
13594
31594
9396
15897
21586
17376
4666
29966
13338
3277
7134
21274
12364
16248
20321
4683
12492
8703
8434
16996
352
8163
8609
30082
23490
31687
31254
8191
22516
20085
32131
12183
14036
30498
26839
7625
15088
24819
8757
384
923
16832
3236
25587
7745
13847
17416
23754
16887
24196
21841
14722
26966
25103
18162
13330
16010
31239
1428
31951
3494
27390
2316
7053
12602
3861
17803
27655
11560
21882
15637
14721
27571
23342
17717
15787
20697
268
21742
1737
6115
8967
28404
2321
12090
21683
31773
24404
1660
18183
10770
32481
719
15201
8778
25255
3446
10186
11577
29081
28834
28795
5572
9303
30346
23201
24825
11786
32445
7262
11773
11407
32183
11792
21061
9177
6835
16597
1545
18576
24513
32335
13558
24062
12312
30116
18212
11052
30893
22985
30279
19272
20229
29953
809
23882
29255
30112
24408
22232
25237
30741
7963
32358
668
29223
18347
20641
30570
25471
19872
21774
14976
28519
22442
9710
4649
17361
6529
12134
25610
29083
23327
27100
5625
6673
44
5028
28947
5556
9146
11740
15112
30778
7218
16532
31162
5589
31630
10803
5383
28088
24521
32277
19170
7640
10132
13945
10665
17391
24395
15771
1202
28615
31271
4637
5928
2741
11189
2731
18709
22627
30087
31967
19135
29907
15657
19298
31288
29601
32342
8021
18225
1161
28012
20719
2319
16680
7710
17255
31553
2055
617
14356
21456
2261
21961
23763
10295
26100
18604
6569
5238
3896
39
25001
22626
14827
15848
2840
24383
6676
17516
29392
26000
16632
19314
28386
12590
17634
6319
21631
3992
5664
4291
5401
3722
9550
21612
14021
8913
16087
15865
11236
12637
16312
21250
19970
11928
1927
32343
32766
18422
19380
9782
15211
19405
12304
29377
3383
17256
18571
22702
17802
29527
26690
15425
24305
13832
25017
16503
24764
25756
7268
5765
16549
16883
9069
24960
1970
7177
4529
606
15964
6022
32524
24605
25584
22928
21206
66
30006
996
8109
901
18001
14117
27765
23243
13286
3955
3742
18516
28544
20288
31141
310
27443
11359
10206
778
10368
29534
112
29157
28281
29974
24225
4746
11045
29312
7764
13533
1062
31435
20943
8859
23193
28587
1218
26185
17982
9203
12421
32362
19417
18534
17826
20725
21208
6858
28307
29446
7733
2879
28621
6356
19614
19407
18685
16867
9172
32326
31633
30075
11089
29764
6778
9048
23085
13712
1840
31907
23618
16559
32759
22817
12943
14774
25442
31915
13018
31580
19733
20702
10905
15955
28622
26387
10515
19161
20647
22161
13507
26762
18325
19202
28669
120
26933
22308
28884
9597
15816
24513
20538
30416
27003
13025
13417
4311
10733
7998
23170
60
19691
8184
25460
27459
1150
28810
26656
25947
15399
7421
6331
8435
21353
25180
27507
29582
24968
29543
7765
24602
26257
30091
4206
7037
3482
18962
13872
16242
25675
30616
11544
8083
11165
18366
12942
29878
9698
27938
525
21117
1542
17806
24195
6953
25620
3183
19195
26031
23291
4489
13945
2574
13203
18410
7973
18399
16603
16668
28844
15150
20869
26783
8676
5000
23220
5014
21935
16725
16388
14529
801
3433
23755
25771
26853
20181
12958
15909
20444
13059
24855
12018
24840
19458
19158
1220
4777
22814
3014
7784
28837
32180
9377
31037
17453
23108
32695
13034
24222
15304
13035
21328
2981
21828
8958
29374
28327
14239
27664
4196
20320
31665
13155
11531
6602
21149
18019
32259
5440
28769
10979
19548
5859
1195
1194
21593
13117
13807
29742
14625
13092
21174
21151
24760
20449
11577
28455
19502
31378
21806
12657
16406
13005
9186
17768
20794
12422
20104
13377
10637
25907
29392
3771
6497
6189
20924
3237
18650
8794
11440
17825
7587
3337
30920
26409
10463
6173
23661
3023
12643
27502
11051
6089
11810
30572
21437
16044
17640
18694
29802
5752
8524
21706
2453
23509
14304
32077
27279
19356
18858
22733
2223
13721
15320
31253
9381
11408
6063
16545
28171
30589
18117
29699
16701
10272
24432
11909
30571
31417
5502
23312
31980
25361
8998
19020
8661
27321
15935
8969
22731
17558
28080
12766
22549
14750
21288
23567
20725
21212
15631
14772
12601
25786
5308
6936
8973
24447
31976
32096
16147
2327
13410
12909
9398
1043
4357
16387
27835
18416
9960
14890
10776
28316
28628
7380
27914
31542
1787
26817
31842
32277
19686
1952
14623
14861
1968
15223
24642
12013
21362
7492
7902
11596
30462
28389
11375
22406
28880
17461
24428
13313
20545
18296
28704
13493
12030
7417
23989
22507
24249
10737
10642
17988
7966
17067
23783
4606
28681
998
3205
31603
21494
23419
20212
24290
5817
1087
22719
12146
27759
31019
13075
9076
31924
9146
16520
30185
11798
18835
1087
24900
17866
32104
24365
14193
12190
5918
14262
15125
559
30510
16254
7704
4956
6475
19324
18785
12538
14917
29264
20960
20937
5421
25814
16082
21159
31674
13563
1344
5124
19947
32463
23753
2966
5358
10204
20898
7758
17729
10423
14299
22154
27671
5332
25572
19084
19453
21662
19535
18219
11453
17863
30935
4808
25218
13789
25250
23684
20542
27423
10691
11184
26953
12174
17411
25478
30283
4679
2273
12054
8539
21263
16087
27010
3432
11312
3551
22126
31960
28292
31542
16051
19312
9167
21088
17747
16244
11089
8044
2226
30223
1180
7801
25603
28404
15524
17529
25856
31558
12565
17717
18910
5046
7657
14994
7040
23019
10553
20754
14315
18726
24915
7581
24826
23078
24846
130
9042
7753
3674
14777
10649
5621
10011
4715
20451
17974
4152
16307
2925
20904
6894
25255
31374
6296
13419
18834
12522
9318
13208
22148
5097
25133
14646
12045
23400
28838
22060
6469
2734
1354
27679
10767
30113
11447
31812
10399
9785
27221
22642
19258
13878
31545
27260
12605
28942
16458
1469
15969
21034
5026
30452
15165
13137
3383
18003
24333
16229
31418
24530
9905
32077
3775
5577
7417
1842
2847
12734
30751
16878
27290
1915
12437
10433
19905
15972
29953
326
12052
17672
8071
2982
8807
8950
4166
780
9098
7378
4389
601
14376
24232
9935
8472
26864
8319
29436
23732
22003
31026
3059
8680
27213
21371
27980
2680
29448
14673
26107
8991
7485
26996
10122
19912
8060
27462
23206
5121
4718
5340
23773
32172
15545
14165
2982
16375
22052
25962
16546
22671
1532
2119
25377
26897
8374
13977
13032
26306
26837
489
12338
29311
22287
11816
17652
27895
11691
1931
4965
6935
23341
19097
3518
28358
28725
21122
15166
18387
11429
434
20082
16683
26626
6310
28851
24144
22813
28414
26352
11526
242
17108
29614
12112
15568
4685
6732
8602
17338
13165
10124
28984
4878
7728
9039
30479
3684
7382
4000
19090
22201
22142
6388
16625
7373
26614
7088
27788
29385
32466
8940
12462
24869
10939
17527
15736
17097
22794
32283
2075
11378
11926
30754
4939
25432
13257
20760
7152
9998
1786
22227
32286
21161
2294
20657
26183
6436
14304
16161
8879
24835
11324
13413
10529
823
27718
10902
9441
28994
2440
31464
8417
1691
15531
23087
8759
2388
29582
32418
18127
7674
1429
21215
15453
12989
580
23088
9110
9680
19980
10765
13216
11027
356
7394
12743
13552
15900
8722
4465
25730
28398
20283
20564
17661
9559
5820
25318
22090
2469
18292
17685
10993
4432
14797
825
7484
28557
19961
20295
24474
29729
8060
30279
27713
19571
4587
18952
6167
23270
6899
21266
19667
6245
28060
24284
11871
13376
27343
15935
12161
26166
31511
18475
22971
9939
13732
29849
19568
16892
30869
9152
14151
30664
22135
25996
21461
8081
32008
21836
8822
331
31041
23979
28283
22805
31892
30945
23947
14606
1907
16682
3651
15722
7441
25975
2592
18117
25708
22116
3743
11958
23179
16235
29090
10920
31236
8279
9494
20709
31682
6907
7635
29684
5381
18723
8643
18469
22186
11979
16711
1898
4525
7311
32726
1896
25836
5731
28648
30158
22574
4740
17938
12006
10339
9391
10098
25194
10542
27024
14157
31384
24480
18045
10231
31112
14919
20836
21235
16574
2663
29954
7260
30460
8839
9558
9603
89
15919
14422
4826
15511
5873
14048
26897
32690
19110
14835
17790
30901
30458
10271
30146
31441
11819
26426
12970
23728
10509
22101
595
25095
23122
9198
1426
25451
18184
21608
13458
10341
18531
3256
20159
10184
6845
30048
483
8770
24027
18849
3215
19250
27250
26348
24509
29625
8425
28827
947
27668
5473
23518
17451
3881
15603
30712
26544
11359
56
18091
30283
17331
22287
14576
21343
18441
20890
9196
11986
23487
12938
544
4461
15240
32413
21728
2182
19320
9572
14854
13532
31323
10058
2535
16578
28491
23762
4486
384
13698
17184
15624
18422
23148
29115
18024
9346
12800
7569
15468
8740
13649
19772
30168
15584
12128
8835
17633
5988
11317
23844
32484
13291
24110
31441
11352
13409
28054
6264
29954
26056
26233
30919
7271
6874
14519
21488
8839
6640
32344
21673
23752
8738
31775
26231
6961
19376
4194
14637
11736
18337
1049
7599
24222
17065
29236
8188
13081
28496
14642
620
2770
31569
10991
32310
28081
29760
28349
27956
7861
24432
18871
16619
18152
2324
16722
27334
19603
20132
19509
6562
10926
26755
1355
28815
23706
30430
5398
6869
12819
21975
17734
24886
8032
31971
29322
9331
24012
28016
20646
24850
28762
29900
13510
8285
24757
17730
23057
31406
18534
10886
21634
3818
31305
23891
9715
4940
24642
14930
10619
25444
24876
24638
18682
12127
25362
31046
12530
12424
15778
13234
30361
1807
12510
11722
25644
9481
13333
22771
24453
27321
12562
6172
7920
22542
32659
7512
8251
30572
13565
19148
5644
26032
7245
6860
16247
7022
27218
21313
24016
23420
538
2126
15550
27317
23978
12851
145
29943
28401
23153
11990
17262
3327
9263
9512
10261
16755
13276
29257
17017
2610
14870
17777
449
25439
9674
26597
2027
11655
16797
29900
21080
17435
16523
17214
19339
22564
32206
13983
10798
25394
29698
26923
16725
18069
12166
25809
9735
27344
16421
24133
19963
29515
28150
9809
2975
23112
13696
17772
2910
2328
20258
30093
13859
16527
17843
28225
7449
26037
24677
14076
21174
1726
25583
29612
21751
11325
28395
24468
27885
19092
30076
27224
10104
26543
8245
11092
19283
18674
4662
7986
28752
15727
23192
25532
7141
22621
5388
26094
1768
12229
32190
13904
28823
29567
31872
30595
8923
28765
27428
6937
3022
21414
6953
24746
4218
17094
24219
19235
31972
6979
6196
98
13641
28403
5831
18176
3239
4205
16351
5742
25727
17341
19875
27972
31193
26460
9212
25045
906
10591
250
8455
1458
7406
3188
20322
32392
17400
2799
102
20570
24869
14273
14370
3279
9740
2679
11010
1392
4519
27507
12265
17766
4867
7130
6271
22661
17468
21677
25549
906
20905
24885
32519
20897
24916
14501
2216
6955
3757
23291
18884
27069
20095
29991
22938
23916
20258
4207
8042
30536
10483
20754
9862
27942
29441
2091
30890
27299
4105
7385
29328
25445
18341
4253
18112
23204
32704
8963
8870
17385
10829
22661
10726
24854
15160
26796
15348
16807
15005
22392
14303
18231
18233
15874
12909
21318
7454
1632
21101
569
29866
7881
18249
6050
19897
26617
3547
32706
31514
25303
30593
2637
576
24918
10100
17004
9018
16025
31317
2056
7398
25178
3081
20038
353
5004
20423
9038
11969
24127
28271
25937
16391
4293
24350
18634
2639
5139
28159
5124
31306
9065
9572
13276
26094
10038
19733
3528
9836
14134
29671
13080
3683
2013
14225
22908
4179
18168
16060
15559
10580
11154
6489
19954
25608
15636
31543
21348
1998
5553
1237
24176
18488
9217
3701
14880
2240
12268
10609
14129
2230
9930
19410
31070
2941
29384
23071
10722
20727
24974
883
13112
29246
24095
9170
27173
30357
512
8381
18424
13470
16796
29700
6673
21453
14311
22748
19104
540
21826
20273
9903
12800
30111
26942
17763
29852
8677
5978
29822
17461
150
26133
20009
21223
14767
25219
23537
12694
20943
6360
27407
25383
16540
24885
30188
12271
18018
28354
18148
19819
17662
21757
14410
11826
8187
30546
13741
3625
26618
5867
25178
3830
21847
29385
2338
30903
22025
11796
14686
29427
13002
28847
13616
18896
3961
30224
5387
4999
19132
32335
17525
18966
233
21884
15371
11573
13863
25910
7366
138
27600
1145
4222
31264
9498
31160
5036
29974
7927
25388
3188
15508
16185
31083
21219
771
32506
24636
3701
22910
21563
31146
3290
15235
24267
28503
30201
751
23659
26131
310
22569
10287
4013
4080
29341
18727
3849
20814
15724
21567
25203
21308
13409
9572
18483
9392
3368
13288
20834
27954
186
1576
5884
7579
18716
2156
17718
7709
10057
19214
28945
7555
1389
27615
27695
26042
2387
11974
2789
22929
11041
2474
4243
32701
9283
10130
13872
16160
19109
9995
32553
12363
11301
6091
20588
10305
32328
31635
32191
24701
13867
20058
16727
24631
23741
22951
20902
2788
29484
22335
2420
30716
31645
9984
22065
30719
31264
7181
24714
27322
483
9515
9018
19143
8870
21611
25635
4691
19054
2570
17309
23843
28542
18069
22030
27609
5763
26704
31675
27764
2319
22489
27357
11287
20552
26633
8184
5643
18402
27931
10344
9222
23882
20240
31548
9134
20260
6993
21576
30041
248
22935
17782
10263
14120
10248
29277
5874
20262
25251
10773
27508
18403
23005
21321
10602
11915
23692
24205
10216
17263
6405
13042
7053
27459
6529
18648
5640
16521
24518
26372
7899
22861
25603
13811
18783
5395
31483
7533
27657
1806
26469
8285
23787
20626
6803
10975
22398
32716
26707
1691
28574
18097
12819
26962
13782
7732
19784
20918
28894
10684
10512
9855
4194
28373
30485
19387
15621
13605
23477
8805
10662
8867
26977
9786
2530
26627
27459
7624
20954
4468
17188
4296
9014
20366
24204
30893
2922
19590
1835
24445
30519
24997
4727
24800
32629
16632
13463
16759
29457
26440
31360
4206
16978
27212
12126
1877
12128
30494
12597
7211
26630
5356
30920
31164
27831
32752
22714
21038
26831
12450
14323
16342
24604
25388
19269
10320
21917
13086
4687
21966
20361
8035
7074
15024
23699
2676
21539
4949
32365
2763
26033
23089
7563
8091
26887
16928
27177
7614
28387
11002
20111
26862
9320
17512
22164
19769
5824
21238
12385
3247
23047
19305
10871
30046
5988
14418
21236
4992
18041
7651
7185
21490
5630
20482
10736
10984
18344
28316
11669
4832
848
31804
28978
30676
25937
17116
31143
25268
19506
31483
24905
30995
10629
26863
20450
9505
23054
25725
13306
31193
18728
32423
8533
10107
25445
14789
30909
5181
7285
2007
15618
27965
3145
794
14654
17339
26487
5337
23645
2693
22241
32390
28125
1970
29330
30985
32723
3731
25576
24152
16943
5607
29432
4424
6976
32334
814
6051
10619
7425
17204
6778
4728
24255
5141
16572
17213
5899
27555
6152
1471
20372
13846
32704
4006
11253
31477
19039
28241
13726
18746
2316
29722
9234
11953
13679
2779
30036
16033
11715
4017
27291
27566
14124
7167
15693
14590
31307
24502
8235
1691
11792
28884
24777
32024
25808
13355
15682
23672
12184
17252
16937
12875
3008
29763
17603
15130
20163
25901
19827
29445
1102
13031
1653
6571
29334
15264
719
11594
14575
4914
29061
8487
15515
3237
4365
21297
22495
31988
30466
1249
32604
6932
29
23396
20893
8499
31840
11004
17645
4926
27540
4516
26475
20133
24054
9459
25952
18274
19758
14146
18895
5688
384
30737
11598
15416
22342
29607
18197
16266
30878
13817
5205
1386
24416
5325
2507
3441
13139
25887
916
29206
22688
8132
26435
21108
17030
14669
11313
2382
24144
12590
15892
21840
10884
7200
28115
22167
20062
11715
25753
1396
17788
1416
19753
1645
29659
17102
10097
32645
13826
9291
31329
21182
16765
13998
22525
25051
27021
22146
26545
16234
7198
2390
27365
28930
11001
29211
28626
9930
13627
25805
9876
3130
17670
23894
3200
5670
30070
23983
25015
29176
13527
30536
7419
31293
30485
938
20930
21603
27763
20571
15497
7104
4224
16897
26987
15831
9544
13003
10482
27607
28359
4109
18221
17765
17059
31530
14595
8347
16410
29111
13254
4945
17464
16605
25356
8603
28238
18431
12474
13714
18593
20125
21345
17496
26975
29049
5838
17494
8151
27384
4828
22728
488
15050
17549
22140
28090
28877
15705
1494
21421
7983
23750
17944
23695
14292
18489
30176
16402
22775
5388
17651
24445
19731
22752
21304
30881
16900
5173
16648
1295
31593
11064
5285
6536
1102
24795
6407
22965
9224
2091
6623
21528
6751
24543
8406
23107
26355
19500
6165
10568
8152
25313
30219
30320
7044
32175
22122
13360
29163
18120
9331
9048
6376
29613
14964
1166
8159
8768
6799
32251
20129
3105
9404
2372
11151
1079
28177
32188
11523
29325
7490
2776
6635
16992
28772
14051
23991
30326
20470
13810
21366
22449
4897
11547
19515
29155
22847
13794
21702
21220
7323
13812
32352
16354
25207
24344
12039
21753
11348
27490
15563
17155
3693
27049
22648
8114
3973
11836
2933
31708
13794
15313
19692
13333
26010
14526
29227
12163
29709
17516
32331
238
5299
16648
5391
7703
792
25979
5390
8523
3620
11165
7445
18743
26784
28325
199
11006
25334
19941
28806
19081
29240
10164
22679
3359
10340
16555
15232
14901
487
27412
2997
32391
11359
17055
18548
9575
10917
20567
25070
31829
31243
10965
10407
5329
7394
26291
19487
22637
11840
27460
11442
8998
25344
32642
1213
22516
7177
9032
11522
9120
28116
2242
78
25046
16680
16929
8793
22651
28968
30611
11757
15680
2704
14706
3658
14712
4156
17083
1994
24615
26858
16323
13249
19035
23104
27941
29607
19903
13585
8959
8057
365
5852
8286
29532
1284
25749
10998
132
15866
25256
22295
9556
32564
3644
3036
20678
20180
7092
6054
5390
15955
15996
26824
19834
2255
7682
16004
23453
27558
7170
26167
16300
27971
20487
22736
4136
1592
23599
19590
5309
24717
32558
3787
2155
8536
1941
14971
18147
28814
3157
7770
26932
13081
3710
26557
5542
11051
26701
25991
1766
29393
11622
30551
3684
1227
24670
32000
5626
18331
8572
23098
25806
20188
15041
25239
11129
18133
11557
16824
7017
15950
8996
13248
3459
17058
27769
8713
31757
534
26410
30742
21452
26729
31172
17609
24681
27053
744
31702
22554
28501
25094
27512
19070
7054
32105
14947
30408
22227
26996
505
19743
23483
5419
22720
8005
13590
8181
24852
17527
25145
15519
12313
13461
5526
17829
8436
24195
16784
26285
26683
15823
26509
32597
31657
29588
23884
9006
8727
26270
31865
23304
16295
11982
28798
2929
12867
20416
5789
9336
21062
1708
9275
32439
27512
12170
1919
2448
16960
1402
13852
11958
30997
16994
24171
3823
27190
25049
11965
31769
18843
2884
9967
21611
9003
26430
10303
8958
2351
25662
14173
10636
1799
11891
9414
14199
11291
24307
3917
29197
17173
9749
29946
29194
2382
29979
17944
23134
31365
27413
11914
19505
1239
2306
2398
23589
14571
28983
12965
27867
19054
13829
11137
4792
29887
31638
17535
25833
6123
28952
16935
24484
8667
25885
12242
15281
6092
31042
21692
24362
21504
14607
32602
19327
19379
6175
6894
11452
29009
7041
17240
28175
1766
12893
19247
30597
29910
475
26640
30996
30926
10304
31030
26334
16634
15195
7243
2740
18297
1567
1150
20185
526
18833
18390
9737
14872
1253
5830
13498
8388
2275
4609
8098
29569
23184
12943
9081
17588
10507
30753
23040
15533
23221
20898
20546
26330
30100
29710
21018
24379
26362
4999
3829
29718
28257
12966
31705
4076
12186
31759
5799
32683
12327
23112
28317
26917
17381
16843
5662
1473
11502
24921
25014
30065
29373
11410
6233
15844
13459
29891
30955
18940
31514
1023
14598
32130
19784
28273
24823
12569
3207
3568
10505
10864
23571
23508
15367
25788
6051
7432
764
15718
7499
5217
24125
22784
28321
12078
28585
21630
27935
24593
23088
5795
13768
7181
6802
21945
24590
11743
23913
9605
9204
21394
30314
8570
11120
23118
23784
1837
4883
11377
20889
21769
24043
1504
4509
16708
24745
17056
15036
7441
26623
31648
17648
30744
7756
26073
13603
6179
29819
10137
27961
6426
4648
6172
15697
18737
4357
7517
6728
5472
1917
7211
7551
6676
9879
11903
12767
11300
28444
5133
4634
28166
16892
4377
31795
17731
20462
12172
15936
17448
11351
5703
111
23486
1901
27319
28743
27133
21404
28842
12592
30781
23081
23649
13878
15853
789
2790
26890
15239
21572
5280
16969
451
27614
28196
14081
30988
31222
2894
8050
15664
32105
14481
31505
24923
18441
7819
13779
12358
3579
9180
21159
15532
1118
8505
8004
22014
21293
7100
21798
13655
24167
31102
19411
30386
10861
25704
8291
12891
24491
20294
30271
19107
12666
20765
13609
16856
11333
19135
26749
11380
12011
2716
9142
5013
4965
25307
4147
23469
19113
26026
2108
891
28622
15314
25408
20282
5744
18830
22368
13336
22614
5533
5170
6121
26194
9878
31422
14621
8297
19068
5837
21231
31028
31890
15716
20960
10374
23920
29835
11364
29008
29015
2130
13275
32449
6338
28950
29122
7345
30525
28417
25899
20287
15482
32464
13418
3513
930
3033
10002
9405
15593
844
31776
926
21861
11449
28789
30985
4384
27602
2442
8937
19308
20339
30815
5511
4470
4575
10420
32246
19230
28237
20604
17326
26118
28579
5007
28023
14057
7297
3999
19849
1327
9345
25709
14577
29886
29373
3132
20022
16914
18834
6278
3901
1168
19364
9967
21098
27415
5666
8823
20232
9945
20556
9459
18667
30825
21554
3262
8019
4884
21694
6828
17172
19061
9460
11327
22516
15940
1145
26142
1365
30831
5458
25282
14868
12652
24303
14707
26544
11981
616
29043
30895
28693
1030
13689
1597
7626
19973
23392
4375
28363
20632
5153
16807
30692
25390
22527
29552
6560
19188
25345
4013
94
2715
21925
31541
27303
24411
19923
7074
10687
3896
3088
14258
4218
27780
30964
14062
17489
12965
7902
1161
9397
8216
27622
6538
15524
29110
20499
29230
29305
9014
3023
29319
27144
6388
17047
32362
19690
5872
9719
18568
27926
10522
19638
7387
30129
24781
2638
10820
7720
2969
23198
3954
4987
18245
13795
12037
3036
5908
24805
3827
14456
24136
3438
18219
2453
25573
24320
17273
30941
17335
10183
23722
19961
28822
29133
3312
4450
11241
10349
17288
8564
5737
30218
7065
7621
15912
10753
31328
7348
19921
15067
22666
24389
16689
14536
15073
30508
17142
17481
7723
4903
6071
23852
23119
26001
14901
7613
16570
22837
3297
13883
31233
2144
17566
15497
26312
10810
28871
9254
2018
27221
17524
29279
12730
24199
1273
707
3825
3829
16816
28632
13896
17521
14585
29708
22465
4358
3710
22254
17665
18128
14012
15006
22777
20753
15295
23938
709
9090
16172
9275
30676
13287
23941
32728
20810
12774
22185
1097
6306
28953
8090
17174
1944
14690
16771
15953
32582
29055
10746
1993
31373
22494
20610
24704
32694
15794
21844
27743
21849
30790
32095
20009
32382
31889
12173
16302
16899
22796
22344
31297
16702
448
20541
875
25058
8867
16223
12769
3879
27684
32047
32436
5669
3589
30011
30408
8577
21609
7909
24711
6220
6958
29542
27094
25640
2940
1299
29256
25261
22430
7134
17810
1547
26897
31519
23104
26864
13531
13461
26790
22956
10782
11431
28184
8339
28397
13296
28766
1442
24414
23035
5474
22886
737
23883
25388
1306
27600
23711
15376
26128
13639
11636
27430
30802
4917
31690
21755
5256
10419
5931
8326
17692
6293
4330
27742
30365
1087
4009
25642
1889
27835
31773
19032
31343
10760
27414
18962
20891
27828
26809
9581
21235
32173
2320
5092
15706
12372
25030
25862
12403
15059
20779
15211
19393
26800
13950
29676
18700
23459
32620
3347
5638
20133
11988
8913
12590
3914
16589
21103
19957
8528
4074
6855
1055
16504
8125
3252
3693
13460
28825
24519
23673
11234
16540
16188
31713
3992
24045
25388
7335
1728
28227
18948
13528
6982
20391
9781
1900
13648
30330
21549
4718
24781
27833
27783
10333
4433
22144
18046
14545
22560
8141
32424
3169
16521
14215
21985
30661
18037
31679
31876
19000
6975
15157
7650
31520
11462
28702
16364
23281
8897
6180
19251
19279
18003
19887
20243
17011
2016
1635
22058
7631
5918
6890
24335
2037
16751
31731
19777
30133
2670
14458
26206
32389
12999
14666
12182
5159
8525
21953
16222
23941
25158
9684
22377
14560
12553
13650
23252
10537
16332
31853
29857
12975
12727
16758
614
27387
31549
18408
5958
16376
7339
28840
11041
14936
27393
12171
18952
16178
23298
31257
22516
5360
647
5009
15543
12136
17432
23085
3122
1865
22717
31142
32457
185
11282
9979
19988
9532
16026
18799
18903
13528
597
13520
14645
21111
26005
22783
23584
20364
13
2733
8468
23289
5675
18787
25349
5937
26280
9925
17302
23449
30301
13079
30091
9525
20056
4864
2945
31360
24623
8846
7900
18075
1172
18811
25346
28586
18474
25775
30919
11388
31383
26885
5671
23914
13275
9042
22075
27777
17376
14756
17766
30947
16465
20935
32208
20842
9392
270
26645
655
14499
26959
29758
31626
12431
10032
24304
3771
15464
30113
22243
20809
30920
10922
5782
7689
30270
29031
17985
16289
19176
25937
14860
1517
25156
29374
24702
19105
32579
8364
30008
10544
9375
10170
19427
28141
22383
31351
18279
112
28665
8927
20829
19772
27847
6435
26056
29343
31741
30633
1791
13529
12009
12372
11758
32128
3036
9989
2686
27170
29240
21858
10322
11821
1227
23510
19380
19468
3675
9176
6863
27027
5250
30577
26398
17309
3261
12792
11044
1267
26559
28193
4190
1136
26379
21814
4470
11875
28865
29603
3257
7477
21944
14008
23243
9548
15822
30635
15769
22574
11900
14300
15248
17130
24494
29277
15117
27572
21201
9906
29204
21199
24621
213
32324
31408
11893
17022
14602
15200
18588
20896
7190
25890
17899
4151
18955
30294
14417
24897
3963
26781
21754
32522
28690
22846
2850
1709
5137
4296
32044
23768
10750
11769
4078
20431
4250
30687
1104
6836
23828
6973
20245
11781
4476
22320
8952
24934
6010
23826
24827
29345
21312
26527
25340
30187
25277
19798
21641
7017
23828
4642
3573
28146
9804
15418
9643
28439
11081
28742
11203
13408
6651
6339
17363
27097
27093
7336
4360
24013
18561
26954
10357
31186
16082
21373
32170
19717
8698
5116
32137
2967
9469
25355
19285
10121
7781
30554
21516
26291
22072
27693
11255
6667
28711
21178
27263
23076
17928
29394
30786
27893
18054
32452
870
14556
11287
15999
3629
26851
8239
30198
19402
9793
7860
2761
16244
2852
11697
11553
20920
12973
15694
2011
20499
2620
17408
15338
2752
18415
27389
10998
1231
10853
24307
21833
27255
26056
6393
20204
16813
25098
13254
4109
2293
11886
8480
9380
14457
20043
21400
32599
22872
17165
12405
29594
10048
30588
24046
6938
28735
28737
16796
10844
9942
26021
17198
30881
23120
10909
10079
16142
2385
1284
5925
21257
690
23335
10027
24550
18572
23174
29570
25539
10643
31705
9108
29616
1190
2130
27225
2836
27300
1058
22221
27212
4736
8766
2209
18580
21400
9571
7472
23851
6722
21079
26806
946
2728
22387
20412
32725
17879
19806
21719
9262
1298
13595
11922
24678
32620
5958
31145
31390
19862
10394
23416
30733
16373
6071
10418
30954
23287
26658
25686
2956
28072
32398
10975
15056
30336
16986
23996
23483
19071
30810
8959
24160
12925
15066
3417
9732
29371
13024
70
11393
28861
30386
9349
29928
27484
12696
203
4458
30999
30947
2744
16505
16554
29230
17418
25898
8162
12004
14353
24286
13487
24835
28003
1057
31867
19743
8144
17618
32186
7593
22168
14213
12226
31601
10972
5669
5341
3946
21075
28126
15005
20909
16958
1593
5232
18881
32414
17289
25716
9242
27044
2183
9869
16607
10089
23353
12724
8177
27103
20760
914
20008
14600
1649
27213
14304
2917
9484
162
1204
17074
15884
12340
24713
24784
31510
11811
21967
2307
27317
9697
7427
8541
27645
1601
1400
10362
32111
9425
23384
4974
29469
11114
28389
18428
22543
1029
8453
1801
32484
14032
6398
23375
1468
28290
1918
24662
20822
5867
6878
30112
17270
18895
2215
12836
12426
32244
20566
11263
22668
11386
7004
26725
26410
24683
24169
2013
16165
25747
8170
686
5367
914
2001
2452
7352
3631
7316
24248
20290
7151
20856
15071
2708
14823
18959
4834
4468
31694
30463
20830
11865
9046
28678
22700
32135
20924
12091
24852
8828
30622
4503
1853
27787
30478
16563
7912
11975
11236
27091
7646
20258
20056
26148
13095
20694
25552
14402
24189
24068
12790
765
7169
5275
26638
23901
30764
6780
29319
10212
8199
15580
11471
18194
16799
7913
25964
26415
20659
15280
26697
11588
945
16190
845
31083
7393
31493
14642
7752
21471
31106
5781
12760
29518
29981
23881
23401
32459
13905
31217
17130
29984
7436
30670
1381
698
22873
26325
21194
14430
5948
26629
6382
6679
8669
21495
24531
6771
16873
12215
15146
21998
23350
25554
29974
8879
3494
27056
22067
18546
23885
25380
11991
29894
9686
20546
1432
16248
23842
22385
3854
21327
26931
21441
21210
3833
3401
7550
8678
12870
12874
16645
16879
27540
3687
6102
29249
22923
28669
30699
11714
21770
12217
27976
20018
5984
3584
12756
29873
4288
32654
22375
23426
751
11613
22564
29966
13376
11208
265
31788
20162
11504
27332
22943
16312
12895
29896
736
11081
491
30369
13855
18553
25053
7044
14212
14680
24659
7211
29626
13177
10723
19168
11182
3238
13185
9687
3476
32722
15267
25536
24364
15951
26275
11933
7491
8514
31332
209
13436
3923
32056
22650
14160
27305
15361
13569
13652
6933
31639
4848
6074
2189
22890
23043
10011
6621
8041
29057
7796
2969
3874
28364
28526
13142
26666
4663
7138
793
11711
1561
18588
24848
28588
5152
27999
10112
6765
17639
17962
24831
4756
7626
27066
5347
8043
28921
10576
14330
26843
29643
7604
5500
3212
3925
1402
17469
3662
7996
22660
31783
10168
4807
13512
24552
15118
9272
2131
3816
28008
6749
7310
4990
11281
18530
26305
355
8494
16361
16853
22631
23456
26972
30046
32610
11819
30338
11737
27502
2519
25425
18993
18259
22422
30980
8841
12099
5416
1901
11317
21704
14652
18571
7945
7930
8920
8799
32727
6901
6138
15100
13363
20618
6016
4830
889
20277
581
6524
10514
1871
24461
28704
23538
17285
16547
20215
28517
22153
1984
16484
28940
20743
5679
9882
26658
21467
9647
16234
6660
21121
20761
6745
30705
22989
4162
13558
6670
11996
11043
12651
27565
23114
26679
23377
27854
29605
31269
28361
11494
16674
28831
21960
25312
32655
12426
20402
18018
26249
14175
14123
3665
15599
11729
23082
14487
4503
3504
6222
32548
27711
24333
15222
7730
2758
20639
16012
20430
32412
12133
30369
8340
15991
397
21055
442
71
18581
8954
15440
28525
11952
9545
10693
4903
9067
14996
21934
31055
11152
2446
27843
31046
26698
30917
7466
9003
6539
14200
19449
12112
8107
18600
17398
494
16466
17521
16801
5911
12951
17307
116
27373
13929
10605
11625
12818
15150
16321
25277
30303
22955
22878
4339
27609
9508
28289
31005
4576
6084
26557
7255
29866
7743
2821
17556
8944
1717
16136
2717
11239
22234
6333
32086
14706
19796
26430
20035
6806
4708
12761
10060
21038
23497
23652
3517
32224
2017
26066
30353
10575
29714
29956
28656
24978
4712
10209
1014
7398
639
22697
14518
19103
12708
19846
20863
8037
17975
1637
13662
29084
23123
7427
7907
14884
18866
27467
31016
3395
5834
27615
3600
8159
11068
2293
27085
11505
30575
19812
6053
20278
13688
11262
7157
9000
21310
20769
20342
17708
18395
12937
32703
13
22597
20840
30987
16297
3885
25273
23869
7146
27687
20945
27681
4088
3596
20791
8437
12717
23708
28085
18728
32074
30056
22447
30817
2408
24560
22196
32195
14129
19720
6995
15984
13007
25984
25392
6475
22565
27651
9047
14339
20413
13888
11471
29005
30722
16712
32627
8304
28336
25911
16125
5639
20104
27671
32356
1538
30024
4097
21864
5871
26074
9349
29802
30328
6860
28493
10882
5932
23808
29692
4556
31618
29349
14172
22018
12826
14949
15801
18768
26439
1760
18568
15203
12235
20058
5965
18116
28897
688
12219
2148
2433
9617
28956
30072
8415
27882
30451
17286
15925
2978
3808
5824
3522
29320
17861
27282
30482
7562
20519
26743
26753
16679
20951
8464
31739
27687
18641
23415
22789
29065
8036
28369
30721
11965
10643
23074
10925
531
4540
3686
3566
1396
30839
7901
18636
24912
19393
19366
15549
19415
6490
6799
2854
2156
24683
29228
5151
31574
9836
27430
21111
9657
21317
19414
14583
7621
6323
25106
29931
22318
26862
12103
14815
20444
16521
6856
31399
29923
18329
7782
13218
21429
3609
8513
10815
27543
26509
29918
17855
13137
10726
10361
25917
10026
21414
9884
22252
29459
23876
20720
21665
3363
14802
3668
10641
21571
19165
32556
25947
1835
19349
19451
16457
10125
30509
16949
5330
7567
28293
13134
4708
12159
8455
18967
3425
8642
15567
19018
4200
4878
27150
28259
4821
26842
21936
22450
30859
24594
20284
17583
16113
5646
32252
397
31546
7621
29023
18194
3562
30014
4251
31653
12181
28488
11670
2729
15082
25963
16135
17929
22513
17950
1496
1556
27793
21306
8656
31628
30293
9391
22894
26617
12656
17270
6424
12355
12542
28871
28021
32128
19596
28043
32023
24587
1755
22036
17757
10454
20961
26124
7831
27905
21521
14507
19308
26539
4828
22829
6009
11784
9848
14212
18747
27059
23264
21834
27439
3398
25116
16121
12343
14121
31682
9566
30528
13991
13757
11083
12834
26439
10829
15245
13255
22105
24399
31517
10640
26319
10943
11163
17396
26446
16507
4599
21099
20101
19785
13682
22154
4542
17180
2757
21103
18866
14995
24479
22111
6562
3523
6741
4526
3235
4150
8661
27359
23866
2099
477
25357
23336
19776
8042
18570
25479
12262
4466
31941
7958
3764
29141
20849
31442
15495
14994
16611
3782
7176
822
1468
26403
5237
12955
21961
25491
17317
30926
17447
8395
4422
9553
3755
8287
1898
11651
23168
8923
5186
30556
9234
26639
6440
15453
26155
18858
27363
6343
15452
25611
10023
6924
1183
16723
860
26499
17466
15039
30880
17503
21479
1077
28943
8674
5937
5660
23106
29390
17185
26993
16661
26909
30746
14871
23214
27377
13058
17263
7867
21454
22946
11049
22266
22023
26192
3674
18431
4214
30411
25806
22322
11376
16998
11935
21015
6136
15209
8198
15058
12339
24500
16242
15850
28701
31909
10711
13645
30585
27196
29001
23700
32270
381
18889
6793
1808
21014
30815
998
26845
23362
14441
31584
31978
19437
2866
4836
3068
3609
9670
4641
19099
8576
28933
17990
31171
2427
20471
32525
32734
21026
8287
23800
3567
28853
10643
21722
9488
827
28042
3226
4126
13160
4151
30004
9651
16580
18709
17920
26196
30218
4868
15671
19180
3534
3667
18867
22393
19043
18718
502
17926
17660
25050
3182
24025
14353
14382
23800
19181
18693
8196
27554
2467
5381
19169
18613
15028
1331
23409
12787
29546
11780
22375
3357
24080
15846
27524
27576
16039
16167
13812
31761
12250
12562
2785
2943
11316
15451
26435
32232
14225
1725
1525
24198
15570
27105
19214
28139
29653
4482
31086
20803
25509
17615
26263
18138
21741
24336
8383
990
18611
15245
15139
8037
18242
6315
13469
11953
7016
13913
11385
30387
19938
13226
22917
22223
29973
28611
30567
20703
11519
29176
7731
21114
19308
7474
14397
9078
9325
12948
2604
7595
29446
26462
336
4602
14887
4625
15414
32399
12765
13012
377
31330
5322
23318
6362
31236
25043
14453
14995
20888
26136
18142
2281
6175
9001
28150
18433
20474
25975
3513
18420
30889
7944
15969
13605
28121
23151
18314
17107
14238
23036
4755
25578
12285
14128
7239
1567
8621
5747
10685
827
17438
17161
17532
15543
14523
18243
16867
5514
28013
21746
22985
15935
2144
4641
4192
1866
16649
7684
30559
11676
19048
25131
2656
21877
12938
1019
10886
10106
23379
2655
32100
17415
28794
3003
13082
198
32469
30754
30657
9345
4311
21448
5130
5428
29783
30138
289
11367
3474
7884
29656
9658
23412
31955
8961
23490
4371
28181
19739
18195
26749
6398
16690
29598
4787
11285
28416
24638
26869
23086
16984
31885
17216
26336
19909
14588
6166
22329
2158
23843
18813
6833
9020
6229
17226
16477
14655
120
20127
3173
24398
29459
16051
440
22254
3241
23249
13310
26742
10822
10660
30159
10352
10583
433
14114
11329
22974
805
10248
29197
22054
24273
29594
32725
13972
3699
10031
32226
20799
25143
6611
20583
32162
1917
26613
29794
3535
27869
22368
9155
29190
10088
14189
1232
14982
15665
4470
26824
27555
30989
15757
24006
22553
11158
12142
6121
30112
32118
4019
30130
24513
14050
30023
9133
31975
8292
21277
9044
31161
24798
28194
14640
3751
31948
28528
1601
17347
23241
26308
20640
9939
29013
20786
16227
10148
469
30743
3521
3745
1243
15440
31095
16803
11176
8617
28777
19211
6895
11928
16781
22287
17116
29740
21765
6993
30805
21056
12171
23734
13184
19444
17682
1909
6021
94
24234
3438
10133
7036
6053
32446
19755
21357
13816
4240
5009
17889
25060
1589
15527
18895
213
12408
4832
2406
14218
30507
7309
30789
22390
8454
5214
31214
15206
19890
19237
19576
22373
22048
22238
2949
32732
1823
13037
24436
11262
27182
13734
11480
14179
4238
32530
22568
26355
5276
17648
29112
13574
17758
8187
24039
10442
12380
15979
19866
15588
32177
8126
6890
6490
21089
15800
24090
9392
11501
18089
20172
12369
28709
19694
17780
17457
4158
4026
28940
19889
5668
16663
5386
13763
27921
27943
25487
8782
11871
26288
18401
26324
24475
23767
13595
26706
22234
32300
19747
30823
14672
19687
29661
27577
18462
2161
8862
28565
28524
20519
4068
25301
19384
25434
32580
13831
6509
8858
19875
5835
17080
13876
3497
27261
32663
32249
18547
23572
15411
11841
13960
330
14703
15920
1295
23294
7105
2872
31551
13526
23617
21983
5142
10280
20479
31683
24654
17947
14746
4827
17549
11529
6414
18943
26588
3368
11726
12971
26202
24682
24339
22528
7217
22945
32371
18187
7370
20199
6325
27722
10813
9021
18660
27244
16652
29554
16802
20057
3088
2631
191
17522
21683
24528
24842
13082
17248
10269
32359
24181
1080
13594
8226
31087
9223
12212
7555
18433
14710
27709
28835
14000
11906
24082
27517
