2
5
8
9
11
24
35
42
44
49
58
62
66
67
70
72
72
74
77
80
83
84
85
94
97
98
101
105
106
110
118
121
126
126
128
131
136
139
152
152
152
153
154
156
158
166
167
167
169
170
170
173
174
177
178
180
183
185
186
190
193
196
199
202
205
206
206
211
214
217
220
227
228
230
234
237
237
240
240
241
246
247
248
259
260
263
265
267
273
278
280
284
284
291
291
291
292
293
294
299
307
314
315
325
326
327
328
337
337
338
340
341
343
347
351
352
353
356
360
363
364
367
369
371
371
378
385
392
393
394
396
399
400
401
402
404
408
412
412
415
416
419
427
429
437
438
442
446
447
449
452
456
457
457
460
462
465
465
467
474
476
485
496
501
502
503
507
508
509
510
511
512
514
517
521
522
528
531
533
534
536
541
564
565
570
576
577
581
583
585
589
593
597
597
600
602
603
605
608
611
612
616
622
633
634
636
636
639
644
647
647
650
653
654
655
660
676
680
686
687
689
697
711
712
719
726
727
736
739
750
751
771
784
785
785
789
790
792
798
801
804
804
811
813
816
819
820
820
820
825
826
830
835
836
836
843
844
846
853
854
855
855
861
862
867
868
878
880
880
886
887
888
892
894
897
898
900
902
904
905
911
914
914
917
918
920
923
926
926
928
935
935
936
940
950
962
963
963
967
967
968
968
972
972
977
980
980
987
988
991
996
997
998
999
999
1002
1003
1006
1007
1008
1009
1012
1013
1015
1015
1016
1019
1023
1040
1041
1044
1046
1054
1056
1057
1058
1060
1061
1064
1071
1076
1077
1081
1084
1093
1097
1097
1097
1102
1106
1106
1108
1110
1112
1113
1115
1115
1117
1124
1133
1134
1143
1159
1163
1166
1169
1169
1176
1176
1183
1189
1195
1199
1205
1212
1213
1215
1218
1227
1227
1232
1238
1239
1239
1249
1257
1262
1267
1271
1272
1276
1280
1280
1282
1287
1294
1297
1299
1299
1299
1303
1305
1306
1310
1315
1321
1322
1325
1327
1329
1337
1344
1346
1352
1354
1360
1363
1374
1374
1376
1378
1382
1383
1387
1394
1396
1404
1405
1406
1409
1410
1411
1413
1414
1420
1422
1422
1422
1424
1427
1435
1436
1438
1442
1443
1446
1449
1450
1451
1452
1452
1455
1463
1464
1464
1467
1468
1471
1471
1476
1477
1479
1480
1485
1492
1496
1497
1499
1499
1501
1502
1504
1512
1514
1523
1525
1526
1526
1528
1529
1535
1535
1535
1542
1543
1546
1549
1551
1558
1561
1561
1562
1569
1579
1584
1590
1591
1592
1595
1596
1597
1599
1602
1607
1608
1612
1615
1616
1620
1623
1630
1633
1634
1636
1636
1641
1642
1642
1643
1648
1649
1649
1650
1650
1652
1653
1659
1664
1666
1668
1673
1682
1682
1682
1693
1699
1701
1711
1712
1712
1714
1726
1734
1735
1743
1744
1745
1746
1750
1751
1752
1754
1755
1757
1758
1764
1769
1769
1772
1775
1777
1782
1789
1792
1803
1806
1809
1814
1822
1823
1826
1830
1832
1837
1841
1842
1850
1851
1852
1859
1873
1876
1876
1877
1878
1879
1883
1884
1885
1886
1888
1889
1892
1894
1898
1902
1903
1905
1909
1910
1926
1927
1928
1933
1937
1945
1946
1951
1953
1955
1960
1965
1969
1970
1973
1975
1979
1981
1988
1993
1995
2006
2015
2020
2020
2023
2024
2025
2026
2027
2027
2036
2038
2039
2039
2040
2044
2046
2049
2050
2051
2052
2052
2053
2060
2062
2071
2071
2076
2081
2085
2093
2094
2101
2104
2107
2110
2111
2111
2112
2114
2114
2117
2117
2120
2125
2133
2138
2141
2143
2145
2146
2147
2148
2153
2155
2156
2160
2162
2164
2165
2165
2166
2168
2169
2173
2173
2177
2183
2201
2206
2212
2217
2221
2222
2227
2229
2231
2232
2239
2240
2241
2242
2246
2247
2249
2251
2255
2256
2258
2261
2262
2265
2269
2283
2285
2286
2288
2291
2292
2293
2305
2305
2306
2308
2315
2324
2324
2326
2328
2330
2331
2333
2335
2336
2339
2339
2341
2345
2346
2347
2351
2352
2357
2360
2374
2377
2378
2380
2384
2385
2385
2387
2389
2396
2400
2400
2409
2409
2414
2417
2421
2429
2430
2431
2431
2435
2441
2442
2446
2451
2453
2453
2454
2455
2455
2456
2464
2478
2479
2480
2481
2486
2491
2492
2500
2504
2505
2509
2509
2509
2510
2512
2526
2528
2532
2533
2536
2540
2548
2556
2560
2569
2572
2581
2586
2588
2591
2598
2609
2611
2612
2613
2615
2615
2621
2621
2641
2652
2658
2658
2658
2663
2667
2669
2671
2672
2681
2684
2688
2690
2698
2701
2708
2712
2713
2713
2713
2719
2725
2725
2727
2732
2733
2734
2736
2740
2741
2744
2745
2751
2755
2757
2763
2772
2772
2775
2779
2779
2779
2779
2793
2803
2807
2809
2826
2827
2827
2831
2833
2836
2843
2846
2847
2848
2864
2865
2866
2868
2869
2870
2870
2871
2882
2884
2885
2886
2898
2900
2905
2907
2909
2916
2929
2930
2930
2930
2931
2933
2936
2937
2938
2944
2947
2951
2951
2951
2953
2957
2958
2967
2968
2970
2980
2988
2989
2993
2995
3000
3001
3014
3015
3023
3028
3029
3030
3033
3033
3036
3039
3048
3048
3050
3053
3055
3058
3065
3068
3069
3069
3074
3074
3075
3075
3079
3081
3083
3083
3087
3094
3096
3097
3099
3099
3100
3102
3105
3111
3111
3115
3119
3122
3126
3129
3138
3138
3141
3146
3146
3146
3153
3156
3160
3161
3162
3166
3169
3175
3179
3183
3187
3188
3189
3202
3202
3204
3216
3219
3222
3224
3226
3227
3230
3233
3236
3239
3245
3249
3249
3254
3255
3256
3256
3269
3271
3273
3273
3274
3280
3286
3289
3291
3292
3298
3298
3301
3303
3306
3311
3312
3319
3321
3330
3332
3333
3334
3336
3340
3344
3346
3348
3349
3356
3359
3360
3363
3364
3372
3373
3377
3378
3384
3386
3393
3395
3406
3406
3414
3415
3416
3416
3417
3418
3420
3421
3427
3440
3441
3442
3444
3452
3453
3458
3461
3461
3468
3479
3479
3479
3481
3482
3489
3489
3489
3498
3501
3502
3506
3507
3507
3508
3510
3514
3514
3515
3529
3536
3542
3543
3544
3546
3546
3546
3557
3561
3562
3564
3567
3568
3574
3582
3584
3585
3593
3599
3604
3608
3617
3618
3622
3624
3628
3630
3633
3642
3643
3646
3646
3646
3647
3648
3658
3658
3659
3663
3669
3670
3673
3673
3674
3678
3682
3695
3702
3706
3711
3715
3715
3717
3718
3726
3730
3731
3733
3741
3741
3747
3747
3751
3753
3753
3754
3757
3759
3761
3767
3769
3769
3770
3772
3773
3775
3780
3784
3797
3797
3798
3799
3802
3807
3809
3812
3812
3818
3822
3828
3828
3829
3833
3837
3843
3844
3849
3854
3858
3861
3863
3865
3870
3876
3877
3880
3882
3886
3895
3900
3900
3901
3911
3911
3913
3915
3916
3922
3924
3926
3928
3930
3934
3936
3938
3942
3942
3949
3956
3958
3973
3975
3980
3982
3995
4004
4005
4012
4016
4017
4019
4021
4022
4022
4023
4025
4029
4029
4031
4033
4034
4038
4041
4046
4049
4065
4075
4079
4079
4081
4081
4083
4083
4084
4087
4089
4096
4096
4097
4098
4101
4112
4119
4123
4125
4127
4129
4129
4132
4135
4135
4136
4141
4143
4143
4145
4147
4150
4151
4152
4152
4153
4156
4157
4166
4166
4169
4176
4176
4176
4177
4180
4182
4189
4190
4193
4211
4219
4222
4222
4232
4237
4238
4240
4241
4246
4247
4259
4261
4267
4267
4272
4276
4283
4286
4291
4295
4304
4306
4308
4311
4318
4319
4325
4327
4332
4343
4346
4352
4362
4368
4368
4371
4372
4380
4382
4387
4387
4393
4394
4397
4399
4400
4402
4402
4404
4408
4410
4413
4415
4415
4424
4427
4430
4433
4435
4439
4439
4440
4442
4446
4449
4453
4458
4472
4473
4474
4474
4477
4479
4481
4489
4490
4492
4495
4496
4500
4501
4506
4508
4511
4513
4517
4519
4520
4522
4524
4525
4526
4532
4539
4544
4546
4557
4560
4564
4577
4580
4581
4582
4585
4586
4589
4594
4597
4598
4603
4606
4606
4612
4618
4624
4627
4637
4637
4638
4646
4647
4647
4647
4651
4655
4655
4659
4660
4662
4664
4667
4670
4670
4680
4685
4685
4687
4690
4700
4701
4705
4706
4714
4719
4726
4727
4729
4731
4732
4737
4740
4742
4745
4745
4747
4750
4754
4755
4759
4776
4783
4784
4784
4788
4788
4798
4799
4800
4801
4802
4805
4811
4813
4813
4816
4833
4836
4837
4839
4844
4846
4853
4854
4856
4859
4859
4863
4869
4870
4887
4894
4894
4895
4896
4898
4900
4912
4917
4926
4929
4929
4934
4944
4946
4952
4952
4961
4966
4969
4970
4979
4980
4980
4981
4983
4983
4984
4987
4989
4989
4990
4990
4996
4997
5005
5011
5013
5013
5023
5028
5029
5038
5039
5040
5043
5044
5045
5047
5050
5051
5053
5056
5058
5059
5063
5068
5070
5070
5075
5077
5079
5083
5090
5091
5091
5092
5093
5094
5105
5105
5108
5114
5117
5118
5126
5128
5128
5129
5131
5136
5140
5140
5143
5143
5143
5144
5147
5149
5154
5155
5157
5167
5167
5168
5174
5175
5176
5179
5184
5190
5192
5195
5198
5202
5212
5214
5220
5220
5227
5227
5229
5229
5231
5232
5237
5238
5242
5242
5243
5247
5251
5260
5263
5272
5278
5280
5283
5285
5294
5302
5304
5308
5314
5315
5326
5328
5331
5333
5333
5338
5342
5344
5344
5345
5352
5356
5363
5363
5365
5366
5368
5369
5370
5372
5382
5391
5391
5393
5394
5397
5398
5405
5411
5411
5413
5414
5416
5416
5425
5430
5434
5436
5439
5447
5447
5449
5451
5466
5469
5473
5479
5480
5486
5494
5496
5499
5503
5509
5511
5511
5521
5523
5531
5531
5531
5532
5532
5534
5534
5534
5535
5536
5537
5538
5538
5543
5547
5553
5556
5557
5559
5560
5570
5571
5572
5577
5579
5580
5581
5581
5582
5585
5586
5589
5590
5593
5595
5596
5599
5610
5615
5617
5618
5618
5620
5621
5623
5632
5633
5636
5637
5640
5648
5650
5654
5658
5664
5665
5684
5684
5686
5688
5690
5691
5692
5692
5692
5698
5699
5706
5707
5707
5708
5711
5712
5718
5721
5729
5731
5733
5733
5735
5735
5740
5743
5747
5752
5756
5759
5769
5773
5773
5774
5776
5780
5782
5786
5788
5789
5790
5792
5792
5794
5798
5800
5806
5807
5808
5813
5821
5822
5831
5833
5834
5835
5836
5850
5852
5854
5855
5856
5858
5867
5872
5873
5873
5874
5876
5877
5879
5883
5883
5887
5890
5896
5897
5898
5905
5908
5908
5909
5911
5919
5920
5927
5928
5935
5947
5949
5952
5961
5963
5965
5976
5980
5987
5988
6001
6011
6013
6014
6014
6021
6021
6025
6025
6026
6028
6030
6030
6033
6035
6037
6037
6037
6045
6053
6055
6056
6061
6062
6065
6066
6071
6074
6074
6075
6081
6081
6084
6086
6088
6089
6092
6092
6101
6105
6112
6116
6118
6119
6122
6123
6128
6131
6131
6135
6138
6140
6142
6142
6144
6152
6153
6154
6160
6164
6175
6179
6183
6188
6195
6200
6201
6210
6212
6213
6220
6224
6230
6230
6235
6236
6237
6247
6250
6253
6255
6265
6266
6267
6268
6272
6272
6273
6277
6279
6285
6288
6315
6315
6324
6327
6328
6331
6335
6337
6342
6344
6345
6346
6349
6350
6352
6352
6356
6363
6364
6365
6366
6368
6374
6381
6383
6388
6389
6395
6396
6397
6403
6408
6409
6415
6423
6435
6438
6439
6442
6446
6452
6453
6457
6458
6460
6461
6463
6465
6481
6483
6489
6492
6493
6494
6494
6496
6496
6496
6496
6498
6502
6503
6505
6507
6508
6511
6512
6513
6515
6518
6518
6518
6524
6530
6533
6534
6537
6538
6540
6540
6541
6542
6543
6544
6555
6556
6558
6569
6570
6571
6573
6575
6575
6576
6578
6578
6579
6586
6589
6592
6594
6598
6609
6612
6612
6615
6619
6620
6631
6634
6638
6640
6641
6650
6653
6655
6656
6663
6672
6672
6673
6681
6683
6683
6685
6686
6687
6690
6693
6694
6696
6700
6702
6709
6713
6716
6717
6720
6723
6733
6733
6742
6749
6749
6752
6755
6756
6769
6771
6771
6772
6780
6781
6786
6788
6789
6791
6791
6793
6794
6795
6799
6800
6802
6802
6805
6806
6807
6807
6809
6812
6815
6815
6821
6825
6831
6834
6841
6846
6846
6854
6856
6857
6860
6861
6866
6875
6888
6888
6888
6893
6894
6900
6900
6902
6911
6913
6914
6926
6935
6938
6939
6943
6944
6945
6948
6955
6957
6958
6960
6967
6967
6971
6984
6988
6990
7000
7000
7001
7002
7004
7005
7008
7014
7016
7023
7026
7027
7029
7030
7030
7044
7047
7060
7062
7062
7082
7087
7092
7097
7100
7104
7106
7110
7117
7118
7124
7129
7130
7131
7132
7137
7140
7141
7141
7141
7142
7146
7148
7149
7150
7150
7153
7158
7167
7171
7176
7176
7178
7183
7189
7189
7189
7191
7198
7198
7205
7207
7208
7212
7212
7213
7220
7221
7229
7230
7237
7239
7240
7241
7243
7246
7247
7249
7258
7265
7268
7272
7275
7279
7279
7281
7282
7282
7287
7292
7298
7298
7304
7324
7329
7331
7338
7339
7339
7342
7351
7356
7361
7361
7361
7364
7366
7367
7369
7372
7372
7376
7378
7384
7387
7387
7394
7396
7398
7399
7399
7402
7407
7421
7424
7426
7430
7432
7435
7444
7445
7451
7456
7458
7460
7465
7467
7472
7472
7481
7487
7490
7490
7494
7496
7497
7501
7504
7511
7514
7517
7518
7519
7519
7526
7528
7528
7534
7536
7543
7548
7562
7564
7569
7570
7571
7577
7579
7593
7595
7595
7599
7601
7603
7608
7614
7623
7626
7628
7628
7629
7629
7634
7647
7648
7650
7659
7659
7660
7667
7670
7671
7672
7673
7682
7684
7684
7686
7690
7694
7699
7702
7703
7703
7703
7703
7710
7715
7727
7733
7735
7736
7740
7742
7750
7750
7753
7753
7760
7760
7764
7764
7768
7770
7770
7776
7782
7785
7785
7785
7797
7797
7798
7801
7803
7812
7815
7818
7820
7823
7824
7831
7841
7842
7852
7852
7860
7865
7879
7881
7881
7885
7894
7897
7900
7904
7908
7912
7916
7924
7937
7937
7937
7949
7953
7956
7959
7960
7963
7963
7964
7967
7970
7971
7974
7976
7981
7982
7995
7995
7997
7999
7999
8001
8001
8002
8003
8006
8008
8009
8018
8031
8035
8041
8046
8046
8047
8059
8061
8068
8071
8074
8076
8089
8095
8096
8104
8108
8119
8121
8123
8125
8126
8127
8127
8128
8137
8137
8138
8142
8142
8144
8144
8144
8147
8150
8154
8157
8162
8163
8168
8180
8180
8180
8188
8189
8191
8193
8197
8202
8206
8210
8210
8214
8219
8221
8221
8231
8232
8233
8234
8235
8241
8243
8250
8250
8253
8255
8258
8260
8262
8265
8277
8280
8281
8281
8282
8283
8293
8295
8301
8306
8315
8324
8325
8327
8334
8336
8336
8340
8341
8343
8358
8359
8360
8366
8371
8388
8390
8394
8396
8402
8403
8403
8405
8406
8411
8413
8417
8419
8426
8430
8432
8432
8434
8434
8435
8442
8444
8445
8446
8446
8448
8450
8453
8456
8458
8460
8463
8465
8467
8473
8478
8479
8479
8482
8490
8492
8493
8494
8499
8499
8502
8504
8507
8507
8509
8509
8510
8510
8516
8517
8523
8532
8532
8533
8534
8547
8555
8564
8564
8565
8565
8568
8574
8581
8582
8584
8588
8593
8594
8595
8597
8597
8601
8606
8607
8609
8610
8613
8626
8628
8628
8632
8633
8635
8637
8637
8637
8638
8639
8645
8652
8655
8657
8663
8667
8670
8670
8670
8671
8672
8674
8675
8675
8684
8689
8695
8696
8700
8703
8705
8712
8713
8714
8714
8719
8721
8722
8728
8728
8729
8730
8735
8744
8759
8763
8764
8767
8767
8772
8773
8780
8788
8801
8804
8806
8810
8813
8817
8824
8825
8828
8831
8839
8839
8839
8843
8845
8847
8852
8852
8865
8870
8880
8881
8881
8884
8885
8885
8889
8900
8900
8904
8906
8910
8919
8919
8924
8928
8929
8929
8932
8935
8937
8941
8948
8953
8953
8954
8958
8962
8969
8969
8970
8972
8972
8974
8979
8981
8983
8990
8996
8998
9000
9005
9006
9006
9012
9025
9029
9029
9031
9032
9038
9042
9044
9045
9049
9049
9052
9054
9056
9058
9060
9064
9083
9084
9090
9092
9096
9100
9104
9111
9114
9115
9115
9117
9122
9122
9123
9123
9123
9124
9126
9137
9140
9141
9141
9145
9148
9150
9150
9152
9156
9156
9156
9161
9161
9164
9165
9167
9170
9170
9171
9182
9195
9195
9202
9208
9208
9209
9210
9212
9215
9222
9224
9228
9233
9235
9239
9243
9244
9259
9260
9277
9277
9280
9283
9284
9286
9288
9288
9292
9293
9294
9296
9298
9300
9301
9303
9305
9306
9311
9311
9312
9312
9317
9319
9321
9323
9324
9332
9337
9340
9342
9344
9346
9347
9356
9356
9367
9370
9371
9377
9382
9385
9389
9391
9395
9396
9399
9400
9401
9408
9411
9412
9412
9414
9415
9417
9419
9422
9427
9429
9434
9434
9437
9440
9451
9452
9453
9459
9462
9472
9475
9482
9484
9487
9487
9491
9494
9494
9495
9496
9497
9500
9506
9507
9508
9510
9510
9510
9514
9516
9517
9517
9517
9521
9522
9525
9530
9535
9538
9545
9545
9545
9547
9547
9547
9548
9550
9553
9554
9555
9565
9567
9575
9576
9576
9577
9582
9587
9592
9593
9594
9595
9599
9600
9602
9607
9608
9617
9621
9622
9623
9625
9627
9628
9631
9641
9651
9653
9659
9660
9660
9661
9661
9662
9668
9675
9676
9683
9683
9683
9686
9686
9688
9689
9689
9690
9690
9695
9696
9706
9707
9708
9709
9710
9713
9714
9716
9718
9721
9722
9727
9734
9737
9739
9741
9741
9745
9746
9746
9748
9751
9752
9754
9762
9762
9777
9777
9780
9781
9782
9783
9791
9791
9792
9793
9796
9797
9798
9798
9801
9802
9803
9807
9810
9813
9816
9816
9818
9819
9821
9822
9822
9839
9841
9846
9852
9855
9858
9859
9865
9866
9870
9875
9875
9877
9878
9882
9882
9888
9889
9891
9894
9896
9901
9904
9907
9911
9916
9918
9934
9941
9944
9945
9948
9948
9949
9950
9950
9951
9957
9958
9961
9963
9964
9968
9968
9972
9974
9976
9988
9990
9991
9992
9993
9993
9994
9994
9997
9999
10002
10015
10016
10018
10018
10022
10023
10025
10032
10035
10036
10039
10046
10054
10057
10057
10059
10066
10069
10071
10071
10071
10077
10079
10081
10085
10085
10088
10088
10089
10093
10094
10098
10100
10102
10104
10106
10110
10111
10112
10117
10118
10119
10122
10127
10130
10133
10134
10134
10135
10137
10141
10142
10142
10145
10146
10151
10158
10161
10163
10163
10164
10168
10170
10175
10178
10181
10184
10188
10190
10190
10191
10193
10204
10214
10215
10220
10225
10225
10236
10238
10247
10251
10253
10257
10257
10257
10262
10263
10266
10268
10270
10273
10275
10275
10280
10291
10297
10298
10302
10303
10305
10318
10323
10326
10328
10329
10331
10331
10335
10336
10336
10340
10352
10361
10366
10367
10368
10373
10376
10376
10376
10385
10385
10386
10388
10393
10393
10394
10394
10401
10404
10407
10408
10414
10416
10417
10421
10422
10423
10424
10426
10427
10431
10432
10432
10435
10439
10441
10442
10447
10449
10453
10461
10461
10467
10469
10471
10482
10484
10492
10494
10496
10503
10503
10508
10511
10512
10514
10515
10524
10525
10533
10546
10550
10550
10551
10551
10554
10554
10558
10560
10565
10569
10569
10576
10578
10580
10581
10584
10589
10594
10599
10603
10608
10612
10618
10620
10627
10628
10630
10634
10634
10634
10636
10638
10638
10641
10642
10646
10650
10661
10676
10678
10680
10681
10682
10683
10699
10701
10715
10719
10721
10723
10725
10732
10741
10744
10748
10750
10751
10753
10757
10757
10761
10770
10779
10785
10788
10791
10795
10800
10800
10816
10822
10825
10826
10836
10836
10839
10840
10843
10846
10856
10857
10861
10861
10864
10867
10873
10882
10884
10885
10886
10888
10892
10894
10898
10903
10916
10929
10933
10935
10937
10938
10944
10946
10947
10948
10951
10959
10959
10960
10962
10967
10968
10969
10972
10972
10975
10976
10981
10988
10993
10998
11000
11007
11009
11012
11014
11019
11030
11030
11033
11034
11035
11035
11041
11043
11048
11048
11050
11054
11056
11059
11065
11070
11076
11086
11087
11090
11095
11103
11104
11106
11109
11110
11113
11122
11128
11131
11134
11141
11148
11150
11159
11161
11161
11162
11163
11165
11166
11167
11168
11168
11174
11179
11180
11180
11183
11183
11193
11193
11194
11195
11196
11197
11197
11209
11211
11215
11219
11221
11223
11224
11228
11233
11235
11236
11246
11249
11249
11261
11262
11264
11270
11272
11274
11278
11291
11293
11295
11299
11302
11304
11304
11310
11315
11317
11321
11324
11324
11326
11327
11329
11334
11342
11343
11343
11344
11346
11353
11354
11358
11358
11361
11367
11369
11372
11376
11378
11380
11388
11388
11389
11393
11397
11400
11402
11409
11410
11418
11422
11430
11439
11443
11446
11446
11448
11453
11454
11455
11458
11474
11478
11478
11479
11480
11490
11494
11496
11499
11500
11504
11505
11506
11508
11508
11512
11514
11514
11515
11518
11519
11527
11527
11527
11529
11535
11535
11536
11542
11542
11547
11549
11549
11551
11552
11553
11558
11561
11564
11568
11573
11575
11575
11576
11577
11582
11582
11584
11588
11590
11590
11591
11593
11597
11600
11606
11607
11607
11610
11611
11614
11621
11625
11628
11631
11634
11635
11642
11650
11651
11652
11653
11653
11657
11659
11659
11661
11664
11666
11674
11675
11679
11685
11688
11692
11693
11694
11702
11709
11709
11713
11714
11718
11719
11719
11724
11727
11728
11730
11731
11732
11733
11735
11741
11745
11746
11747
11748
11757
11763
11766
11766
11767
11770
11771
11771
11776
11778
11783
11783
11784
11787
11789
11790
11791
11792
11797
11805
11806
11809
11814
11821
11823
11829
11837
11843
11848
11849
11850
11854
11855
11861
11861
11861
11863
11863
11864
11866
11872
11874
11879
11885
11890
11895
11898
11904
11906
11906
11915
11926
11926
11928
11932
11933
11935
11938
11945
11950
11953
11954
11960
11965
11968
11972
11975
11979
11983
11985
11987
11987
11988
11988
11999
12005
12007
12012
12014
12015
12015
12020
12028
12033
12034
12036
12040
12044
12044
12047
12053
12056
12060
12062
12069
12071
12078
12078
12080
12082
12088
12094
12097
12100
12100
12101
12103
12105
12110
12111
12119
12125
12129
12142
12149
12153
12153
12158
12160
12162
12163
12169
12180
12183
12190
12191
12191
12193
12193
12193
12195
12204
12211
12213
12217
12227
12231
12239
12247
12253
12254
12256
12257
12258
12264
12267
12270
12270
12273
12274
12275
12278
12279
12289
12292
12293
12298
12300
12302
12304
12307
12307
12308
12313
12317
12317
12317
12320
12325
12328
12335
12339
12340
12344
12350
12361
12362
12370
12371
12383
12388
12390
12398
12406
12407
12420
12422
12423
12424
12425
12425
12439
12439
12443
12444
12447
12448
12455
12455
12457
12463
12468
12472
12476
12479
12480
12481
12482
12484
12487
12489
12508
12512
12514
12516
12519
12520
12521
12522
12524
12526
12527
12528
12528
12530
12532
12535
12535
12536
12541
12542
12546
12547
12547
12552
12556
12564
12570
12574
12575
12578
12580
12582
12582
12587
12594
12594
12596
12600
12611
12623
12628
12630
12633
12633
12644
12653
12657
12658
12662
12672
12673
12673
12673
12682
12686
12687
12694
12694
12699
12701
12702
12703
12704
12707
12707
12715
12716
12717
12718
12723
12724
12725
12731
12731
12731
12734
12742
12745
12746
12753
12757
12758
12760
12764
12764
12768
12768
12769
12770
12775
12776
12776
12779
12780
12781
12784
12787
12790
12792
12800
12800
12805
12810
12810
12810
12818
12820
12822
12827
12828
12838
12838
12839
12843
12845
12848
12856
12857
12858
12867
12872
12874
12875
12875
12880
12880
12889
12896
12898
12903
12903
12903
12908
12909
12912
12915
12916
12918
12923
12925
12927
12928
12934
12937
12941
12941
12944
12949
12952
12953
12954
12955
12961
12961
12963
12965
12971
12973
12976
12979
12980
12981
12982
12988
12992
12994
13002
13010
13012
13020
13020
13021
13021
13027
13028
13030
13031
13031
13032
13037
13037
13040
13047
13050
13056
13058
13060
13065
13066
13074
13080
13081
13087
13089
13090
13094
13095
13098
13098
13101
13104
13115
13117
13119
13120
13121
13127
13130
13132
13132
13132
13139
13139
13148
13148
13150
13152
13153
13175
13176
13177
13181
13189
13190
13192
13192
13193
13194
13197
13200
13201
13204
13208
13208
13222
13222
13224
13227
13232
13235
13240
13255
13261
13271
13275
13276
13280
13283
13287
13291
13292
13303
13303
13311
13317
13318
13321
13329
13331
13334
13340
13340
13340
13344
13355
13357
13357
13358
13359
13359
13361
13366
13370
13371
13375
13379
13391
13392
13395
13397
13398
13400
13403
13412
13414
13415
13418
13420
13421
13425
13436
13438
13438
13440
13440
13445
13446
13451
13455
13461
13468
13474
13481
13484
13484
13489
13494
13497
13506
13511
13515
13515
13522
13529
13533
13536
13538
13539
13544
13546
13558
13561
13561
13562
13566
13569
13573
13576
13579
13581
13588
13600
13600
13607
13608
13615
13619
13620
13620
13624
13626
13627
13633
13634
13635
13636
13639
13641
13641
13646
13655
13660
13662
13674
13675
13690
13690
13693
13694
13699
13704
13705
13715
13715
13718
13723
13723
13724
13728
13735
13744
13753
13758
13760
13761
13763
13764
13774
13781
13787
13787
13789
13793
13799
13800
13801
13803
13805
13806
13812
13813
13814
13815
13817
13818
13821
13822
13825
13835
13835
13835
13837
13837
13839
13840
13843
13855
13861
13863
13864
13867
13867
13868
13868
13875
13875
13876
13885
13890
13894
13894
13898
13900
13903
13903
13904
13910
13914
13915
13915
13919
13926
13927
13929
13931
13932
13937
13939
13939
13952
13956
13963
13963
13964
13965
13965
13967
13968
13969
13972
13972
13973
13974
13979
13984
13984
13990
13994
13996
14002
14021
14025
14028
14028
14028
14030
14031
14031
14036
14037
14037
14040
14049
14058
14059
14061
14064
14071
14073
14075
14083
14083
14086
14087
14090
14095
14096
14097
14104
14104
14107
14111
14117
14117
14119
14123
14136
14148
14156
14157
14158
14159
14161
14171
14180
14192
14194
14201
14206
14207
14211
14220
14221
14222
14222
14226
14231
14232
14233
14233
14237
14239
14242
14246
14254
14256
14258
14259
14266
14268
14268
14272
14281
14281
14289
14291
14295
14296
14297
14304
14325
14331
14333
14335
14336
14337
14338
14345
14346
14374
14375
14376
14376
14377
14377
14379
14386
14388
14391
14399
14400
14402
14403
14410
14419
14420
14428
14441
14442
14445
14445
14447
14454
14456
14461
14474
14474
14475
14476
14480
14481
14483
14486
14488
14489
14492
14494
14494
14495
14501
14501
14505
14509
14514
14517
14517
14521
14527
14528
14528
14530
14530
14539
14541
14547
14548
14548
14551
14561
14567
14569
14581
14586
14586
14588
14590
14592
14595
14597
14600
14605
14607
14611
14618
14621
14623
14630
14632
14633
14634
14634
14637
14640
14640
14643
14648
14653
14661
14662
14663
14666
14666
14667
14667
14668
14674
14674
14675
14676
14678
14684
14689
14700
14701
14701
14702
14704
14705
14710
14711
14713
14714
14717
14719
14722
14732
14737
14738
14745
14750
14752
14753
14756
14761
14764
14765
14766
14777
14783
14786
14786
14787
14789
14790
14790
14791
14792
14796
14796
14796
14807
14807
14809
14812
14812
14817
14825
14831
14836
14836
14837
14840
14845
14850
14859
14861
14863
14867
14868
14869
14872
14873
14881
14883
14888
14896
14898
14902
14909
14910
14910
14921
14927
14928
14930
14931
14935
14935
14937
14938
14940
14941
14943
14945
14945
14947
14948
14948
14948
14949
14949
14949
14950
14955
14956
14960
14964
14968
14972
14976
14991
14991
14994
15000
15002
15005
15011
15011
15013
15016
15017
15019
15022
15029
15038
15040
15046
15046
15055
15060
15069
15070
15070
15073
15073
15075
15075
15082
15086
15089
15095
15095
15105
15114
15118
15120
15123
15125
15132
15135
15142
15148
15149
15154
15167
15170
15176
15178
15178
15182
15188
15196
15200
15200
15209
15213
15221
15224
15230
15231
15237
15242
15246
15246
15264
15267
15267
15268
15274
15280
15280
15285
15289
15290
15293
15296
15298
15301
15301
15307
15314
15317
15319
15319
15326
15342
15347
15349
15353
15355
15359
15359
15359
15363
15365
15368
15371
15372
15372
15376
15383
15384
15386
15386
15392
15399
15401
15408
15409
15409
15415
15422
15422
15423
15425
15426
15427
15427
15432
15434
15435
15438
15444
15446
15452
15453
15453
15454
15454
15455
15456
15456
15459
15460
15463
15468
15469
15470
15470
15472
15479
15480
15485
15489
15490
15494
15495
15497
15501
15502
15504
15521
15531
15534
15534
15536
15537
15539
15546
15549
15553
15556
15563
15565
15566
15567
15571
15577
15579
15583
15584
15589
15593
15595
15607
15609
15615
15621
15630
15632
15633
15638
15639
15646
15648
15657
15661
15662
15667
15681
15683
15686
15687
15694
15697
15697
15700
15703
15717
15718
15718
15724
15725
15730
15730
15731
15733
15739
15751
15754
15758
15761
15771
15779
15787
15794
15799
15808
15815
15817
15819
15821
15824
15827
15828
15834
15836
15837
15837
15839
15839
15841
15845
15848
15850
15851
15851
15853
15858
15860
15863
15874
15875
15875
15877
15878
15881
15885
15886
15893
15894
15901
15901
15902
15903
15905
15911
15913
15915
15916
15918
15921
15922
15922
15923
15930
15931
15933
15933
15941
15943
15947
15959
15960
15970
15972
15977
15983
15985
15995
15996
16000
16001
16004
16007
16010
16010
16013
16015
16023
16025
16025
16029
16030
16044
16050
16051
16052
16055
16062
16069
16069
16080
16087
16089
16090
16094
16097
16099
16112
16114
16115
16118
16122
16123
16123
16123
16131
16140
16142
16144
16146
16150
16157
16159
16159
16160
16160
16165
16167
16168
16172
16173
16174
16179
16180
16184
16188
16188
16192
16197
16198
16205
16205
16207
16213
16226
16239
16239
16239
16247
16251
16251
16253
16254
16255
16255
16256
16256
16258
16261
16261
16261
16262
16262
16267
16271
16276
16282
16283
16284
16284
16284
16289
16289
16290
16298
16300
16314
16315
16315
16326
16327
16335
16338
16340
16342
16345
16348
16349
16353
16358
16359
16362
16363
16368
16369
16372
16374
16379
16380
16385
16386
16390
16398
16400
16404
16405
16405
16411
16413
16414
16422
16422
16424
16426
16430
16436
16445
16470
16479
16480
16482
16484
16487
16489
16491
16494
16498
16500
16504
16506
16508
16512
16514
16529
16530
16534
16535
16538
16541
16548
16549
16549
16552
16553
16555
16557
16568
16569
16569
16572
16573
16574
16580
16581
16583
16583
16593
16594
16597
16600
16609
16609
16620
16621
16621
16625
16631
16636
16648
16655
16659
16659
16660
16661
16664
16665
16665
16674
16682
16683
16694
16697
16701
16704
16706
16707
16715
16725
16732
16732
16736
16736
16739
16744
16744
16746
16749
16758
16760
16763
16765
16765
16765
16766
16766
16768
16768
16769
16769
16770
16773
16774
16779
16781
16781
16781
16789
16791
16802
16803
16807
16814
16815
16816
16817
16818
16818
16824
16826
16826
16836
16836
16837
16852
16860
16861
16862
16864
16866
16867
16871
16872
16872
16873
16877
16878
16878
16880
16885
16885
16886
16887
16889
16892
16897
16897
16902
16906
16907
16908
16911
16919
16920
16922
16923
16925
16925
16925
16927
16928
16931
16931
16935
16936
16942
16946
16948
16948
16952
16958
16968
16969
16969
16969
16971
16974
16974
16975
16980
16985
16986
16986
16990
16991
16991
16992
16993
16995
16995
16997
16998
17003
17006
17016
17020
17024
17024
17029
17030
17031
17031
17032
17034
17035
17041
17046
17051
17053
17061
17064
17068
17070
17070
17075
17078
17079
17083
17085
17088
17100
17103
17106
17107
17113
17113
17114
17118
17132
17132
17132
17135
17137
17149
17152
17157
17158
17162
17164
17167
17169
17173
17179
17182
17184
17186
17187
17202
17205
17208
17210
17226
17227
17235
17235
17235
17248
17250
17252
17252
17259
17259
17260
17269
17274
17274
17275
17275
17282
17283
17296
17296
17301
17303
17304
17309
17310
17310
17316
17320
17322
17334
17339
17342
17343
17344
17345
17355
17357
17362
17363
17364
17367
17368
17370
17374
17374
17382
17386
17386
17386
17387
17392
17402
17407
17408
17409
17415
17427
17437
17445
17445
17447
17448
17448
17450
17452
17452
17455
17456
17457
17460
17466
17467
17471
17473
17478
17480
17482
17483
17483
17486
17488
17488
17492
17493
17494
17495
17509
17509
17510
17512
17514
17516
17523
17528
17531
17532
17533
17534
17534
17535
17540
17544
17549
17556
17557
17558
17559
17564
17564
17567
17573
17573
17574
17577
17580
17585
17588
17593
17603
17607
17609
17614
17615
17615
17617
17636
17639
17643
17654
17655
17660
17660
17661
17662
17662
17662
17664
17665
17667
17668
17669
17669
17673
17682
17686
17686
17691
17692
17692
17694
17704
17715
17715
17718
17720
17724
17726
17731
17731
17734
17738
17738
17739
17749
17752
17753
17767
17769
17777
17783
17784
17785
17793
17806
17811
17817
17818
17818
17820
17826
17827
17829
17830
17830
17840
17843
17845
17848
17848
17852
17854
17859
17866
17871
17873
17880
17881
17885
17886
17887
17889
17898
17899
17904
17909
17914
17918
17925
17927
17931
17934
17941
17945
17948
17951
17952
17952
17958
17960
17969
17971
17973
17973
17974
17977
17977
17987
17988
17996
18001
18013
18016
18018
18021
18023
18031
18035
18037
18044
18045
18046
18047
18048
18052
18071
18072
18080
18081
18089
18095
18095
18099
18099
18101
18108
18123
18128
18140
18145
18146
18151
18155
18159
18161
18167
18168
18168
18168
18169
18169
18170
18170
18171
18173
18173
18178
18196
18196
18196
18197
18198
18199
18202
18205
18210
18211
18212
18215
18215
18215
18219
18223
18224
18224
18225
18225
18228
18229
18234
18246
18249
18250
18252
18253
18257
18260
18262
18263
18263
18267
18269
18270
18271
18275
18280
18284
18284
18285
18285
18298
18299
18300
18300
18304
18305
18309
18312
18314
18323
18327
18334
18335
18337
18341
18343
18350
18350
18353
18359
18367
18374
18378
18379
18379
18397
18398
18402
18413
18414
18421
18422
18424
18426
18428
18428
18429
18432
18436
18441
18443
18447
18453
18454
18455
18456
18459
18463
18468
18470
18478
18480
18482
18483
18490
18491
18494
18496
18502
18504
18505
18509
18513
18517
18518
18524
18524
18524
18532
18537
18543
18547
18547
18547
18548
18549
18549
18558
18560
18564
18564
18578
18584
18585
18585
18586
18586
18589
18590
18591
18594
18594
18601
18604
18606
18606
18606
18608
18610
18611
18616
18617
18617
18621
18627
18631
18632
18632
18634
18635
18635
18637
18646
18657
18658
18660
18660
18660
18661
18665
18666
18674
18675
18679
18680
18685
18686
18694
18696
18697
18700
18709
18709
18711
18712
18715
18717
18721
18723
18723
18724
18727
18733
18735
18742
18743
18747
18752
18756
18757
18761
18761
18761
18762
18764
18765
18767
18768
18773
18775
18777
18780
18784
18787
18789
18791
18795
18804
18806
18809
18810
18815
18817
18818
18826
18826
18827
18833
18833
18836
18838
18840
18842
18850
18864
18864
18874
18882
18883
18885
18888
18889
18891
18893
18895
18897
18897
18898
18901
18902
18905
18907
18910
18914
18921
18922
18922
18925
18927
18930
18935
18936
18939
18944
18946
18948
18949
18961
18965
18965
18966
18967
18968
18971
18971
18975
18985
18986
18991
18992
18994
18996
18996
19001
19003
19005
19008
19009
19011
19027
19027
19032
19036
19037
19039
19039
19046
19048
19049
19049
19051
19053
19061
19061
19067
19068
19069
19074
19076
19081
19088
19090
19092
19100
19101
19104
19105
19110
19115
19117
19125
19132
19133
19133
19134
19136
19136
19138
19141
19143
19150
19158
19164
19165
19166
19169
19178
19181
19187
19190
19190
19190
19193
19197
19199
19206
19209
19212
19213
19215
19215
19222
19222
19226
19226
19227
19228
19232
19233
19236
19236
19238
19247
19250
19251
19260
19264
19270
19274
19277
19281
19283
19299
19299
19299
19300
19300
19300
19302
19303
19305
19316
19321
19321
19329
19330
19331
19337
19339
19340
19348
19356
19365
19373
19373
19374
19376
19377
19383
19383
19385
19388
19392
19394
19394
19398
19399
19400
19403
19404
19405
19408
19414
19419
19421
19426
19426
19436
19446
19448
19450
19453
19458
19465
19472
19473
19478
19479
19480
19482
19484
19488
19489
19489
19498
19502
19506
19508
19515
19520
19522
19522
19523
19525
19525
19526
19526
19528
19531
19532
19535
19537
19538
19549
19552
19553
19555
19558
19563
19563
19568
19577
19579
19583
19586
19588
19591
19591
19594
19595
19601
19606
19622
19626
19630
19643
19646
19651
19653
19665
19666
19673
19679
19684
19689
19693
19694
19694
19699
19704
19708
19708
19709
19709
19710
19711
19713
19716
19722
19724
19725
19728
19731
19731
19741
19745
19748
19750
19752
19753
19754
19756
19758
19758
19759
19761
19767
19768
19769
19771
19779
19788
19788
19792
19796
19801
19807
19808
19810
19810
19810
19816
19817
19818
19820
19821
19824
19824
19830
19832
19839
19849
19852
19854
19854
19854
19854
19857
19857
19857
19860
19860
19861
19867
19868
19868
19869
19873
19875
19877
19877
19880
19881
19884
19886
19888
19891
19893
19898
19904
19904
19909
19915
19916
19922
19927
19927
19928
19930
19931
19932
19933
19934
19939
19941
19944
19947
19949
19949
19950
19953
19955
19955
19962
19963
19964
19964
19966
19968
19971
19973
19976
19977
19977
19981
19981
19985
19993
19995
19995
19996
20002
20002
20007
20012
20016
20020
20024
20026
20027
20029
20030
20033
20035
20037
20038
20040
20041
20049
20051
20054
20055
20059
20059
20063
20063
20063
20065
20068
20074
20078
20080
20083
20083
20090
20091
20092
20093
20098
20101
20110
20113
20117
20118
20123
20124
20135
20136
20136
20139
20148
20149
20153
20155
20155
20158
20159
20160
20164
20169
20171
20172
20175
20176
20177
20177
20178
20181
20184
20187
20187
20189
20193
20197
20200
20200
20202
20204
20214
20216
20222
20225
20226
20227
20227
20235
20239
20241
20242
20243
20245
20248
20252
20257
20259
20260
20263
20264
20273
20274
20275
20289
20293
20297
20302
20307
20308
20310
20311
20316
20320
20321
20330
20331
20334
20338
20346
20352
20352
20362
20365
20368
20371
20373
20377
20379
20383
20384
20387
20389
20404
20407
20408
20408
20411
20416
20418
20422
20426
20428
20431
20433
20434
20434
20434
20440
20441
20441
20445
20445
20445
20446
20447
20448
20452
20453
20462
20469
20470
20470
20472
20478
20481
20483
20487
20497
20498
20505
20511
20516
20516
20518
20519
20522
20524
20529
20530
20531
20536
20537
20539
20540
20542
20549
20573
20576
20579
20581
20584
20585
20590
20594
20601
20604
20610
20613
20621
20628
20644
20647
20648
20648
20649
20658
20662
20667
20668
20672
20677
20679
20685
20690
20691
20692
20696
20696
20698
20706
20714
20714
20715
20718
20721
20728
20730
20735
20741
20742
20745
20747
20747
20747
20756
20765
20774
20778
20787
20789
20789
20791
20794
20795
20797
20801
20806
20807
20812
20813
20817
20817
20827
20828
20830
20831
20836
20844
20847
20852
20853
20857
20857
20871
20874
20876
20878
20887
20889
20893
20895
20899
20900
20902
20905
20907
20907
20912
20913
20914
20916
20927
20929
20931
20932
20941
20946
20949
20956
20978
20979
20980
20982
20984
20986
20990
20992
20993
20999
21006
21012
21020
21023
21027
21028
21037
21040
21047
21048
21051
21052
21053
21055
21056
21061
21071
21073
21085
21087
21093
21096
21105
21117
21120
21126
21126
21128
21130
21132
21133
21135
21141
21142
21143
21147
21147
21147
21148
21150
21156
21162
21163
21168
21182
21184
21184
21185
21189
21190
21194
21200
21201
21205
21205
21206
21212
21215
21216
21219
21227
21234
21241
21243
21245
21251
21253
21253
21255
21255
21266
21266
21278
21279
21280
21281
21285
21287
21289
21292
21292
21297
21297
21307
21310
21311
21311
21312
21313
21321
21322
21323
21327
21328
21328
21335
21340
21343
21345
21346
21354
21361
21361
21362
21363
21366
21373
21373
21375
21391
21395
21400
21409
21413
21415
21415
21418
21425
21426
21428
21432
21434
21439
21446
21449
21453
21455
21458
21462
21462
21464
21466
21473
21476
21477
21486
21493
21497
21502
21503
21513
21516
21517
21518
21524
21529
21531
21532
21544
21552
21552
21555
21557
21557
21564
21565
21565
21569
21576
21579
21580
21581
21583
21587
21588
21596
21600
21605
21606
21611
21611
21616
21617
21621
21624
21625
21626
21629
21633
21634
21638
21640
21648
21654
21655
21655
21666
21667
21673
21679
21679
21681
21697
21702
21707
21707
21707
21712
21717
21718
21720
21720
21722
21724
21725
21738
21738
21740
21742
21760
21764
21779
21782
21782
21792
21803
21804
21811
21813
21814
21818
21821
21821
21830
21838
21839
21839
21843
21843
21851
21851
21857
21858
21859
21867
21868
21868
21869
21870
21871
21872
21874
21875
21876
21887
21890
21898
21899
21901
21902
21908
21910
21910
21912
21913
21914
21917
21918
21922
21930
21931
21936
21939
21949
21950
21950
21960
21963
21964
21965
21965
21969
21987
21992
21996
22000
22002
22009
22009
22012
22020
22021
22027
22028
22039
22042
22042
22044
22047
22062
22063
22063
22064
22067
22073
22074
22079
22083
22084
22093
22107
22109
22119
22127
22127
22132
22134
22142
22142
22143
22143
22145
22146
22147
22148
22153
22154
22160
22164
22167
22167
22168
22168
22172
22175
22180
22184
22187
22193
22203
22211
22215
22218
22218
22218
22231
22240
22241
22242
22246
22252
22254
22261
22262
22263
22268
22270
22271
22274
22284
22292
22305
22307
22317
22319
22330
22336
22339
22341
22344
22346
22347
22348
22349
22350
22354
22358
22358
22364
22364
22367
22368
22380
22382
22382
22386
22388
22391
22392
22398
22405
22408
22408
22409
22410
22411
22415
22416
22419
22423
22429
22431
22440
22440
22443
22449
22449
22450
22452
22453
22455
22457
22457
22464
22464
22467
22470
22473
22475
22475
22475
22481
22484
22484
22486
22486
22487
22489
22494
22496
22500
22506
22509
22510
22518
22522
22523
22525
22526
22529
22532
22533
22534
22537
22539
22541
22544
22552
22554
22556
22560
22572
22578
22584
22591
22592
22601
22608
22611
22612
22622
22625
22626
22627
22629
22630
22630
22631
22633
22635
22637
22639
22640
22651
22651
22651
22651
22651
22655
22655
22657
22661
22663
22664
22664
22665
22667
22670
22673
22674
22679
22687
22696
22696
22706
22706
22714
22724
22725
22729
22733
22733
22738
22739
22740
22743
22744
22748
22757
22758
22759
22760
22767
22772
22773
22774
22776
22776
22777
22780
22781
22784
22786
22795
22796
22800
22800
22809
22812
22812
22813
22819
22820
22827
22828
22829
22834
22841
22849
22852
22852
22853
22855
22857
22859
22861
22867
22872
22876
22878
22881
22881
22882
22884
22890
22898
22902
22904
22905
22906
22909
22910
22910
22911
22911
22914
22916
22916
22917
22920
22922
22926
22929
22934
22941
22944
22945
22950
22950
22958
22962
22964
22970
22973
22977
22978
22978
22981
22982
22983
22984
22991
22994
22995
22999
23000
23001
23001
23004
23004
23008
23013
23017
23019
23026
23027
23027
23027
23029
23031
23036
23037
23042
23044
23048
23054
23054
23055
23057
23067
23073
23074
23077
23078
23082
23085
23087
23088
23090
23099
23102
23104
23113
23115
23118
23118
23121
23126
23127
23130
23133
23138
23141
23141
23151
23152
23155
23156
23156
23156
23160
23162
23162
23163
23168
23169
23178
23181
23182
23182
23188
23189
23193
23193
23195
23199
23205
23209
23211
23219
23219
23221
23221
23222
23225
23229
23238
23238
23238
23239
23243
23243
23244
23249
23251
23256
23258
23258
23262
23264
23273
23278
23278
23280
23281
23284
23284
23285
23285
23286
23294
23297
23302
23303
23304
23307
23310
23311
23313
23316
23316
23317
23322
23325
23333
23335
23342
23349
23356
23357
23362
23362
23363
23365
23367
23376
23377
23378
23380
23382
23389
23391
23392
23393
23393
23393
23394
23395
23396
23407
23408
23408
23413
23426
23430
23431
23436
23437
23438
23439
23441
23443
23450
23458
23458
23465
23471
23472
23474
23478
23480
23482
23489
23493
23494
23495
23499
23502
23502
23504
23507
23507
23509
23512
23512
23517
23523
23525
23527
23532
23535
23537
23540
23545
23556
23556
23561
23561
23566
23566
23567
23568
23569
23570
23572
23579
23581
23582
23582
23584
23591
23596
23599
23599
23603
23607
23614
23615
23615
23628
23632
23632
23636
23637
23638
23640
23643
23647
23647
23653
23657
23658
23666
23666
23674
23675
23676
23676
23679
23679
23680
23681
23681
23681
23684
23685
23686
23689
23692
23693
23699
23700
23704
23704
23706
23707
23709
23713
23727
23730
23733
23738
23739
23741
23741
23742
23743
23748
23748
23752
23752
23754
23758
23759
23762
23763
23766
23767
23770
23770
23778
23780
23786
23788
23788
23789
23797
23798
23798
23804
23807
23807
23808
23815
23815
23816
23817
23818
23819
23820
23820
23822
23827
23828
23828
23830
23836
23841
23849
23854
23856
23861
23861
23868
23871
23872
23875
23882
23883
23887
23889
23896
23899
23900
23900
23903
23908
23912
23922
23925
23927
23937
23937
23944
23944
23945
23949
23949
23954
23957
23959
23961
23961
23962
23965
23966
23973
23975
23984
23992
23994
23995
23995
24000
24001
24006
24013
24013
24015
24017
24019
24019
24020
24026
24028
24042
24043
24046
24051
24054
24056
24061
24064
24068
24068
24069
24071
24077
24088
24091
24097
24101
24113
24113
24116
24118
24118
24128
24132
24136
24136
24137
24140
24143
24143
24148
24154
24154
24155
24159
24166
24173
24173
24175
24179
24180
24181
24185
24198
24203
24208
24214
24215
24221
24223
24224
24228
24229
24230
24234
24237
24243
24247
24247
24258
24259
24266
24272
24274
24275
24278
24283
24285
24288
24293
24295
24295
24298
24300
24302
24303
24306
24306
24307
24312
24312
24321
24327
24329
24332
24332
24336
24337
24348
24350
24351
24351
24352
24353
24355
24359
24361
24365
24372
24374
24382
24382
24384
24384
24385
24387
24387
24391
24397
24403
24403
24407
24413
24416
24430
24432
24435
24436
24437
24438
24442
24443
24448
24458
24464
24464
24477
24480
24481
24484
24496
24498
24500
24503
24506
24506
24508
24510
24512
24516
24525
24525
24527
24528
24530
24531
24534
24540
24541
24548
24554
24555
24555
24555
24558
24563
24564
24564
24571
24573
24575
24576
24577
24579
24583
24587
24588
24592
24594
24595
24600
24600
24601
24605
24609
24610
24613
24631
24635
24635
24641
24645
24648
24655
24658
24658
24663
24665
24681
24683
24708
24710
24713
24714
24727
24727
24733
24741
24742
24749
24752
24754
24755
24760
24761
24761
24763
24764
24769
24775
24782
24787
24789
24791
24793
24800
24806
24807
24809
24812
24818
24823
24829
24831
24843
24846
24846
24848
24855
24861
24862
24867
24870
24871
24877
24881
24887
24888
24892
24897
24899
24902
24905
24906
24909
24910
24915
24919
24921
24923
24928
24931
24933
24935
24935
24941
24945
24946
24949
24950
24955
24956
24957
24958
24958
24959
24960
24961
24970
24972
24976
24976
24978
24978
24981
24982
24989
24991
24992
24994
24998
24998
25002
25003
25008
25008
25009
25011
25011
25015
25016
25017
25020
25024
25026
25029
25030
25033
25043
25047
25049
25049
25050
25052
25052
25056
25061
25062
25062
25066
25068
25070
25072
25076
25077
25079
25084
25085
25089
25099
25101
25101
25106
25107
25107
25112
25112
25113
25115
25118
25129
25129
25131
25135
25137
25144
25151
25154
25156
25161
25169
25170
25171
25171
25178
25179
25183
25188
25190
25192
25198
25199
25205
25206
25213
25222
25223
25225
25230
25233
25236
25241
25253
25254
25263
25263
25266
25267
25270
25271
25276
25280
25281
25281
25285
25297
25302
25305
25310
25310
25312
25314
25316
25317
25318
25319
25327
25327
25331
25331
25331
25332
25333
25335
25338
25341
25343
25349
25350
25351
25351
25352
25358
25359
25365
25368
25371
25372
25373
25374
25376
25377
25377
25378
25382
25389
25390
25390
25392
25395
25397
25398
25406
25409
25412
25413
25419
25422
25424
25428
25428
25429
25429
25432
25432
25440
25442
25444
25444
25447
25448
25454
25455
25456
25461
25467
25471
25472
25484
25486
25494
25494
25500
25505
25508
25509
25527
25528
25535
25538
25540
25546
25548
25551
25554
25555
25559
25559
25562
25569
25576
25577
25577
25580
25586
25591
25595
25598
25601
25603
25605
25609
25615
25615
25620
25622
25625
25628
25630
25631
25631
25632
25636
25636
25637
25639
25656
25658
25662
25667
25674
25677
25679
25683
25684
25693
25694
25697
25697
25698
25699
25700
25701
25704
25707
25710
25712
25721
25724
25741
25742
25743
25746
25747
25747
25751
25751
25757
25772
25774
25774
25777
25780
25791
25792
25795
25798
25810
25814
25816
25816
25817
25818
25821
25824
25826
25828
25831
25834
25836
25842
25846
25848
25849
25853
25853
25859
25861
25861
25862
25865
25865
25872
25873
25874
25879
25886
25894
25895
25895
25897
25900
25901
25903
25907
25909
25909
25912
25914
25915
25920
25921
25925
25929
25933
25934
25938
25940
25942
25947
25952
25955
25957
25958
25961
25971
25971
25973
25980
25982
25984
25990
25991
25999
26000
26001
26002
26002
26003
26006
26009
26012
26017
26023
26026
26035
26035
26036
26039
26040
26060
26062
26065
26067
26069
26069
26069
26073
26076
26079
26081
26082
26083
26084
26090
26101
26103
26108
26116
26119
26119
26121
26122
26122
26133
26137
26143
26148
26153
26162
26163
26164
26165
26174
26174
26175
26179
26180
26186
26187
26193
26193
26195
26196
26197
26201
26201
26201
26201
26203
26204
26207
26209
26216
26217
26221
26225
26235
26238
26243
26244
26249
26259
26267
26274
26280
26283
26286
26286
26291
26293
26296
26314
26331
26332
26334
26345
26345
26351
26354
26354
26357
26357
26357
26358
26360
26362
26364
26365
26368
26368
26372
26379
26383
26385
26386
26387
26390
26391
26394
26397
26397
26404
26405
26407
26413
26414
26418
26422
26423
26427
26428
26433
26435
26448
26450
26459
26466
26467
26473
26474
26476
26481
26488
26491
26493
26511
26512
26516
26516
26517
26518
26527
26531
26531
26535
26537
26541
26541
26543
26545
26546
26547
26549
26551
26553
26553
26554
26560
26564
26564
26566
26567
26568
26570
26570
26571
26573
26583
26589
26596
26606
26606
26610
26611
26611
26611
26613
26615
26615
26619
26619
26620
26622
26623
26628
26630
26632
26633
26639
26643
26645
26648
26648
26649
26649
26652
26653
26654
26660
26661
26664
26667
26669
26675
26680
26682
26682
26686
26691
26692
26692
26692
26705
26708
26709
26716
26717
26724
26725
26736
26740
26742
26743
26744
26746
26747
26748
26749
26757
26757
26760
26760
26762
26766
26773
26773
26778
26786
26787
26790
26797
26798
26801
26802
26806
26808
26813
26821
26822
26823
26823
26831
26835
26835
26836
26839
26841
26844
26845
26845
26848
26850
26857
26858
26860
26861
26865
26867
26877
26878
26879
26885
26887
26891
26895
26895
26895
26896
26898
26915
26921
26924
26924
26925
26928
26930
26933
26934
26936
26940
26941
26943
26946
26948
26971
26974
26975
26978
26979
26980
26980
26981
26985
26987
26997
26997
26997
26998
27004
27004
27007
27010
27011
27011
27020
27031
27033
27038
27039
27039
27041
27043
27044
27048
27057
27057
27058
27058
27059
27059
27062
27065
27066
27069
27070
27071
27079
27091
27092
27095
27098
27098
27098
27103
27115
27116
27118
27127
27129
27134
27136
27137
27142
27142
27143
27146
27147
27149
27150
27151
27151
27152
27158
27161
27164
27169
27169
27170
27175
27181
27185
27187
27197
27204
27204
27205
27210
27214
27216
27216
27225
27226
27234
27235
27240
27240
27241
27241
27245
27246
27246
27247
27247
27248
27250
27250
27252
27254
27254
27257
27257
27268
27276
27277
27278
27286
27287
27288
27292
27303
27310
27310
27317
27317
27318
27318
27319
27328
27331
27337
27345
27349
27354
27360
27365
27369
27369
27374
27376
27380
27384
27389
27392
27395
27407
27412
27418
27420
27423
27426
27429
27430
27430
27438
27441
27443
27445
27448
27450
27456
27457
27459
27465
27465
27469
27471
27474
27475
27476
27476
27477
27483
27488
27488
27489
27491
27495
27495
27496
27498
27514
27521
27521
27524
27530
27534
27534
27538
27538
27540
27546
27558
27558
27563
27564
27569
27569
27575
27578
27580
27581
27592
27595
27595
27610
27612
27623
27625
27626
27626
27626
27629
27631
27632
27634
27636
27641
27645
27646
27647
27662
27665
27675
27676
27681
27684
27684
27684
27685
27689
27692
27696
27696
27698
27706
27718
27718
27726
27727
27734
27736
27739
27743
27749
27754
27759
27761
27763
27765
27766
27769
27783
27784
27786
27794
27803
27805
27811
27811
27819
27822
27825
27825
27825
27829
27831
27842
27846
27847
27847
27848
27854
27856
27860
27861
27864
27869
27870
27881
27890
27892
27895
27908
27919
27922
27927
27929
27934
27934
27935
27940
27942
27947
27948
27949
27966
27966
27967
27967
27979
27982
27990
27993
27994
27998
28005
28010
28010
28011
28011
28012
28014
28015
28017
28031
28037
28044
28044
28047
28054
28059
28059
28060
28062
28069
28072
28074
28076
28081
28085
28092
28105
28107
28113
28114
28123
28125
28131
28139
28142
28148
28152
28157
28157
28161
28166
28169
28171
28173
28178
28179
28181
28182
28183
28184
28184
28186
28188
28190
28208
28211
28213
28224
28225
28230
28232
28233
28234
28240
28242
28244
28244
28245
28245
28246
28248
28250
28251
28255
28270
28281
28282
28282
28283
28283
28284
28294
28295
28298
28298
28298
28300
28300
28301
28301
28306
28308
28308
28313
28319
28329
28332
28335
28340
28340
28341
28358
28359
28361
28369
28373
28376
28377
28380
28380
28389
28396
28399
28403
28404
28405
28407
28418
28418
28419
28423
28426
28431
28432
28438
28443
28444
28446
28451
28459
28463
28466
28467
28486
28487
28487
28488
28490
28492
28495
28500
28509
28510
28516
28521
28534
28538
28539
28540
28540
28551
28554
28555
28556
28566
28568
28573
28574
28575
28579
28582
28584
28585
28588
28589
28594
28598
28600
28604
28608
28612
28612
28614
28620
28620
28620
28625
28630
28631
28633
28638
28640
28642
28650
28653
28654
28660
28661
28668
28671
28674
28683
28689
28692
28693
28698
28699
28700
28700
28708
28709
28719
28721
28725
28731
28731
28738
28738
28742
28742
28746
28747
28750
28751
28752
28757
28762
28765
28765
28766
28767
28768
28770
28770
28781
28783
28786
28790
28792
28795
28796
28797
28802
28803
28803
28815
28816
28817
28819
28823
28824
28824
28826
28831
28833
28835
28842
28856
28857
28857
28859
28860
28867
28870
28871
28872
28872
28873
28874
28875
28880
28880
28880
28887
28892
28893
28910
28918
28920
28926
28935
28938
28939
28939
28940
28942
28942
28943
28943
28951
28955
28955
28957
28960
28961
28962
28969
28969
28977
28983
28984
28986
28986
28987
28989
28995
28997
28999
29008
29008
29009
29017
29018
29024
29028
29030
29031
29032
29034
29035
29043
29044
29050
29055
29055
29065
29070
29073
29078
29078
29080
29082
29084
29085
29085
29085
29089
29089
29095
29096
29102
29103
29106
29107
29108
29113
29113
29113
29114
29122
29123
29123
29124
29126
29131
29135
29136
29143
29145
29148
29148
29150
29151
29152
29152
29155
29159
29160
29160
29165
29171
29175
29175
29179
29190
29191
29191
29195
29198
29201
29201
29206
29211
29222
29223
29224
29227
29228
29231
29235
29236
29251
29252
29267
29268
29269
29271
29271
29275
29278
29281
29291
29294
29295
29299
29303
29304
29308
29308
29326
29334
29334
29338
29340
29342
29344
29346
29356
29361
29363
29365
29367
29379
29381
29384
29385
29389
29393
29393
29393
29401
29403
29409
29411
29412
29412
29414
29419
29420
29421
29422
29425
29426
29432
29435
29443
29445
29451
29451
29453
29465
29465
29466
29467
29470
29475
29475
29475
29477
29478
29478
29479
29480
29486
29489
29496
29497
29500
29504
29507
29511
29515
29521
29521
29523
29527
29530
29540
29544
29545
29549
29550
29553
29558
29559
29562
29562
29570
29572
29579
29581
29582
29582
29587
29589
29592
29592
29593
29597
29601
29603
29619
29620
29624
29625
29626
29628
29633
29639
29639
29639
29641
29643
29644
29648
29651
29654
29657
29657
29658
29658
29662
29662
29662
29666
29668
29677
29677
29680
29680
29697
29698
29701
29701
29707
29711
29713
29717
29719
29723
29730
29732
29741
29743
29746
29747
29750
29751
29752
29753
29758
29760
29761
29764
29769
29773
29774
29775
29784
29790
29792
29794
29797
29802
29803
29808
29809
29812
29814
29817
29818
29822
29830
29835
29837
29840
29841
29848
29848
29857
29864
29866
29870
29870
29871
29872
29883
29883
29883
29889
29900
29900
29907
29907
29908
29908
29914
29922
29929
29933
29934
29937
29943
29945
29946
29951
29952
29955
29956
29960
29963
29964
29968
29969
29970
29978
29988
29989
29992
29994
29999
30008
30009
30025
30028
30028
30028
30033
30034
30038
30043
30043
30044
30046
30046
30053
30053
30055
30067
30082
30084
30091
30093
30101
30101
30110
30111
30115
30115
30120
30124
30124
30126
30127
30128
30133
30138
30148
30148
30150
30150
30153
30160
30164
30164
30170
30171
30171
30173
30187
30189
30204
30206
30206
30210
30214
30221
30221
30235
30236
30243
30247
30254
30257
30258
30269
30274
30274
30276
30280
30281
30282
30285
30286
30287
30292
30295
30295
30296
30297
30298
30299
30307
30309
30311
30313
30314
30317
30320
30321
30321
30324
30327
30331
30332
30334
30335
30337
30344
30345
30349
30357
30362
30377
30392
30394
30394
30398
30398
30401
30403
30406
30407
30408
30408
30410
30413
30414
30415
30424
30427
30428
30432
30435
30440
30446
30446
30446
30450
30451
30453
30455
30465
30470
30472
30482
30483
30487
30489
30498
30508
30513
30518
30523
30524
30528
30529
30530
30532
30533
30534
30537
30540
30541
30549
30550
30552
30554
30558
30562
30564
30568
30568
30571
30577
30580
30585
30588
30589
30591
30592
30592
30600
30600
30602
30604
30605
30615
30617
30624
30624
30629
30631
30632
30636
30637
30639
30640
30642
30642
30646
30647
30647
30656
30658
30662
30662
30664
30665
30670
30672
30672
30675
30675
30677
30677
30688
30693
30697
30697
30700
30700
30703
30704
30707
30709
30715
30715
30728
30764
30767
30770
30775
30775
30777
30786
30790
30792
30798
30798
30799
30802
30805
30810
30817
30827
30832
30833
30835
30840
30841
30860
30865
30871
30873
30873
30873
30877
30881
30885
30890
30891
30891
30895
30895
30896
30897
30901
30902
30902
30902
30905
30907
30915
30915
30916
30917
30921
30921
30922
30924
30927
30927
30929
30931
30938
30941
30941
30942
30943
30943
30944
30947
30952
30957
30957
30959
30959
30966
30967
30967
30971
30975
30977
30986
30990
30990
31000
31007
31007
31009
31010
31013
31013
31016
31024
31024
31025
31025
31026
31026
31028
31030
31031
31032
31032
31035
31036
31038
31038
31043
31046
31056
31057
31059
31061
31067
31072
31073
31076
31087
31088
31090
31092
31104
31107
31111
31111
31112
31112
31112
31115
31115
31117
31119
31119
31121
31123
31125
31127
31138
31142
31153
31154
31166
31166
31166
31166
31172
31178
31190
31211
31219
31221
31224
31228
31229
31229
31233
31237
31243
31246
31253
31256
31258
31260
31272
31275
31275
31282
31283
31284
31284
31285
31290
31297
31299
31305
31308
31310
31315
31318
31319
31325
31328
31331
31331
31334
31334
31346
31357
31359
31363
31365
31366
31372
31379
31385
31388
31392
31396
31398
31412
31415
31418
31420
31424
31426
31429
31431
31435
31436
31438
31439
31446
31448
31451
31453
31461
31474
31475
31488
31492
31494
31494
31496
31497
31498
31500
31503
31503
31503
31514
31514
31516
31520
31521
31525
31531
31534
31537
31539
31542
31544
31554
31555
31556
31558
31563
31566
31567
31577
31580
31588
31591
31592
31595
31599
31611
31615
31616
31616
31617
31619
31621
31622
31623
31626
31637
31642
31646
31650
31655
31655
31657
31658
31662
31663
31669
31673
31675
31678
31681
31686
31690
31690
31695
31698
31700
31702
31706
31706
31707
31707
31714
31716
31717
31719
31728
31730
31733
31736
31738
31741
31758
31758
31763
31767
31768
31774
31776
31780
31782
31787
31792
31797
31798
31800
31802
31812
31820
31821
31823
31833
31838
31846
31847
31848
31848
31849
31852
31853
31855
31863
31865
31865
31866
31868
31870
31872
31875
31879
31882
31888
31890
31893
31896
31899
31900
31901
31903
31911
31916
31924
31928
31928
31931
31933
31934
31937
31943
31947
31947
31951
31952
31954
31958
31959
31961
31963
31964
31969
31972
31978
31981
31984
31984
31985
31985
31998
32002
32005
32009
32010
32014
32014
32015
32017
32018
32021
32022
32023
32025
32032
32041
32047
32051
32052
32053
32057
32057
32061
32064
32064
32065
32068
32068
32069
32073
32079
32079
32085
32085
32088
32090
32093
32094
32102
32121
32122
32134
32135
32136
32137
32140
32140
32141
32141
32143
32148
32153
32155
32156
32163
32167
32186
32188
32188
32189
32190
32190
32200
32201
32202
32204
32210
32218
32220
32232
32233
32236
32242
32243
32244
32245
32250
32257
32259
32273
32275
32278
32280
32281
32282
32282
32285
32286
32286
32290
32292
32300
32308
32308
32310
32312
32317
32317
32318
32320
32322
32342
32346
32347
32354
32354
32359
32362
32365
32365
32368
32375
32390
32390
32391
32399
32401
32402
32405
32406
32412
32413
32415
32416
32427
32427
32428
32432
32433
32434
32436
32436
32437
32442
32443
32445
32450
32453
32455
32456
32456
32466
32466
32480
32481
32482
32486
32486
32486
32490
32494
32496
32502
32504
32505
32509
32514
32515
32518
32520
32521
32531
32532
32532
32537
32537
32544
32549
32562
32562
32564
32565
32568
32569
32569
32570
32576
32577
32579
32584
32590
32590
32590
32594
32594
32602
32603
32606
32614
32616
32620
32620
32622
32623
32630
32633
32635
32640
32640
32641
32642
32646
32646
32649
32655
32656
32659
32660
32663
32681
32691
32692
32694
32700
32702
32702
32704
32709
32716
32718
32725
32729
32733
32734
32738
32738
32738
32738
32745
32751
32752
32754
32757
32759
32759
32761
32766
