72
97
126
139
193
211
220
248
273
293
307
314
337
341
351
367
404
416
429
474
509
521
565
583
585
593
608
647
739
789
798
804
917
926
972
1015
1015
1023
1056
1061
1102
1134
1183
1189
1227
1272
1280
1394
1410
1414
1424
1485
1523
1542
1546
1584
1648
1652
1734
1745
1750
1777
1832
1889
1937
1969
2046
2062
2081
2093
2247
2251
2286
2288
2291
2328
2335
2479
2509
2540
2556
2658
2719
2741
2744
2803
2826
2868
2885
2938
3033
3048
3048
3055
3069
3069
3074
3126
3175
3227
3274
3406
3501
3529
3585
3669
3682
3730
3751
3769
3797
3812
3837
3895
3975
4005
4041
4049
4096
4123
4132
4141
4177
4211
4286
4295
4306
4318
4327
4352
4368
4372
4387
4393
4397
4402
4430
4446
4458
4637
4667
4685
4685
4701
4705
4719
4747
4776
4784
4896
4980
4983
4984
4989
4990
5038
5051
5070
5083
5105
5128
5147
5167
5229
5243
5352
5356
5411
5414
5480
5532
5581
5582
5586
5636
5665
5707
5743
5773
5807
5920
5987
6001
6014
6081
6175
6250
6277
6344
6345
6364
6381
6408
6503
6513
6540
6571
6575
6579
6650
6683
6771
6825
6831
6875
6967
7005
7106
7110
7141
7167
7176
7183
7189
7220
7229
7241
7265
7268
7275
7282
7298
7329
7331
7465
7504
7548
7564
7629
7634
7699
7703
7710
7750
7760
7797
7842
7881
7904
7912
7971
8006
8041
8119
8180
8180
8250
8432
8434
8458
8478
8479
8516
8532
8547
8593
8594
8609
8637
8657
8780
8881
8885
9032
9111
9114
9122
9156
9208
9323
9342
9356
9399
9434
9451
9482
9495
9514
9517
9547
9576
9608
9683
9739
9752
9754
9762
9791
9877
9916
9941
9948
10025
10066
10071
10081
10100
10127
10133
10190
10193
10335
10336
10352
10376
10401
10432
10432
10435
10461
10467
10514
10546
10551
10634
10661
10701
10715
10826
10839
10846
10857
10884
10886
10988
11009
11030
11128
11141
11150
11163
11180
11302
11342
11358
11369
11376
11402
11430
11446
11478
11490
11505
11527
11536
11542
11547
11561
11607
11621
11631
11651
11692
11731
11747
11771
11890
12007
12015
12036
12062
12069
12100
12254
12302
12340
12371
12390
12424
12455
12481
12522
12527
12542
12547
12547
12570
12694
12704
12724
12775
12800
12822
12828
12867
12912
12915
12916
12934
12980
12981
12982
13010
13080
13132
13371
13400
13440
13445
13451
13461
13515
13515
13566
13569
13627
13675
13690
13728
13735
13821
13837
13867
13875
13903
13915
13963
13964
13967
13984
14025
14157
14254
14266
14268
14338
14377
14428
14474
14501
14539
14561
14592
14621
14668
14713
14717
14764
14807
14831
14837
14935
14941
14991
14991
14994
15005
15011
15038
15069
15073
15114
15167
15188
15242
15289
15314
15326
15349
15423
15432
15468
15490
15494
15495
15615
15648
15724
15733
15819
15836
15860
15875
15881
15885
15903
15913
15915
15918
15923
15943
16004
16044
16179
16205
16239
16253
16254
16255
16326
16342
16353
16405
16422
16426
16529
16553
16594
16600
16609
16621
16725
16732
16779
16824
16837
16873
16878
16971
16985
16990
16995
17031
17051
17078
17226
17235
17363
17386
17450
17467
17509
17532
17534
17535
17540
17549
17556
17588
17615
17660
17818
17830
17866
17898
17925
17931
17951
18018
18031
18071
18081
18089
18128
18178
18212
18215
18215
18260
18337
18367
18378
18413
18424
18426
18443
18447
18463
18480
18524
18548
18621
18631
18634
18694
18743
18791
18826
18897
18921
18930
18949
18971
18975
19001
19092
19115
19138
19190
19305
19321
19394
19458
19526
19532
19535
19538
19563
19586
19606
19630
19679
19724
19758
19788
19801
19810
19821
19830
19857
19873
19881
19909
19922
19932
19933
19947
19985
19996
20029
20035
20063
20139
20176
20189
20200
20222
20308
20321
20422
20441
20445
20542
20621
20644
20668
20747
20791
20801
20807
20812
20828
20895
20912
20929
20931
20949
20978
21027
21056
21071
21073
21148
21184
21189
21194
21212
21227
21289
21328
21340
21415
21455
21458
21462
21466
21503
21579
21588
21722
21818
21910
21918
21930
21939
21969
21992
21996
22000
22012
22063
22079
22127
22142
22143
22147
22167
22241
22271
22358
22368
22410
22449
22452
22486
22500
22578
22592
22625
22629
22651
22651
22657
22714
22729
22738
22774
22776
22784
22876
22881
22890
22916
22944
22995
23027
23115
23152
23168
23199
23239
23251
23256
23258
23278
23302
23316
23392
23395
23489
23523
23532
23572
23599
23636
23647
23676
23693
23709
23752
23759
23766
23856
23882
23937
23975
23994
24132
24137
24237
24312
24336
24352
24353
24382
24397
24458
24464
24480
24496
24512
24525
24555
24573
24631
24645
24658
24727
24755
24789
24800
24848
24892
24906
24941
24978
25020
25052
25129
25169
25179
25253
25335
25343
25349
25390
25392
25413
25419
25442
25548
25559
25674
25693
25694
25697
25699
25724
25751
25814
25853
25859
25865
25897
25909
25929
25933
25980
26035
26073
26119
26122
26162
26174
26204
26280
26345
26362
26391
26407
26450
26466
26476
26527
26551
26553
26564
26669
26744
26801
26802
26808
26813
26839
26857
26895
26978
26985
27136
27147
27161
27197
27204
27214
27234
27235
27254
27286
27288
27310
27328
27360
27430
27465
27540
27558
27581
27592
27623
27636
27665
27763
27794
27811
27825
27860
27864
27935
27949
28017
28037
28062
28085
28113
28114
28181
28224
28225
28298
28358
28418
28432
28444
28446
28467
28488
28492
28575
28584
28612
28620
28631
28661
28738
28750
28765
28770
28786
28857
28874
28918
28943
28986
28997
29070
29095
29175
29361
29379
29411
29419
29445
29451
29511
29521
29582
29592
29593
29619
29633
29648
29658
29680
29761
29848
29883
29908
29945
29951
29956
29960
29968
29978
30009
30025
30028
30101
30115
30120
30160
30173
30235
30254
30292
30317
30321
30335
30345
30483
30541
30568
30624
30637
30647
30697
30704
30805
30817
30873
30885
30891
30895
30902
30902
30905
30924
30942
30947
30990
31057
31112
31166
31172
31190
31211
31224
31243
31372
31431
31448
31497
31503
31514
31516
31646
31662
31733
31820
31865
31937
31951
31963
32047
32079
32136
32155
32202
32220
32232
32242
32346
32354
32359
32406
32490
32537
32562
32606
32622
32694
