5
9
58
66
70
72
74
80
94
126
131
136
152
153
169
170
177
190
199
214
217
234
240
263
280
284
299
315
338
340
343
369
385
393
394
396
401
408
438
449
457
462
496
501
510
528
533
564
570
576
581
597
597
602
605
616
636
647
650
654
655
687
697
712
727
750
751
785
811
813
820
826
836
844
855
880
900
902
904
920
928
967
968
977
980
991
998
999
1009
1019
1044
1057
1058
1064
1071
1076
1081
1097
1115
1133
1213
1287
1294
1303
1329
1344
1352
1354
1360
1374
1374
1413
1422
1436
1449
1451
1452
1463
1464
1467
1471
1476
1477
1479
1480
1502
1504
1514
1526
1535
1535
1558
1561
1562
1569
1592
1608
1616
1620
1664
1693
1712
1712
1726
1743
1744
1752
1757
1772
1775
1792
1814
1837
1841
1859
1876
1877
1885
1888
1892
1894
1903
1905
1910
1951
1953
1955
1981
1988
1993
2006
2020
2049
2051
2052
2060
2071
2076
2085
2111
2120
2125
2141
2145
2147
2153
2160
2164
2165
2177
2183
2201
2206
2229
2231
2232
2256
2258
2285
2315
2324
2330
2345
2346
2351
2374
2400
2430
2441
2446
2454
2533
2536
2560
2569
2572
2591
2612
2621
2621
2667
2671
2672
2690
2701
2708
2712
2713
2732
2740
2751
2755
2772
2775
2779
2779
2779
2793
2833
2836
2847
2865
2869
2870
2870
2871
2900
2905
2909
2929
2931
2933
2937
2951
2951
2957
2967
2988
3030
3050
3068
3079
3083
3094
3111
3115
3119
3138
3138
3156
3160
3179
3183
3187
3189
3204
3216
3224
3236
3245
3249
3254
3256
3273
3303
3312
3346
3349
3356
3373
3406
3414
3416
3427
3442
3461
3479
3479
3489
3489
3489
3502
3507
3507
3510
3515
3536
3546
3546
3568
3599
3604
3617
3618
3622
3624
3633
3646
3674
3695
3706
3711
3726
3741
3753
3761
3769
3770
3772
3773
3809
3822
3828
3828
3858
3861
3863
3876
3911
3916
3922
3930
3995
4004
4012
4019
4022
4022
4025
4029
4029
4031
4075
4079
4079
4081
4096
4098
4112
4125
4135
4145
4150
4152
4157
4166
4189
4193
4219
4222
4238
4240
4241
4246
4267
4283
4371
4382
4399
4410
4413
4424
4427
4433
4453
4472
4481
4496
4500
4520
4524
4525
4526
4546
4577
4594
4597
4603
4624
4637
4647
4651
4655
4660
4662
4664
4670
4680
4700
4714
4726
4737
4740
4750
4755
4759
4783
4788
4788
4798
4813
4813
4846
4869
4895
4917
4929
4929
4934
4952
4961
4970
4981
4987
4997
5013
5028
5056
5058
5063
5070
5077
5091
5093
5108
5128
5129
5131
5136
5143
5149
5155
5168
5174
5175
5184
5227
5229
5238
5263
5278
5283
5302
5304
5315
5333
5333
5338
5363
5425
5447
5449
5451
5486
5496
5499
5509
5511
5521
5523
5531
5531
5531
5532
5534
5534
5537
5538
5543
5579
5580
5581
5585
5593
5595
5596
5615
5620
5650
5664
5684
5686
5690
5691
5711
5731
5733
5747
5759
5769
5773
5776
5790
5792
5794
5822
5831
5850
5852
5854
5855
5856
5873
5879
5883
5896
5898
5908
5909
5928
5952
5961
5965
6013
6014
6025
6028
6030
6053
6065
6066
6074
6075
6084
6101
6118
6119
6123
6135
6140
6142
6152
6160
6210
6212
6213
6220
6224
6230
6230
6255
6279
6315
6315
6327
6328
6337
6349
6356
6363
6368
6374
6388
6389
6395
6397
6435
6453
6492
6496
6496
6496
6511
6512
6515
6530
6556
6578
6586
6589
6592
6609
6615
6634
6638
6656
6663
6672
6681
6685
6693
6696
6700
6713
6716
6720
6723
6733
6749
6755
6756
6780
6781
6786
6791
6794
6799
6802
6805
6806
6815
6854
6856
6860
6861
6866
6888
6900
6935
6939
6945
6948
6958
6971
7000
7001
7002
7004
7016
7023
7026
7047
7060
7062
7092
7100
7104
7117
7118
7129
7130
7142
7146
7150
7198
7198
7207
7212
7213
7221
7240
7246
7279
7304
7324
7342
7361
7366
7367
7372
7384
7398
7399
7424
7451
7456
7467
7511
7517
7518
7528
7536
7543
7570
7577
7579
7595
7599
7601
7623
7648
7659
7672
7684
7690
7735
7740
7750
7764
7764
7768
7776
7785
7797
7803
7812
7885
7894
7908
7949
7956
7959
7960
7970
7974
7995
8001
8009
8046
8047
8068
8071
8089
8095
8104
8121
8127
8127
8128
8137
8137
8144
8147
8154
8180
8189
8197
8202
8221
8221
8253
8258
8260
8262
8280
8282
8283
8293
8301
8306
8327
8336
8340
8341
8358
8360
8366
8371
8394
8406
8411
8413
8417
8419
8430
8432
8434
8450
8463
8465
8493
8494
8499
8507
8510
8533
8564
8581
8584
8588
8595
8597
8633
8639
8670
8671
8672
8675
8675
8684
8696
8703
8705
8712
8714
8719
8722
8728
8729
8744
8763
8767
8824
8839
8839
8843
8847
8865
8881
8884
8906
8924
8928
8929
8953
8953
8981
8996
8998
9012
9038
9042
9044
9052
9058
9064
9083
9090
9100
9117
9122
9123
9123
9150
9156
9164
9165
9195
9202
9210
9212
9224
9235
9243
9260
9277
9277
9286
9288
9294
9321
9324
9332
9337
9344
9370
9395
9401
9408
9419
9427
9429
9440
9453
9462
9475
9484
9487
9494
9497
9510
9510
9516
9525
9545
9545
9553
9575
9577
9582
9607
9621
9623
9627
9631
9641
9651
9653
9660
9668
9676
9686
9686
9689
9710
9716
9746
9748
9751
9780
9782
9791
9816
9821
9822
9839
9846
9859
9875
9882
9894
9896
9901
9904
9907
9934
9944
9945
9949
9950
9963
9968
9988
9997
10018
10079
10085
10088
10093
10098
10106
10117
10134
10134
10135
10142
10142
10145
10164
10170
10190
10257
10263
10266
10268
10270
10275
10303
10318
10367
10373
10385
10385
10388
10393
10394
10404
10408
10422
10424
10426
10439
10441
10449
10453
10471
10484
10512
10524
10558
10565
10584
10589
10608
10638
10676
10680
10682
10699
10723
10750
10791
10800
10843
10867
10882
10885
10892
10929
10933
10947
10967
10972
10976
11012
11030
11035
11048
11048
11054
11070
11076
11087
11109
11148
11161
11161
11162
11165
11166
11168
11168
11174
11179
11195
11196
11215
11223
11224
11249
11264
11274
11278
11304
11321
11326
11327
11329
11367
11372
11388
11397
11410
11443
11446
11454
11455
11479
11480
11494
11500
11508
11512
11514
11535
11552
11558
11575
11575
11582
11588
11590
11597
11607
11610
11611
11614
11628
11653
11661
11685
11702
11714
11732
11733
11766
11766
11767
11778
11787
11790
11791
11806
11823
11855
11861
11863
11879
11885
11898
11906
11906
11933
11935
11938
11945
11950
11965
11972
11985
11987
11988
12014
12047
12056
12080
12082
12088
12094
12100
12105
12125
12149
12158
12169
12180
12193
12193
12195
12227
12256
12257
12278
12292
12293
12304
12361
12370
12407
12425
12444
12448
12455
12463
12472
12480
12512
12514
12521
12524
12535
12541
12546
12575
12580
12600
12623
12644
12657
12658
12694
12701
12715
12723
12725
12731
12731
12734
12745
12764
12769
12800
12805
12810
12818
12820
12838
12839
12843
12845
12848
12856
12857
12875
12880
12898
12903
12903
12909
12923
12927
12928
12941
12963
12971
12973
12976
12979
12988
13020
13021
13021
13027
13028
13037
13037
13050
13056
13060
13074
13081
13098
13101
13104
13130
13132
13148
13176
13192
13192
13193
13194
13227
13232
13235
13261
13275
13280
13287
13329
13340
13357
13357
13359
13379
13415
13425
13436
13438
13438
13484
13489
13497
13511
13544
13561
13573
13581
13588
13620
13624
13634
13635
13636
13641
13646
13655
13705
13715
13723
13758
13763
13764
13787
13789
13800
13803
13815
13818
13835
13835
13837
13843
13855
13876
13885
13890
13894
13903
13904
13910
13929
13931
13939
13952
13963
13969
13972
13972
13979
14036
14037
14058
14059
14061
14064
14083
14087
14104
14104
14107
14111
14117
14156
14158
14159
14206
14220
14222
14222
14233
14237
14256
14258
14268
14272
14281
14297
14336
14337
14375
14388
14402
14403
14410
14419
14442
14445
14454
14481
14486
14488
14494
14505
14509
14517
14527
14530
14548
14548
14569
14581
14588
14595
14597
14605
14607
14623
14630
14633
14643
14648
14661
14674
14674
14676
14684
14689
14700
14711
14719
14722
14732
14750
14753
14756
14761
14765
14766
14777
14786
14789
14790
14796
14812
14836
14867
14872
14896
14898
14910
14931
14937
14940
14948
14948
14955
14960
15017
15040
15055
15060
15070
15075
15082
15095
15095
15123
15125
15132
15135
15148
15178
15196
15224
15246
15280
15285
15307
15317
15319
15342
15355
15359
15363
15371
15384
15386
15392
15409
15422
15425
15426
15434
15438
15446
15454
15459
15460
15470
15472
15479
15480
15485
15489
15497
15501
15521
15531
15534
15534
15536
15537
15546
15549
15577
15579
15583
15589
15593
15607
15621
15630
15639
15646
15667
15687
15700
15718
15730
15731
15751
15787
15799
15815
15821
15824
15828
15837
15837
15839
15851
15858
15874
15875
15878
15886
15901
15905
15930
15931
15933
15970
15996
16015
16025
16025
16051
16087
16089
16115
16118
16123
16123
16142
16144
16150
16157
16159
16160
16173
16180
16192
16198
16205
16251
16258
16261
16282
16284
16290
16362
16363
16369
16398
16404
16422
16436
16445
16482
16487
16491
16494
16498
16508
16535
16548
16552
16555
16572
16573
16574
16621
16631
16648
16655
16659
16661
16674
16683
16701
16732
16736
16744
16758
16765
16765
16768
16781
16789
16814
16815
16816
16817
16826
16836
16836
16852
16862
16864
16871
16877
16887
16897
16906
16908
16925
16927
16931
16935
16942
16948
16969
16969
16974
16974
16975
16986
16992
16993
17024
17034
17046
17068
17070
17083
17106
17164
17167
17182
17235
17259
17274
17275
17296
17301
17303
17304
17322
17342
17344
17357
17362
17374
17374
17408
17415
17452
17456
17478
17483
17486
17493
17512
17531
17534
17557
17558
17559
17573
17574
17617
17639
17643
17654
17660
17664
17667
17673
17682
17686
17686
17691
17715
17726
17749
17753
17783
17784
17806
17811
17817
17826
17845
17852
17854
17859
17881
17889
17904
17918
17934
17941
17945
17952
17977
17987
18016
18023
18037
18046
18072
18080
18140
18145
18168
18168
18170
18196
18196
18197
18198
18202
18225
18228
18257
18267
18271
18275
18284
18299
18300
18334
18341
18350
18374
18402
18414
18421
18422
18428
18428
18429
18432
18455
18482
18490
18504
18518
18537
18543
18547
18547
18549
18560
18564
18586
18586
18589
18594
18606
18606
18637
18660
18666
18674
18675
18679
18686
18696
18712
18715
18723
18747
18757
18761
18784
18804
18809
18815
18817
18826
18833
18840
18864
18882
18883
18891
18895
18897
18898
18922
18935
18936
18948
18966
19005
19009
19027
19049
19053
19061
19067
19068
19069
19074
19076
19081
19101
19105
19110
19125
19133
19136
19143
19150
19165
19178
19181
19190
19206
19215
19222
19247
19260
19264
19270
19299
19300
19302
19316
19329
19330
19348
19373
19373
19374
19376
19377
19398
19400
19404
19405
19426
19448
19473
19479
19480
19482
19489
19520
19523
19525
19526
19531
19549
19552
19577
19579
19583
19601
19651
19653
19665
19666
19684
19694
19694
19709
19709
19713
19731
19752
19759
19768
19807
19817
19849
19854
19854
19854
19861
19868
19869
19877
19877
19884
19886
19893
19904
19915
19928
19944
19949
19962
19964
19968
19971
19973
19977
19981
19995
20016
20037
20059
20059
20065
20068
20080
20090
20092
20101
20110
20117
20118
20135
20136
20159
20164
20171
20172
20181
20200
20226
20242
20243
20245
20248
20259
20264
20275
20289
20307
20311
20320
20330
20346
20352
20365
20371
20377
20387
20389
20418
20428
20433
20434
20434
20441
20446
20469
20472
20478
20529
20531
20584
20585
20613
20648
20672
20677
20679
20692
20698
20706
20714
20718
20730
20742
20787
20789
20831
20836
20853
20871
20878
20889
20893
20956
20982
20986
21012
21023
21028
21048
21052
21061
21120
21133
21142
21156
21162
21168
21190
21200
21205
21219
21234
21251
21253
21253
21255
21255
21266
21266
21278
21292
21307
21322
21327
21335
21345
21354
21362
21363
21373
21395
21409
21413
21418
21434
21449
21473
21477
21502
21524
21529
21552
21555
21564
21565
21565
21569
21587
21605
21616
21617
21626
21629
21640
21648
21667
21673
21679
21707
21707
21718
21724
21725
21738
21782
21782
21804
21811
21813
21821
21843
21851
21858
21868
21869
21887
21899
21901
21912
21914
21917
21931
21936
21950
22028
22039
22042
22042
22064
22083
22132
22143
22146
22148
22154
22168
22172
22203
22211
22252
22254
22262
22268
22284
22292
22317
22341
22346
22380
22382
22382
22391
22398
22408
22409
22440
22453
22464
22470
22475
22475
22486
22487
22506
22518
22522
22523
22529
22537
22539
22541
22552
22554
22612
22627
22630
22633
22635
22637
22639
22651
22655
22655
22664
22664
22665
22696
22706
22758
22759
22773
22786
22827
22834
22881
22882
22884
22904
22911
22914
22916
22920
22926
22950
22958
22964
22973
22977
22981
22982
22983
22984
22991
22994
22999
23004
23004
23017
23026
23027
23029
23031
23037
23042
23044
23048
23054
23077
23078
23088
23090
23099
23102
23113
23118
23127
23130
23138
23141
23155
23156
23162
23162
23163
23178
23189
23219
23221
23229
23258
23264
23280
23281
23285
23286
23294
23303
23304
23307
23311
23313
23325
23333
23342
23356
23357
23362
23362
23363
23367
23377
23378
23380
23389
23391
23393
23426
23430
23431
23436
23437
23439
23472
23480
23495
23502
23502
23561
23566
23567
23568
23570
23579
23582
23632
23653
23666
23674
23679
23692
23699
23704
23706
23713
23739
23741
23741
23748
23762
23763
23767
23770
23780
23786
23788
23788
23797
23798
23804
23807
23807
23815
23816
23818
23820
23828
23841
23854
23871
23872
23883
23900
23912
23922
23925
23927
23937
23944
23973
23995
24019
24020
24028
24056
24061
24068
24071
24077
24088
24113
24118
24128
24143
24154
24173
24173
24179
24180
24215
24247
24266
24278
24283
24285
24288
24295
24298
24300
24303
24306
24321
24327
24332
24332
24355
24374
24382
24387
24403
24403
24407
24413
24416
24436
24443
24530
24531
24555
24563
24577
24587
24588
24592
24595
24600
24609
24613
24635
24635
24641
24648
24655
24658
24663
24683
24727
24752
24775
24793
24807
24818
24846
24870
24899
24902
24909
24928
24933
24946
24949
24956
24959
24981
24982
24998
25003
25008
25008
25009
25026
25030
25043
25062
25068
25076
25085
25089
25099
25107
25112
25115
25151
25154
25170
25192
25236
25254
25263
25270
25271
25280
25317
25351
25373
25376
25378
25397
25428
25440
25444
25448
25484
25494
25527
25546
25551
25554
25555
25569
25577
25586
25591
25605
25615
25615
25628
25636
25639
25662
25679
25683
25701
25704
25721
25741
25742
25751
25757
25772
25774
25777
25792
25795
25817
25818
25824
25826
25828
25846
25853
25873
25901
25909
25925
25955
25971
25973
25984
25991
25999
26000
26003
26009
26017
26035
26067
26076
26079
26116
26121
26133
26137
26165
26179
26186
26243
26283
26351
26357
26364
26365
26368
26379
26385
26390
26394
26404
26435
26467
26474
26488
26491
26511
26512
26516
26517
26531
26531
26535
26549
26570
26570
26596
26606
26606
26611
26613
26615
26619
26628
26632
26633
26648
26649
26660
26661
26664
26675
26682
26692
26708
26709
26717
26724
26725
26736
26740
26748
26773
26773
26786
26787
26797
26798
26823
26823
26831
26835
26835
26836
26841
26844
26845
26845
26850
26858
26860
26865
26877
26879
26885
26895
26896
26921
26928
26933
26934
26936
26943
26948
26987
26997
26997
27004
27011
27011
27020
27039
27058
27059
27062
27070
27095
27098
27118
27142
27150
27158
27169
27187
27204
27210
27241
27245
27246
27246
27257
27268
27292
27303
27317
27318
27337
27349
27354
27369
27389
27395
27407
27429
27430
27445
27471
27475
27476
27477
27495
27495
27496
27498
27534
27563
27564
27569
27575
27580
27626
27631
27641
27645
27646
27681
27684
27689
27698
27706
27718
27718
27739
27743
27749
27759
27761
27783
27805
27847
27861
27869
27870
27890
27895
27922
27940
27948
27966
27990
27994
28010
28011
28015
28059
28059
28072
28081
28125
28152
28157
28157
28161
28171
28183
28184
28208
28213
28232
28244
28281
28298
28300
28301
28301
28332
28341
28361
28369
28377
28403
28404
28405
28431
28443
28487
28487
28509
28516
28521
28534
28540
28551
28554
28555
28568
28574
28579
28588
28589
28614
28638
28653
28668
28671
28683
28692
28699
28708
28719
28751
28767
28792
28797
28815
28823
28835
28842
28856
28859
28867
28871
28873
28935
28939
28942
28951
28955
28969
28986
29017
29018
29032
29034
29055
29085
29089
29096
29103
29107
29113
29124
29136
29151
29160
29165
29179
29191
29211
29223
29236
29267
29269
29281
29308
29326
29334
29334
29344
29346
29356
29363
29389
29401
29403
29412
29443
29466
29475
29475
29475
29478
29479
29480
29496
29500
29507
29521
29549
29582
29589
29592
29597
29601
29620
29628
29639
29641
29643
29651
29657
29657
29662
29666
29697
29698
29713
29732
29741
29743
29747
29752
29753
29794
29797
29809
29814
29822
29830
29837
29870
29872
29908
29934
29937
29963
29969
29970
30008
30033
30043
30044
30046
30053
30111
30115
30127
30148
30150
30153
30164
30187
30189
30204
30214
30221
30236
30243
30269
30274
30282
30285
30287
30296
30297
30298
30307
30311
30313
30314
30320
30321
30324
30331
30332
30334
30357
30362
30398
30403
30408
30410
30413
30414
30427
30428
30446
30446
30482
30489
30534
30540
30554
30564
30592
30592
30600
30602
30624
30629
30640
30646
30656
30662
30664
30665
30670
30672
30672
30675
30697
30709
30715
30715
30728
30792
30833
30841
30890
30891
30901
30902
30915
30917
30921
30922
30927
30927
30929
30938
30957
30959
30967
30975
31007
31031
31032
31046
31056
31067
31072
31073
31088
31090
31092
31107
31115
31115
31121
31127
31138
31142
31154
31166
31219
31228
31237
31272
31299
31305
31308
31315
31328
31331
31346
31363
31365
31385
31420
31424
31429
31436
31439
31494
31498
31500
31503
31525
31531
31537
31542
31554
31558
31577
31580
31595
31615
31617
31619
31623
31669
31690
31695
31698
31700
31702
31714
31716
31719
31736
31758
31767
31774
31776
31780
31787
31802
31812
31833
31847
31848
31852
31853
31855
31870
31879
31882
31893
31896
31900
31924
31928
31943
31958
31961
31969
31972
31984
31984
32002
32005
32009
32010
32014
32015
32018
32021
32022
32051
32052
32057
32065
32102
32134
32140
32141
32153
32156
32163
32167
32190
32204
32244
32273
32281
32282
32285
32292
32300
32308
32317
32320
32347
32399
32401
32402
32413
32434
32436
32437
32442
32466
32481
32486
32486
32486
32514
32520
32562
32564
32568
32577
32590
32594
32594
32640
32641
32642
32660
32663
32691
32692
32716
32718
32725
32734
32759
32761
