0
4
6
16
18
21
22
26
34
50
54
57
59
95
100
105
106
110
119
121
129
130
136
139
143
144
162
179
183
204
204
210
211
211
212
229
243
245
264
264
266
268
273
278
279
282
284
285
285
292
316
317
319
325
328
336
339
345
347
349
361
366
368
376
380
381
385
395
398
402
407
408
410
417
421
421
423
424
427
436
439
444
446
448
457
468
469
469
470
471
478
491
497
505
505
533
533
539
541
542
546
550
550
551
555
559
562
575
596
598
603
611
620
620
626
629
638
643
652
652
658
661
664
674
676
680
697
707
707
710
717
725
734
743
754
767
773
783
790
790
791
800
800
801
829
832
835
839
845
846
858
861
865
866
870
870
879
881
885
892
895
904
915
929
937
948
953
955
958
959
963
967
972
973
980
989
993
993
1003
1013
1013
1015
1015
1018
1022
1023
1035
1053
1055
1055
1062
1069
1086
1088
1101
1108
1108
1113
1119
1145
1145
1165
1171
1183
1183
1190
1193
1195
1196
1196
1197
1204
1207
1211
1212
1223
1231
1233
1242
1247
1252
1252
1254
1255
1259
1260
1262
1267
1270
1270
1271
1279
1295
1296
1302
1303
1309
1309
1312
1314
1328
1328
1329
1335
1338
1345
1358
1366
1367
1372
1374
1374
1375
1380
1382
1384
1385
1386
1388
1395
1401
1403
1413
1418
1421
1431
1440
1441
1453
1466
1491
1491
1495
1503
1512
1513
1513
1514
1519
1521
1521
1524
1534
1543
1554
1555
1559
1568
1569
1569
1571
1583
1583
1584
1587
1598
1601
1604
1607
1628
1634
1638
1648
1648
1650
1655
1659
1665
1668
1685
1687
1694
1698
1698
1704
1705
1707
1714
1731
1733
1742
1762
1767
1770
1771
1778
1779
1783
1784
1789
1792
1803
1811
1815
1816
1818
1818
1820
1826
1835
1846
1851
1855
1857
1858
1872
1872
1880
1884
1886
1889
1910
1920
1922
1925
1925
1925
1929
1937
1941
1944
1946
1950
1953
1958
1959
1972
1977
1988
1991
1993
1994
2003
2004
2006
2006
2011
2012
2017
2023
2024
2030
2039
2045
2045
2063
2070
2072
2099
2100
2107
2108
2112
2114
2119
2122
2134
2137
2138
2143
2153
2156
2161
2163
2185
2188
2190
2217
2219
2222
2226
2228
2245
2249
2251
2264
2266
2277
2284
2289
2294
2303
2310
2320
2325
2330
2333
2336
2341
2344
2347
2348
2349
2349
2349
2363
2394
2410
2414
2416
2416
2418
2429
2433
2448
2452
2469
2475
2482
2486
2491
2494
2494
2496
2496
2513
2514
2520
2525
2539
2543
2544
2548
2550
2555
2560
2574
2577
2585
2589
2596
2600
2601
2610
2622
2626
2633
2656
2663
2664
2665
2674
2678
2679
2684
2687
2696
2709
2718
2719
2727
2734
2734
2741
2744
2748
2754
2754
2755
2760
2766
2786
2789
2790
2792
2801
2803
2803
2807
2809
2810
2819
2820
2821
2822
2823
2824
2827
2829
2837
2841
2841
2849
2861
2874
2884
2896
2902
2902
2904
2920
2921
2922
2931
2933
2937
2944
2950
2956
2956
2977
2978
2980
2990
2992
2992
2998
2999
3003
3005
3010
3011
3017
3017
3021
3029
3038
3038
3040
3043
3051
3065
3065
3075
3077
3081
3089
3091
3096
3099
3104
3106
3107
3112
3126
3130
3131
3149
3151
3162
3164
3168
3174
3176
3190
3191
3192
3196
3200
3203
3214
3222
3229
3230
3234
3241
3242
3246
3249
3255
3256
3262
3270
3280
3284
3288
3293
3296
3300
3304
3318
3321
3323
3326
3329
3333
3335
3343
3346
3348
3357
3368
3370
3387
3387
3392
3393
3394
3395
3399
3402
3415
3416
3421
3422
3425
3429
3432
3433
3435
3439
3458
3474
3487
3498
3498
3504
3505
3509
3509
3512
3514
3516
3520
3529
3542
3544
3548
3555
3555
3557
3559
3561
3565
3574
3592
3593
3610
3612
3616
3617
3621
3630
3633
3633
3634
3641
3642
3646
3647
3648
3649
3650
3656
3657
3658
3660
3661
3663
3665
3670
3671
3685
3695
3698
3698
3698
3703
3705
3710
3713
3722
3724
3725
3729
3737
3738
3747
3748
3751
3752
3761
3763
3763
3766
3767
3775
3778
3810
3822
3825
3827
3831
3848
3853
3855
3860
3865
3870
3872
3875
3875
3878
3879
3892
3902
3907
3909
3911
3913
3915
3924
3925
3925
3930
3935
3936
3939
3940
3944
3946
3946
3952
3953
3953
3956
3966
3967
3976
3987
3991
3991
3996
4000
4004
4005
4005
4008
4010
4023
4028
4034
4034
4035
4035
4042
4049
4066
4075
4078
4081
4088
4089
4090
4096
4101
4103
4106
4107
4108
4111
4112
4112
4112
4119
4121
4122
4125
4142
4156
4159
4177
4179
4181
4184
4186
4187
4192
4193
4197
4200
4205
4211
4212
4213
4228
4228
4232
4236
4239
4256
4264
4269
4270
4276
4277
4279
4281
4282
4283
4290
4292
4292
4302
4303
4307
4309
4309
4319
4320
4329
4342
4346
4355
4355
4361
4369
4389
4389
4400
4404
4405
4406
4411
4426
4439
4441
4443
4446
4454
4457
4473
4473
4477
4484
4484
4491
4497
4505
4506
4507
4508
4510
4527
4543
4546
4564
4572
4574
4577
4581
4597
4599
4608
4611
4619
4621
4628
4632
4634
4636
4648
4650
4653
4657
4663
4673
4674
4679
4684
4687
4694
4712
4712
4715
4729
4732
4734
4741
4749
4749
4766
4768
4777
4783
4783
4793
4807
4811
4814
4816
4819
4820
4830
4834
4837
4851
4854
4856
4860
4877
4879
4886
4892
4894
4899
4903
4910
4914
4916
4920
4921
4925
4933
4935
4944
4945
4959
4967
4969
4970
4985
4986
4992
4993
4996
4998
4999
5007
5016
5023
5028
5045
5046
5054
5064
5069
5074
5075
5079
5080
5082
5083
5087
5088
5089
5104
5112
5129
5131
5139
5148
5154
5155
5159
5168
5174
5179
5181
5187
5205
5213
5214
5219
5220
5224
5228
5230
5238
5239
5242
5243
5257
5258
5265
5284
5285
5286
5288
5297
5298
5307
5315
5316
5318
5337
5338
5338
5347
5348
5351
5351
5353
5370
5376
5388
5389
5398
5398
5404
5411
5421
5421
5424
5426
5443
5447
5457
5459
5463
5470
5470
5471
5472
5477
5491
5499
5499
5505
5513
5514
5517
5519
5532
5532
5538
5541
5542
5549
5551
5554
5577
5578
5587
5606
5607
5610
5613
5616
5618
5620
5629
5633
5638
5649
5656
5658
5661
5661
5665
5665
5673
5675
5704
5715
5717
5721
5721
5723
5738
5744
5746
5755
5771
5774
5775
5783
5788
5792
5796
5808
5813
5826
5827
5827
5830
5834
5841
5842
5851
5853
5860
5868
5873
5876
5878
5878
5881
5881
5889
5891
5898
5906
5912
5923
5927
5942
5944
5944
5949
5960
5963
5978
5982
5983
5983
5988
5989
5994
6007
6010
6023
6039
6041
6052
6053
6059
6063
6066
6078
6083
6090
6090
6100
6110
6112
6129
6148
6154
6156
6160
6160
6167
6168
6189
6195
6196
6201
6204
6205
6221
6237
6240
6243
6247
6263
6266
6267
6275
6278
6283
6289
6296
6304
6304
6307
6308
6312
6314
6321
6332
6341
6353
6353
6355
6359
6360
6367
6385
6386
6388
6401
6404
6407
6414
6415
6415
6420
6423
6423
6441
6442
6455
6455
6460
6467
6477
6493
6502
6503
6515
6518
6521
6522
6523
6526
6530
6533
6533
6533
6541
6547
6552
6565
6567
6572
6579
6586
6591
6596
6626
6630
6632
6637
6643
6648
6650
6655
6656
6658
6665
6667
6671
6679
6681
6685
6692
6698
6707
6713
6717
6718
6727
6728
6730
6730
6758
6779
6784
6786
6786
6788
6790
6795
6801
6801
6804
6807
6809
6810
6814
6818
6831
6835
6842
6846
6849
6858
6861
6871
6874
6900
6911
6912
6923
6928
6930
6933
6950
6956
6962
6966
6980
6987
6987
7001
7006
7016
7018
7027
7028
7031
7044
7053
7058
7059
7071
7080
7084
7086
7104
7118
7120
7120
7129
7130
7135
7150
7152
7153
7160
7188
7192
7203
7208
7213
7215
7215
7218
7228
7245
7246
7247
7253
7264
7264
7277
7279
7283
7285
7290
7292
7293
7302
7303
7306
7310
7315
7317
7328
7332
7335
7335
7349
7350
7356
7357
7359
7373
7374
7380
7382
7385
7386
7390
7393
7407
7413
7417
7422
7427
7428
7430
7437
7452
7460
7461
7462
7469
7475
7477
7478
7487
7489
7494
7509
7513
7518
7521
7522
7530
7534
7541
7552
7557
7557
7557
7561
7563
7567
7567
7574
7579
7581
7587
7590
7593
7596
7616
7624
7633
7633
7646
7649
7660
7681
7683
7701
7706
7714
7716
7721
7722
7738
7744
7744
7753
7754
7758
7764
7766
7767
7770
7774
7778
7779
7785
7790
7792
7795
7799
7801
7803
7805
7807
7811
7815
7817
7822
7826
7829
7838
7838
7841
7842
7844
7845
7845
7850
7868
7870
7875
7877
7880
7885
7886
7886
7888
7894
7899
7900
7914
7915
7919
7928
7951
7962
7971
7990
7991
8005
8016
8016
8020
8020
8027
8028
8031
8036
8039
8039
8044
8044
8045
8047
8057
8058
8073
8090
8091
8093
8095
8096
8096
8096
8098
8130
8137
8141
8142
8147
8157
8157
8164
8198
8202
8208
8210
8221
8223
8239
8247
8250
8259
8262
8272
8289
8295
8298
8301
8306
8317
8324
8332
8334
8344
8346
8369
8370
8375
8401
8405
8420
8420
8422
8437
8438
8442
8461
8462
8463
8470
8471
8476
8477
8477
8485
8487
8491
8492
8502
8508
8511
8527
8530
8531
8532
8534
8534
8554
8554
8560
8562
8570
8576
8589
8594
8602
8604
8619
8620
8621
8623
8629
8635
8667
8669
8670
8671
8673
8675
8711
8718
8726
8738
8741
8755
8759
8764
8766
8775
8785
8792
8804
8805
8808
8816
8817
8825
8836
8846
8858
8860
8862
8862
8863
8864
8871
8875
8882
8887
8889
8891
8894
8899
8902
8905
8910
8916
8918
8918
8923
8932
8933
8936
8947
8948
8954
8964
8970
8975
8989
8995
8996
8998
8999
9014
9017
9025
9034
9036
9047
9066
9067
9072
9080
9081
9083
9087
9090
9090
9096
9097
9109
9109
9122
9122
9124
9128
9130
9135
9139
9141
9148
9150
9153
9160
9160
9169
9175
9201
9201
9206
9207
9215
9222
9237
9244
9249
9269
9272
9273
9274
9282
9309
9310
9319
9322
9330
9338
9339
9340
9345
9354
9355
9358
9361
9368
9368
9369
9384
9385
9388
9390
9391
9394
9398
9408
9412
9420
9427
9433
9435
9448
9458
9461
9464
9479
9485
9494
9495
9497
9522
9524
9530
9532
9534
9535
9539
9548
9552
9559
9563
9567
9574
9574
9574
9575
9577
9579
9594
9595
9596
9598
9610
9622
9628
9632
9636
9639
9642
9648
9654
9665
9677
9677
9683
9686
9689
9689
9697
9698
9705
9708
9708
9711
9720
9728
9743
9743
9744
9746
9750
9753
9756
9756
9774
9774
9776
9785
9786
9790
9799
9805
9806
9816
9816
9825
9849
9855
9856
9862
9871
9874
9875
9879
9886
9891
9891
9896
9900
9908
9920
9920
9924
9929
9931
9935
9940
9946
9958
9959
9965
9970
9970
9975
9981
9984
9985
9990
9990
10007
10013
10015
10052
10053
10072
10075
10084
10086
10091
10091
10095
10095
10106
10107
10116
10120
10126
10134
10134
10139
10141
10143
10151
10151
10153
10155
10160
10162
10169
10171
10172
10179
10181
10186
10188
10191
10196
10202
10203
10205
10208
10214
10215
10215
10216
10223
10228
10243
10254
10257
10258
10267
10268
10276
10280
10283
10289
10290
10292
10292
10304
10307
10315
10316
10321
10341
10344
10345
10345
10350
10351
10358
10358
10360
10362
10363
10365
10368
10372
10381
10381
10385
10386
10391
10394
10416
10417
10417
10423
10423
10445
10445
10447
10463
10464
10468
10472
10473
10477
10482
10482
10483
10490
10522
10528
10530
10539
10545
10557
10557
10560
10591
10593
10597
10602
10609
10615
10615
10616
10618
10620
10631
10637
10640
10645
10650
10657
10667
10670
10671
10671
10673
10673
10681
10683
10692
10692
10695
10710
10712
10728
10737
10739
10752
10758
10762
10765
10771
10781
10793
10806
10813
10816
10824
10826
10828
10830
10834
10839
10846
10846
10849
10857
10857
10859
10869
10872
10896
10901
10917
10917
10919
10922
10930
10936
10938
10941
10947
10951
10968
10968
10978
10983
10985
10987
10987
10989
11003
11004
11005
11005
11028
11028
11043
11046
11048
11063
11070
11074
11079
11087
11092
11109
11124
11146
11147
11154
11165
11177
11178
11181
11186
11193
11196
11196
11199
11206
11206
11206
11217
11221
11223
11236
11238
11242
11245
11251
11253
11253
11261
11265
11267
11267
11268
11269
11274
11281
11281
11288
11297
11304
11306
11312
11321
11323
11324
11326
11331
11333
11334
11335
11345
11346
11356
11359
11372
11373
11374
11376
11378
11382
11383
11387
11388
11389
11406
11414
11425
11434
11435
11439
11442
11448
11472
11473
11475
11477
11477
11479
11484
11493
11497
11503
11515
11516
11519
11529
11529
11531
11536
11549
11556
11559
11567
11573
11577
11581
11588
11589
11598
11603
11612
11622
11626
11628
11629
11633
11633
11641
11653
11657
11674
11683
11702
11710
11710
11712
11719
11722
11729
11734
11737
11743
11746
11751
11758
11768
11769
11773
11775
11777
11778
11778
11782
11786
11791
11791
11814
11825
11842
11844
11846
11849
11856
11867
11873
11876
11883
11886
11896
11901
11910
11912
11913
11923
11923
11929
11932
11942
11946
11948
11950
11957
11957
11959
11960
11971
11985
11993
11995
12003
12012
12013
12013
12017
12027
12027
12029
12032
12033
12039
12043
12051
12055
12070
12074
12077
12077
12078
12083
12097
12099
12101
12108
12129
12129
12142
12146
12152
12155
12157
12159
12164
12167
12176
12179
12181
12199
12206
12215
12216
12221
12225
12226
12227
12240
12245
12253
12254
12254
12258
12261
12263
12267
12285
12292
12292
12292
12295
12299
12302
12302
12305
12306
12311
12316
12317
12325
12331
12331
12332
12345
12357
12363
12364
12365
12365
12369
12373
12378
12379
12396
12403
12405
12408
12409
12412
12414
12414
12430
12438
12445
12450
12459
12464
12466
12468
12472
12474
12478
12491
12500
12513
12524
12534
12536
12542
12550
12552
12552
12556
12560
12566
12570
12572
12574
12578
12582
12588
12595
12602
12614
12624
12624
12624
12630
12630
12632
12633
12647
12648
12651
12654
12655
12663
12667
12669
12683
12695
12696
12702
12703
12705
12710
12724
12728
12737
12738
12744
12750
12751
12755
12762
12767
12773
12773
12774
12783
12790
12792
12801
12802
12804
12808
12810
12810
12811
12813
12828
12841
12848
12854
12860
12865
12866
12871
12879
12884
12887
12889
12895
12899
12904
12908
12909
12920
12922
12927
12928
12930
12934
12939
12947
12948
12949
12954
12960
12968
12979
12982
12984
13002
13013
13016
13027
13035
13037
13041
13042
13052
13052
13054
13067
13080
13086
13108
13110
13112
13112
13114
13150
13156
13159
13166
13168
13169
13173
13178
13187
13194
13195
13199
13209
13211
13215
13217
13221
13224
13225
13226
13226
13230
13245
13247
13247
13253
13257
13260
13276
13277
13280
13281
13284
13298
13300
13305
13335
13337
13340
13361
13367
13376
13390
13392
13402
13406
13407
13408
13409
13413
13420
13426
13431
13431
13439
13461
13463
13464
13481
13482
13487
13490
13497
13506
13507
13516
13518
13521
13522
13526
13535
13538
13555
13557
13559
13562
13563
13567
13570
13570
13572
13573
13592
13594
13599
13620
13636
13647
13651
13653
13661
13672
13676
13686
13696
13699
13705
13707
13717
13723
13724
13729
13734
13739
13748
13749
13759
13766
13769
13790
13794
13805
13807
13817
13822
13823
13826
13834
13839
13848
13852
13854
13858
13865
13870
13873
13874
13882
13889
13890
13891
13902
13907
13918
13928
13930
13937
13948
13967
13968
13973
13974
13975
13976
13985
13989
13991
14013
14015
14022
14029
14036
14040
14041
14046
14064
14069
14075
14076
14076
14077
14082
14084
14090
14098
14115
14122
14128
14131
14138
14147
14159
14164
14167
14169
14173
14182
14187
14190
14191
14199
14219
14223
14227
14237
14240
14241
14243
14254
14268
14274
14293
14300
14303
14318
14332
14342
14350
14353
14357
14363
14364
14367
14375
14378
14381
14384
14385
14394
14395
14413
14413
14423
14424
14434
14436
14438
14449
14451
14457
14462
14472
14476
14476
14477
14478
14483
14492
14495
14496
14497
14499
14510
14513
14518
14520
14526
14528
14551
14564
14582
14595
14599
14613
14616
14618
14622
14626
14650
14658
14659
14664
14665
14674
14678
14688
14688
14691
14697
14702
14702
14710
14711
14723
14726
14728
14730
14733
14736
14737
14783
14798
14801
14804
14804
14815
14816
14821
14829
14842
14843
14847
14850
14855
14860
14869
14876
14881
14886
14888
14893
14894
14899
14899
14902
14903
14906
14906
14915
14918
14926
14926
14937
14950
14950
14957
14964
14973
14978
14979
14982
14983
14984
14987
14996
15006
15007
15009
15013
15014
15024
15026
15030
15033
15040
15051
15053
15056
15060
15064
15069
15077
15089
15102
15102
15124
15126
15126
15131
15140
15151
15155
15155
15162
15172
15180
15188
15190
15199
15201
15202
15202
15202
15202
15203
15218
15219
15225
15234
15244
15247
15248
15253
15258
15279
15284
15319
15327
15335
15335
15337
15339
15350
15355
15355
15379
15384
15385
15385
15386
15410
15421
15425
15426
15430
15430
15435
15456
15464
15470
15491
15494
15496
15501
15502
15502
15508
15510
15517
15527
15540
15543
15547
15550
15560
15569
15570
15572
15577
15577
15577
15578
15582
15592
15593
15607
15628
15630
15635
15638
15641
15643
15650
15653
15656
15660
15663
15666
15669
15670
15671
15672
15674
15685
15688
15691
15693
15694
15696
15696
15699
15715
15732
15733
15748
15757
15769
15777
15778
15780
15785
15794
15795
15797
15808
15814
15830
15833
15836
15837
15843
15855
15855
15861
15865
15890
15892
15897
15901
15902
15903
15906
15917
15918
15921
15938
15942
15952
15972
15972
15978
15983
15984
15986
15989
15992
15995
15999
16007
16016
16022
16023
16026
16034
16037
16039
16050
16051
16051
16062
16067
16081
16089
16096
16099
16101
16102
16109
16122
16126
16128
16130
16132
16135
16139
16140
16145
16145
16172
16180
16186
16189
16197
16205
16207
16217
16225
16228
16230
16243
16252
16256
16257
16258
16267
16268
16273
16286
16290
16300
16320
16328
16332
16342
16346
16354
16361
16386
16392
16399
16400
16405
16407
16409
16419
16425
16427
16430
16431
16437
16438
16439
16445
16449
16453
16455
16458
16467
16467
16469
16495
16512
16514
16522
16524
16530
16532
16533
16533
16555
16557
16562
16568
16568
16574
16583
16583
16583
16584
16587
16592
16593
16606
16613
16619
16625
16630
16634
16642
16648
16661
16672
16675
16675
16684
16684
16692
16697
16698
16699
16704
16706
16707
16710
16717
16719
16732
16733
16737
16739
16740
16744
16762
16775
16778
16782
16783
16785
16787
16794
16805
16813
16818
16822
16823
16834
16836
16841
16844
16849
16860
16868
16869
16873
16879
16881
16885
16889
16891
16893
16894
16895
16896
16916
16919
16919
16923
16928
16930
16948
16960
16962
16963
16965
16982
16984
16990
16990
16999
17000
17000
17004
17008
17009
17015
17044
17056
17069
17076
17088
17093
17095
17096
17097
17108
17112
17117
17119
17131
17131
17141
17148
17149
17160
17170
17172
17176
17183
17191
17193
17204
17214
17223
17224
17227
17227
17235
17253
17271
17275
17276
17279
17282
17284
17290
17291
17296
17302
17303
17305
17305
17310
17311
17317
17324
17325
17326
17338
17342
17353
17367
17371
17373
17377
17384
17390
17390
17391
17395
17396
17403
17407
17411
17417
17423
17426
17429
17430
17436
17438
17440
17446
17450
17451
17452
17468
17480
17484
17488
17492
17496
17498
17501
17504
17508
17519
17535
17536
17537
17541
17542
17542
17542
17546
17549
17553
17563
17570
17583
17587
17589
17590
17592
17595
17596
17598
17606
17608
17610
17611
17640
17640
17641
17652
17660
17661
17680
17682
17694
17698
17699
17699
17702
17709
17715
17730
17731
17746
17750
17752
17754
17758
17766
17772
17774
17782
17785
17786
17788
17789
17790
17792
17821
17824
17826
17838
17848
17850
17853
17863
17864
17867
17869
17875
17879
17883
17891
17902
17904
17921
17924
17924
17934
17942
17949
17953
17965
17983
17984
17990
18001
18009
18014
18017
18027
18032
18038
18043
18058
18058
18062
18076
18076
18083
18084
18102
18109
18118
18135
18147
18156
18164
18165
18175
18175
18177
18180
18182
18183
18186
18197
18208
18209
18210
18220
18222
18225
18230
18230
18235
18243
18246
18246
18256
18257
18258
18264
18264
18267
18274
18277
18278
18290
18291
18292
18293
18296
18301
18301
18310
18311
18313
18320
18320
18322
18327
18333
18344
18345
18346
18348
18348
18354
18361
18385
18386
18392
18393
18395
18402
18402
18408
18414
18424
18428
18443
18444
18448
18465
18469
18493
18496
18498
18498
18515
18525
18527
18528
18537
18547
18548
18557
18558
18558
18566
18568
18580
18582
18586
18588
18591
18599
18605
18605
18608
18620
18620
18627
18635
18636
18639
18641
18643
18655
18659
18659
18664
18677
18691
18691
18692
18693
18703
18708
18716
18718
18726
18729
18732
18738
18743
18744
18756
18757
18760
18766
18768
18771
18776
18781
18784
18789
18794
18802
18803
18808
18811
18814
18815
18818
18825
18825
18825
18829
18832
18834
18837
18839
18839
18845
18848
18850
18858
18860
18861
18863
18871
18873
18888
18889
18891
18914
18923
18943
18948
18949
18950
18950
18959
18959
18961
18965
18976
18976
18983
18984
18986
18991
18992
18994
18999
18999
19015
19029
19041
19048
19054
19057
19062
19066
19073
19086
19115
19117
19128
19130
19132
19146
19152
19159
19170
19172
19181
19200
19200
19203
19206
19221
19237
19239
19248
19251
19251
19252
19269
19269
19271
19288
19289
19294
19299
19306
19313
19317
19319
19324
19329
19331
19348
19351
19351
19353
19355
19359
19362
19366
19368
19370
19388
19390
19395
19395
19397
19398
19399
19403
19403
19404
19405
19405
19417
19427
19437
19438
19439
19452
19457
19460
19469
19477
19490
19493
19494
19500
19505
19506
19518
19521
19523
19527
19528
19535
19543
19548
19549
19554
19564
19573
19574
19575
19579
19583
19586
19589
19594
19601
19601
19602
19606
19612
19615
19626
19633
19633
19636
19641
19650
19652
19653
19657
19666
19670
19674
19676
19676
19681
19686
19686
19695
19710
19717
19743
19745
19753
19763
19764
19766
19768
19774
19778
19779
19780
19780
19786
19790
19796
19804
19821
19826
19830
19858
19862
19865
19870
19877
19877
19883
19889
19890
19891
19892
19892
19908
19920
19921
19933
19950
19955
19972
19980
19988
20015
20028
20033
20045
20048
20074
20075
20080
20081
20083
20085
20089
20096
20098
20105
20106
20106
20109
20118
20127
20135
20138
20139
20146
20154
20160
20170
20170
20186
20193
20195
20206
20211
20218
20219
20225
20234
20237
20244
20248
20254
20256
20274
20276
20276
20283
20290
20290
20298
20306
20308
20309
20311
20312
20316
20319
20328
20335
20346
20376
20377
20382
20388
20390
20398
20400
20401
20403
20407
20413
20416
20416
20417
20433
20434
20441
20446
20451
20469
20470
20473
20478
20480
20488
20489
20492
20494
20501
20504
20505
20509
20510
20514
20520
20534
20539
20549
20551
20554
20556
20559
20563
20564
20588
20593
20600
20607
20609
20621
20627
20632
20632
20636
20642
20658
20659
20660
20662
20666
20675
20676
20692
20698
20704
20718
20744
20752
20753
20759
20759
20760
20766
20774
20790
20791
20793
20795
20800
20806
20806
20818
20822
20837
20845
20853
20857
20861
20862
20866
20881
20884
20887
20890
20894
20896
20898
20910
20917
20920
20921
20926
20930
20936
20940
20941
20943
20947
20955
20960
20963
20967
20968
20970
20972
20972
20975
20976
20982
20985
20986
20990
20995
20998
21000
21003
21012
21017
21017
21019
21029
21033
21037
21043
21054
21056
21065
21066
21074
21077
21082
21086
21091
21095
21102
21106
21107
21107
21111
21112
21123
21126
21128
21128
21130
21138
21142
21162
21167
21168
21169
21182
21183
21193
21195
21196
21206
21207
21208
21209
21224
21232
21239
21241
21244
21250
21251
21260
21266
21268
21269
21271
21274
21279
21286
21289
21292
21296
21302
21304
21307
21315
21320
21328
21344
21351
21359
21370
21373
21386
21391
21393
21395
21409
21409
21410
21412
21422
21429
21438
21446
21448
21454
21458
21471
21471
21477
21477
21477
21484
21484
21492
21494
21495
21498
21503
21505
21506
21509
21511
21519
21523
21535
21549
21563
21568
21570
21585
21595
21595
21598
21603
21609
21609
21612
21616
21622
21638
21640
21666
21667
21670
21677
21678
21678
21696
21701
21712
21712
21713
21716
21725
21726
21728
21741
21749
21751
21752
21755
21757
21778
21785
21823
21825
21834
21839
21847
21850
21851
21852
21868
21879
21883
21884
21888
21897
21908
21908
21911
21916
21918
21919
21926
21927
21927
21928
21933
21937
21944
21958
21960
21960
21967
21968
21987
21987
21994
21999
22010
22010
22022
22023
22030
22030
22031
22034
22036
22040
22046
22046
22063
22063
22071
22077
22081
22082
22085
22086
22089
22093
22094
22096
22103
22109
22112
22136
22149
22160
22160
22162
22163
22172
22174
22190
22190
22194
22201
22204
22210
22211
22220
22231
22231
22234
22241
22244
22247
22257
22257
22259
22260
22276
22277
22278
22288
22315
22316
22334
22335
22343
22344
22345
22354
22363
22364
22365
22365
22379
22384
22385
22389
22392
22392
22408
22409
22410
22412
22412
22414
22417
22429
22436
22437
22438
22442
22446
22447
22455
22456
22457
22467
22473
22475
22486
22490
22495
22495
22511
22517
22518
22519
22531
22545
22546
22553
22560
22563
22567
22568
22575
22579
22586
22590
22592
22602
22606
22609
22612
22614
22622
22623
22630
22633
22641
22648
22655
22661
22667
22673
22674
22677
22679
22681
22684
22693
22707
22708
22715
22717
22723
22724
22725
22747
22748
22754
22756
22764
22764
22765
22767
22779
22791
22793
22798
22799
22802
22810
22817
22821
22826
22830
22830
22838
22839
22845
22847
22851
22852
22853
22857
22857
22866
22872
22872
22877
22880
22882
22882
22884
22884
22886
22887
22890
22892
22895
22895
22901
22906
22913
22914
22916
22922
22924
22935
22949
22956
22966
22969
22970
22971
22984
22984
22985
22990
22990
22996
22997
22998
23003
23005
23006
23015
23016
23020
23021
23021
23026
23032
23033
23035
23035
23043
23054
23055
23066
23067
23070
23074
23076
23082
23085
23094
23099
23106
23108
23127
23128
23128
23129
23130
23133
23147
23164
23164
23166
23168
23176
23179
23182
23199
23206
23209
23211
23211
23217
23219
23226
23234
23237
23247
23248
23253
23253
23258
23266
23273
23282
23296
23297
23311
23317
23335
23345
23347
23347
23348
23353
23355
23366
23375
23376
23376
23376
23379
23380
23386
23387
23391
23403
23405
23413
23421
23423
23438
23438
23441
23441
23446
23446
23447
23457
23457
23461
23461
23466
23469
23487
23499
23512
23513
23520
23524
23541
23543
23551
23562
23563
23569
23572
23586
23612
23628
23631
23631
23633
23642
23654
23658
23666
23681
23692
23698
23700
23701
23711
23716
23722
23723
23727
23728
23730
23745
23746
23754
23772
23781
23790
23791
23796
23801
23818
23820
23826
23830
23837
23839
23841
23844
23847
23849
23852
23853
23854
23859
23862
23863
23870
23874
23880
23893
23905
23908
23911
23921
23934
23941
23943
23948
23949
23951
23961
23963
23968
23972
23973
23978
23979
23986
23986
23993
23997
24008
24008
24009
24012
24016
24021
24030
24034
24035
24039
24049
24051
24056
24065
24071
24081
24081
24082
24087
24088
24091
24105
24107
24113
24127
24130
24131
24135
24140
24141
24153
24164
24165
24167
24168
24169
24172
24175
24177
24185
24193
24201
24205
24209
24213
24215
24226
24236
24238
24243
24268
24271
24288
24295
24313
24325
24329
24333
24334
24341
24343
24343
24345
24349
24353
24358
24366
24368
24378
24381
24381
24382
24383
24397
24403
24431
24434
24440
24446
24456
24471
24472
24473
24473
24479
24489
24493
24497
24505
24519
24520
24538
24548
24554
24556
24564
24575
24577
24582
24583
24603
24611
24612
24622
24643
24643
24647
24656
24661
24662
24666
24671
24677
24678
24689
24695
24697
24700
24713
24721
24726
24727
24728
24731
24735
24737
24741
24756
24756
24756
24758
24761
24774
24782
24790
24792
24797
24807
24807
24809
24813
24817
24819
24823
24831
24844
24850
24855
24865
24865
24873
24880
24885
24886
24889
24891
24896
24905
24916
24933
24934
24934
24935
24938
24939
24941
24943
24946
24951
24953
24956
24957
24965
24969
24969
24971
24973
24980
24980
24991
25011
25016
25020
25040
25045
25048
25054
25066
25066
25068
25086
25088
25089
25089
25094
25095
25098
25101
25107
25117
25132
25134
25135
25138
25142
25146
25149
25150
25159
25165
25173
25174
25176
25176
25180
25187
25188
25195
25203
25206
25212
25217
25221
25222
25222
25224
25225
25230
25237
25237
25252
25253
25264
25265
25271
25271
25272
25282
25282
25282
25285
25286
25289
25289
25293
25294
25295
25305
25316
25323
25324
25325
25329
25331
25336
25338
25344
25345
25350
25357
25365
25367
25368
25373
25379
25383
25385
25401
25409
25414
25426
25430
25438
25443
25443
25444
25453
25455
25455
25461
25462
25462
25470
25473
25476
25504
25509
25515
25517
25517
25517
25521
25528
25530
25541
25542
25546
25549
25555
25556
25565
25569
25569
25573
25580
25584
25586
25592
25593
25597
25598
25599
25610
25644
25652
25652
25656
25656
25657
25659
25659
25665
25671
25672
25678
25685
25688
25693
25696
25702
25702
25705
25706
25706
25710
25711
25714
25715
25716
25724
25727
25735
25748
25751
25761
25765
25776
25778
25787
25787
25788
25810
25816
25818
25820
25822
25825
25827
25846
25846
25861
25867
25871
25877
25881
25884
25889
25892
25901
25903
25925
25931
25938
25961
25986
25992
25993
25993
26001
26003
26017
26017
26041
26044
26047
26048
26049
26050
26061
26061
26083
26085
26099
26113
26126
26131
26136
26142
26146
26147
26149
26159
26165
26168
26169
26182
26189
26190
26194
26196
26208
26209
26217
26217
26234
26238
26241
26252
26256
26260
26282
26290
26293
26294
26305
26306
26309
26309
26311
26316
26317
26330
26335
26336
26351
26357
26360
26363
26368
26374
26377
26381
26381
26384
26393
26427
26430
26439
26444
26461
26467
26468
26472
26473
26476
26479
26485
26499
26500
26521
26529
26532
26537
26547
26548
26553
26570
26572
26585
26589
26594
26595
26595
26608
26611
26613
26623
26634
26635
26639
26652
26661
26663
26665
26667
26669
26673
26681
26688
26697
26701
26704
26719
26738
26742
26751
26752
26767
26769
26770
26774
26779
26798
26799
26818
26820
26822
26823
26824
26826
26844
26846
26849
26860
26871
26874
26876
26886
26896
26896
26918
26921
26930
26930
26942
26948
26950
26965
26968
26968
26969
27022
27023
27035
27042
27066
27074
27088
27095
27104
27116
27116
27122
27134
27134
27137
27149
27156
27157
27162
27167
27168
27174
27180
27182
27198
27203
27216
27230
27233
27243
27250
27251
27251
27266
27266
27268
27275
27276
27281
27281
27286
27298
27301
27315
27316
27328
27335
27360
27361
27363
27374
27375
27389
27393
27395
27408
27408
27414
27420
27441
27445
27460
27461
27471
27472
27472
27473
27477
27486
27487
27494
27499
27502
27513
27515
27515
27535
27537
27542
27545
27549
27550
27561
27567
27575
27587
27588
27592
27593
27597
27598
27605
27607
27608
27624
27628
27637
27661
27669
27675
27685
27685
27691
27692
27695
27698
27699
27701
27707
27711
27712
27714
27716
27716
27719
27720
27721
27742
27748
27757
27762
27765
27770
27770
27774
27781
27783
27796
27800
27800
27804
27805
27813
27814
27822
27822
27841
27842
27844
27845
27846
27848
27851
27852
27864
27876
27876
27877
27881
27882
27896
27897
27898
27911
27914
27921
27923
27928
27935
27942
27944
27945
27946
27947
27954
27972
27979
27980
27983
27991
27997
28007
28008
28018
28038
28043
28045
28058
28059
28060
28060
28067
28067
28074
28079
28079
28081
28094
28096
28097
28097
28101
28105
28128
28131
28145
28145
28147
28148
28159
28160
28164
28167
28170
28170
28173
28179
28185
28199
28202
28215
28218
28225
28234
28235
28236
28238
28238
28243
28243
28247
28254
28259
28268
28273
28274
28281
28313
28314
28316
28322
28345
28358
28359
28389
28394
28404
28413
28426
28442
28443
28447
28469
28474
28476
28476
28478
28478
28481
28483
28488
28499
28510
28516
28519
28538
28541
28550
28559
28567
28578
28599
28599
28599
28600
28609
28610
28610
28611
28614
28618
28620
28626
28631
28637
28638
28641
28646
28651
28659
28661
28670
28683
28686
28687
28690
28695
28701
28707
28708
28709
28713
28715
28722
28727
28731
28732
28732
28733
28733
28736
28746
28747
28753
28755
28760
28762
28767
28769
28773
28780
28784
28787
28787
28810
28812
28814
28829
28838
28845
28847
28849
28849
28857
28871
28876
28883
28889
28892
28912
28913
28920
28921
28921
28929
28941
28950
28957
28981
28981
28981
28987
28994
28995
28999
29000
29010
29017
29021
29028
29039
29047
29047
29054
29055
29058
29064
29069
29082
29090
29097
29101
29101
29101
29106
29130
29134
29136
29138
29139
29145
29150
29165
29168
29175
29177
29177
29178
29186
29186
29190
29195
29195
29198
29211
29214
29216
29227
29233
29234
29236
29239
29247
29248
29251
29264
29265
29271
29273
29280
29283
29284
29292
29303
29314
29314
29317
29321
29322
29330
29339
29340
29357
29361
29364
29365
29368
29370
29372
29372
29394
29397
29398
29401
29402
29405
29405
29415
29424
29427
29433
29441
29456
29457
29473
29473
29478
29479
29479
29480
29481
29481
29485
29485
29487
29494
29500
29503
29520
29522
29532
29539
29541
29544
29545
29553
29558
29558
29561
29562
29571
29575
29576
29579
29580
29586
29590
29591
29596
29607
29608
29617
29622
29623
29624
29625
29632
29638
29640
29654
29661
29672
29672
29677
29679
29684
29688
29690
29694
29696
29698
29702
29708
29715
29720
29725
29732
29734
29735
29735
29738
29745
29745
29746
29758
29761
29763
29764
29780
29785
29790
29796
29796
29801
29804
29810
29811
29815
29816
29818
29834
29842
29846
29852
29858
29860
29863
29865
29869
29872
29873
29874
29881
29887
29894
29895
29895
29897
29905
29906
29918
29920
29921
29933
29946
29947
29948
29963
29968
29971
29978
29979
30003
30013
30015
30020
30024
30032
30039
30045
30055
30057
30063
30067
30087
30091
30095
30096
30099
30105
30119
30123
30129
30132
30136
30141
30142
30147
30156
30181
30186
30186
30190
30190
30195
30211
30214
30215
30218
30219
30221
30237
30240
30242
30249
30255
30261
30262
30269
30273
30277
30278
30283
30285
30295
30298
30299
30302
30307
30310
30323
30323
30333
30334
30354
30360
30363
30369
30388
30399
30402
30412
30415
30420
30425
30431
30433
30433
30441
30445
30452
30453
30461
30470
30470
30478
30488
30495
30495
30508
30509
30510
30511
30512
30516
30548
30557
30564
30569
30585
30585
30593
30594
30605
30614
30615
30624
30624
30626
30642
30644
30644
30645
30647
30648
30664
30683
30690
30692
30695
30700
30702
30704
30707
30708
30724
30729
30732
30734
30738
30744
30756
30769
30769
30771
30774
30777
30778
30784
30792
30793
30801
30812
30816
30817
30824
30826
30828
30839
30851
30854
30856
30860
30867
30867
30877
30902
30906
30917
30919
30922
30935
30937
30940
30963
30964
30965
30968
30970
30985
30989
30989
30990
30996
30997
30998
30998
30999
31007
31015
31016
31021
31025
31030
31032
31033
31054
31055
31061
31077
31080
31081
31087
31096
31097
31098
31099
31110
31113
31130
31130
31142
31157
31158
31164
31172
31181
31183
31186
31186
31206
31211
31227
31232
31232
31240
31242
31246
31269
31275
31275
31279
31288
31288
31294
31295
31305
31326
31329
31329
31330
31332
31337
31348
31357
31375
31377
31383
31386
31387
31387
31408
31409
31422
31426
31439
31446
31456
31460
31460
31467
31472
31476
31479
31486
31494
31498
31501
31513
31518
31520
31523
31538
31551
31567
31568
31571
31573
31573
31582
31596
31599
31606
31626
31627
31630
31630
31637
31639
31649
31654
31661
31674
31676
31677
31683
31688
31689
31699
31706
31711
31712
31714
31716
31723
31726
31737
31745
31753
31756
31765
31765
31778
31784
31784
31787
31791
31794
31795
31800
31800
31802
31804
31809
31815
31826
31828
31829
31831
31840
31840
31841
31851
31851
31852
31853
31859
31861
31869
31870
31886
31892
31893
31897
31902
31906
31916
31918
31925
31930
31933
31937
31944
31945
31946
31950
31952
31956
31961
31962
31986
31988
31991
31991
31995
32003
32003
32019
32020
32021
32021
32023
32037
32043
32050
32056
32060
32066
32073
32081
32085
32085
32087
32089
32090
32091
32101
32104
32113
32118
32122
32126
32140
32142
32152
32158
32166
32175
32175
32181
32184
32193
32194
32203
32205
32210
32212
32212
32214
32222
32225
32226
32229
32239
32241
32249
32250
32256
32258
32265
32270
32281
32283
32292
32294
32294
32296
32300
32303
32305
32305
32307
32310
32322
32323
32326
32328
32330
32330
32333
32336
32347
32364
32372
32382
32383
32384
32387
32390
32396
32398
32399
32405
32410
32416
32416
32426
32430
32438
32449
32450
32459
32463
32476
32477
32485
32488
32490
32497
32513
32513
32514
32517
32524
32531
32535
32538
32540
32561
32562
32564
32567
32572
32584
32588
32588
32588
32592
32598
32604
32616
32632
32634
32650
32654
32658
32661
32662
32665
32665
32667
32669
32670
32670
32697
32706
32709
32714
32717
32723
32726
32728
32731
32737
32741
32747
