3
7
7
13
13
15
16
17
25
29
31
32
44
45
48
51
60
60
61
71
79
82
84
88
94
98
98
100
103
106
108
116
119
123
126
131
132
138
138
148
149
151
153
153
154
155
157
159
162
167
182
182
185
192
194
194
196
200
200
201
202
203
203
204
210
212
213
213
216
216
223
224
224
242
251
254
257
264
268
270
280
284
298
304
313
315
319
321
348
349
357
359
362
375
386
387
388
395
408
414
432
433
446
447
451
451
458
461
463
480
486
497
500
504
507
508
513
515
515
524
530
534
559
560
560
561
564
564
572
572
578
582
592
594
597
597
599
600
602
604
605
606
611
621
623
625
626
631
645
648
649
650
653
654
654
661
678
683
689
701
701
707
709
714
718
723
730
732
739
755
756
759
766
766
767
770
770
772
788
792
793
802
803
804
813
821
822
825
837
839
846
855
856
861
861
862
863
863
871
872
877
884
888
888
893
894
898
907
911
921
922
925
926
929
943
946
949
950
951
953
958
967
973
979
1002
1005
1005
1009
1012
1013
1015
1021
1023
1024
1025
1039
1042
1043
1043
1043
1044
1045
1045
1054
1059
1069
1085
1088
1088
1089
1093
1097
1101
1105
1107
1108
1108
1112
1121
1125
1129
1130
1140
1142
1143
1145
1146
1169
1171
1173
1173
1177
1187
1187
1202
1206
1213
1218
1228
1243
1247
1248
1250
1251
1251
1254
1255
1255
1273
1276
1279
1284
1289
1290
1298
1310
1316
1341
1343
1343
1345
1346
1347
1347
1368
1369
1371
1371
1381
1383
1391
1400
1413
1417
1418
1421
1422
1425
1428
1430
1434
1438
1440
1454
1458
1463
1470
1471
1474
1474
1476
1481
1481
1483
1484
1485
1489
1495
1496
1498
1501
1501
1508
1509
1518
1521
1526
1527
1527
1529
1542
1549
1553
1554
1555
1556
1569
1574
1582
1582
1583
1584
1587
1592
1593
1594
1612
1613
1618
1624
1626
1628
1630
1631
1634
1641
1645
1649
1650
1653
1654
1654
1655
1656
1661
1662
1664
1667
1672
1675
1679
1684
1684
1695
1696
1703
1705
1706
1710
1712
1716
1720
1721
1722
1729
1730
1734
1738
1739
1740
1744
1744
1749
1755
1755
1764
1764
1767
1773
1777
1777
1781
1785
1799
1800
1800
1800
1816
1832
1836
1836
1843
1858
1866
1868
1872
1876
1880
1883
1885
1890
1900
1900
1912
1914
1916
1923
1926
1931
1933
1935
1935
1939
1943
1945
1958
1961
1968
1969
1976
1983
1987
1998
1998
2000
2004
2006
2019
2026
2027
2029
2032
2036
2043
2043
2046
2052
2060
2062
2073
2078
2084
2087
2093
2099
2102
2112
2118
2120
2123
2124
2126
2149
2150
2161
2163
2184
2186
2189
2197
2198
2202
2204
2206
2209
2213
2221
2227
2227
2248
2248
2250
2253
2258
2261
2262
2263
2270
2284
2286
2286
2292
2293
2295
2302
2314
2321
2323
2325
2326
2327
2331
2336
2341
2343
2345
2348
2348
2353
2357
2360
2370
2371
2374
2379
2381
2384
2384
2385
2389
2391
2394
2396
2396
2399
2400
2401
2403
2405
2405
2408
2414
2415
2417
2421
2425
2426
2428
2437
2442
2449
2450
2459
2486
2489
2491
2492
2495
2500
2500
2501
2504
2514
2520
2523
2525
2526
2527
2528
2535
2549
2550
2551
2553
2557
2559
2559
2563
2564
2570
2575
2577
2578
2582
2583
2587
2596
2600
2615
2620
2621
2623
2631
2632
2639
2642
2643
2645
2648
2655
2677
2683
2686
2687
2687
2700
2701
2706
2708
2718
2722
2723
2723
2725
2729
2732
2739
2740
2746
2747
2748
2748
2749
2749
2750
2752
2753
2756
2760
2764
2766
2767
2770
2776
2776
2780
2785
2796
2796
2797
2802
2803
2803
2807
2815
2816
2818
2823
2838
2839
2844
2846
2846
2849
2865
2866
2866
2868
2869
2869
2876
2881
2895
2902
2919
2919
2920
2928
2932
2943
2950
2956
2958
2960
2969
2988
2990
2996
2997
3003
3007
3012
3016
3018
3025
3027
3030
3032
3037
3038
3047
3052
3059
3061
3064
3067
3083
3091
3092
3095
3102
3103
3105
3105
3109
3116
3118
3122
3125
3130
3131
3135
3137
3148
3150
3153
3154
3155
3156
3158
3158
3162
3167
3168
3172
3173
3181
3182
3182
3183
3189
3200
3205
3206
3209
3212
3214
3220
3220
3222
3229
3233
3233
3235
3236
3238
3239
3241
3244
3271
3276
3277
3279
3287
3295
3302
3308
3328
3335
3337
3337
3338
3339
3340
3344
3352
3355
3359
3360
3361
3361
3362
3367
3368
3370
3376
3377
3381
3382
3388
3391
3395
3403
3407
3409
3409
3415
3420
3421
3431
3436
3449
3452
3453
3460
3460
3460
3465
3465
3466
3475
3475
3477
3477
3477
3482
3488
3489
3492
3492
3499
3501
3505
3516
3517
3522
3525
3530
3532
3561
3566
3568
3570
3571
3571
3573
3576
3579
3582
3583
3585
3588
3590
3592
3592
3596
3597
3599
3601
3607
3608
3609
3610
3612
3614
3618
3618
3619
3629
3630
3630
3636
3644
3652
3670
3671
3672
3673
3682
3688
3700
3702
3704
3705
3708
3709
3710
3711
3716
3718
3731
3732
3743
3749
3752
3753
3756
3759
3772
3774
3776
3783
3788
3790
3795
3797
3806
3806
3810
3812
3815
3818
3824
3830
3832
3835
3844
3845
3845
3851
3858
3863
3864
3865
3869
3869
3871
3885
3889
3889
3897
3902
3909
3911
3913
3914
3917
3924
3924
3926
3929
3943
3948
3949
3960
3962
3967
3972
3972
3973
3973
3973
3974
3981
3983
3985
3989
3991
3991
3997
3997
3999
4001
4011
4014
4022
4024
4037
4040
4042
4042
4044
4045
4047
4054
4067
4087
4089
4089
4101
4104
4109
4110
4111
4113
4116
4123
4124
4131
4134
4134
4135
4151
4153
4155
4160
4161
4165
4172
4175
4179
4181
4188
4197
4205
4211
4219
4235
4260
4261
4267
4271
4274
4275
4278
4280
4281
4294
4297
4303
4304
4305
4316
4319
4322
4324
4329
4337
4339
4345
4345
4360
4362
4374
4381
4388
4393
4398
4400
4418
4421
4434
4443
4450
4451
4451
4454
4460
4460
4463
4466
4469
4474
4483
4493
4498
4499
4507
4515
4515
4517
4518
4525
4525
4533
4539
4549
4551
4555
4556
4557
4561
4562
4568
4568
4572
4576
4580
4586
4588
4593
4595
4603
4603
4603
4604
4608
4611
4617
4624
4625
4627
4627
4639
4641
4641
4644
4650
4659
4661
4662
4663
4666
4669
4670
4671
4672
4675
4679
4680
4691
4697
4701
4710
4714
4718
4718
4723
4727
4730
4737
4740
4741
4742
4749
4750
4752
4757
4759
4759
4763
4766
4777
4780
4781
4786
4795
4796
4799
4802
4810
4811
4812
4821
4822
4824
4828
4829
4834
4840
4842
4847
4848
4853
4863
4866
4867
4871
4873
4881
4883
4885
4890
4893
4894
4898
4900
4901
4906
4907
4909
4910
4926
4931
4932
4933
4950
4954
4955
4969
4970
4970
4974
4976
4983
4985
4997
4999
5000
5012
5017
5018
5021
5022
5023
5031
5031
5033
5034
5038
5042
5046
5046
5048
5048
5057
5065
5071
5073
5074
5079
5080
5080
5082
5083
5084
5088
5089
5101
5103
5107
5113
5118
5123
5127
5138
5140
5142
5142
5145
5154
5179
5182
5198
5214
5215
5217
5217
5227
5231
5235
5236
5240
5240
5241
5242
5245
5255
5267
5275
5277
5292
5295
5298
5308
5311
5313
5314
5315
5323
5330
5334
5335
5347
5348
5349
5351
5358
5369
5371
5373
5376
5377
5378
5378
5389
5392
5394
5397
5397
5397
5402
5403
5403
5405
5416
5416
5416
5428
5429
5431
5438
5440
5448
5464
5465
5467
5485
5487
5493
5495
5497
5503
5507
5510
5510
5513
5513
5513
5526
5533
5535
5537
5539
5546
5547
5548
5549
5552
5557
5560
5560
5570
5578
5580
5586
5587
5588
5590
5590
5592
5596
5597
5597
5598
5603
5619
5621
5623
5626
5629
5635
5639
5642
5647
5655
5658
5662
5663
5666
5666
5669
5674
5678
5691
5696
5703
5707
5709
5715
5722
5724
5726
5726
5733
5735
5737
5743
5752
5753
5756
5759
5761
5762
5764
5770
5770
5772
5785
5788
5789
5794
5796
5801
5801
5803
5804
5807
5807
5816
5817
5818
5827
5829
5831
5831
5832
5833
5842
5843
5844
5845
5846
5848
5848
5850
5856
5858
5861
5867
5870
5875
5885
5886
5887
5890
5891
5894
5898
5899
5902
5904
5911
5914
5916
5921
5923
5931
5936
5937
5944
5947
5960
5964
5967
5967
5971
5972
5975
5984
5985
5986
5991
5996
5999
6010
6011
6012
6014
6041
6046
6048
6050
6051
6060
6060
6061
6063
6063
6063
6078
6088
6088
6090
6094
6096
6102
6113
6122
6124
6128
6140
6144
6144
6145
6147
6150
6158
6158
6159
6159
6161
6164
6173
6179
6189
6191
6200
6208
6208
6212
6217
6229
6229
6231
6232
6236
6250
6253
6263
6280
6281
6290
6291
6293
6293
6294
6295
6298
6300
6301
6308
6310
6312
6326
6328
6333
6348
6349
6352
6358
6361
6363
6366
6367
6370
6386
6387
6387
6388
6388
6388
6390
6391
6395
6395
6407
6416
6423
6431
6432
6438
6440
6444
6449
6453
6454
6455
6455
6456
6457
6461
6463
6467
6471
6478
6479
6481
6488
6489
6492
6498
6500
6501
6503
6506
6532
6535
6535
6540
6543
6543
6547
6548
6553
6572
6576
6580
6581
6586
6590
6592
6593
6596
6601
6609
6614
6618
6621
6622
6633
6634
6638
6641
6648
6651
6656
6657
6660
6664
6666
6680
6682
6696
6697
6704
6704
6705
6706
6708
6739
6745
6745
6749
6762
6771
6772
6773
6789
6790
6791
6793
6794
6799
6808
6821
6822
6826
6830
6832
6832
6834
6844
6845
6855
6857
6858
6860
6867
6867
6874
6875
6876
6876
6880
6892
6892
6893
6895
6898
6910
6910
6910
6912
6916
6916
6916
6918
6947
6947
6955
6959
6960
6974
6978
6979
6980
6983
6985
6988
6999
7002
7003
7004
7007
7012
7024
7026
7029
7030
7030
7036
7040
7041
7042
7048
7051
7057
7059
7060
7067
7070
7075
7081
7087
7089
7093
7100
7102
7104
7105
7110
7113
7115
7120
7126
7126
7127
7130
7131
7132
7138
7142
7143
7151
7153
7153
7155
7160
7163
7166
7169
7169
7176
7182
7185
7190
7193
7193
7198
7202
7202
7206
7213
7216
7221
7221
7226
7230
7231
7236
7239
7242
7242
7244
7244
7263
7278
7279
7279
7285
7293
7304
7311
7313
7314
7317
7317
7319
7322
7325
7329
7340
7344
7360
7366
7367
7373
7377
7379
7379
7385
7392
7393
7399
7399
7403
7405
7407
7410
7410
7413
7421
7428
7434
7450
7451
7459
7460
7461
7468
7471
7475
7478
7488
7490
7493
7493
7495
7497
7502
7512
7513
7516
7524
7524
7525
7531
7534
7537
7541
7542
7547
7547
7549
7552
7553
7554
7554
7559
7559
7565
7573
7586
7592
7594
7594
7605
7617
7623
7624
7626
7629
7634
7648
7661
7675
7679
7682
7687
7688
7689
7695
7695
7696
7702
7702
7703
7704
7706
7710
7712
7714
7716
7724
7738
7740
7741
7741
7747
7749
7751
7758
7759
7766
7767
7769
7773
7775
7787
7787
7788
7789
7790
7791
7798
7798
7806
7814
7829
7830
7846
7850
7854
7854
7857
7860
7863
7864
7869
7886
7887
7889
7908
7912
7915
7915
7921
7925
7926
7933
7933
7936
7943
7945
7946
7949
7953
7957
7968
7971
7971
7973
7975
7979
7988
8003
8008
8008
8011
8013
8016
8020
8029
8037
8037
8049
8053
8061
8062
8066
8067
8077
8077
8079
8080
8094
8095
8095
8101
8109
8114
8115
8116
8123
8133
8135
8136
8137
8141
8144
8152
8154
8157
8158
8181
8184
8185
8186
8195
8205
8206
8207
8218
8220
8232
8234
8235
8240
8242
8252
8255
8256
8258
8259
8260
8261
8261
8263
8264
8272
8273
8283
8298
8302
8305
8308
8313
8322
8325
8325
8329
8332
8332
8336
8339
8347
8349
8350
8352
8356
8362
8364
8367
8368
8378
8385
8386
8393
8396
8398
8398
8402
8405
8412
8412
8415
8418
8423
8429
8431
8434
8456
8460
8464
8477
8478
8488
8490
8497
8498
8499
8509
8514
8515
8527
8529
8531
8531
8537
8537
8541
8543
8546
8546
8551
8557
8561
8566
8570
8577
8584
8584
8586
8597
8599
8602
8603
8622
8625
8625
8630
8630
8632
8637
8641
8646
8649
8650
8656
8663
8669
8681
8688
8689
8692
8693
8697
8700
8707
8717
8718
8718
8722
8726
8727
8739
8742
8742
8746
8747
8747
8747
8748
8759
8763
8768
8770
8772
8774
8777
8781
8782
8791
8794
8800
8803
8806
8808
8811
8818
8822
8835
8842
8842
8847
8848
8848
8851
8853
8859
8862
8869
8873
8875
8878
8890
8892
8892
8895
8903
8908
8912
8915
8917
8920
8937
8945
8945
8964
8967
8967
8968
8978
8984
8990
8996
9005
9010
9010
9010
9014
9022
9022
9023
9032
9042
9045
9049
9059
9060
9061
9062
9067
9081
9082
9084
9084
9086
9093
9094
9094
9095
9097
9099
9107
9125
9131
9132
9134
9134
9137
9138
9143
9148
9150
9152
9160
9160
9161
9163
9167
9168
9172
9178
9186
9191
9192
9196
9212
9212
9213
9220
9220
9222
9223
9252
9255
9255
9256
9268
9271
9273
9276
9280
9282
9290
9306
9323
9323
9323
9328
9330
9331
9332
9335
9351
9353
9354
9363
9365
9366
9367
9371
9372
9382
9384
9389
9401
9409
9411
9412
9415
9421
9425
9429
9433
9439
9440
9442
9442
9448
9453
9462
9467
9468
9471
9474
9477
9479
9483
9488
9490
9492
9494
9496
9497
9507
9509
9510
9512
9512
9517
9522
9531
9532
9545
9555
9563
9564
9564
9565
9566
9569
9573
9581
9582
9586
9591
9594
9595
9601
9603
9604
9619
9619
9620
9623
9627
9629
9635
9636
9638
9639
9642
9647
9648
9653
9653
9656
9656
9677
9681
9683
9686
9689
9689
9693
9694
9696
9698
9699
9710
9715
9717
9719
9719
9727
9727
9728
9730
9730
9733
9736
9751
9751
9753
9754
9756
9757
9761
9767
9768
9769
9769
9775
9778
9779
9781
9784
9792
9812
9816
9818
9819
9821
9823
9826
9832
9837
9837
9839
9843
9845
9847
9862
9871
9872
9875
9877
9878
9882
9888
9891
9904
9911
9911
9915
9924
9925
9927
9936
9936
9939
9942
9952
9956
9958
9961
9963
9964
9965
9970
9971
9973
9974
9975
9977
9978
9979
9979
9991
9991
9994
9998
10003
10004
10004
10024
10027
10033
10037
10045
10046
10046
10047
10047
10048
10051
10052
10056
10059
10066
10071
10073
10078
10079
10088
10093
10093
10102
10107
10112
10113
10115
10119
10123
10132
10132
10135
10139
10140
10140
10140
10144
10153
10155
10157
10164
10168
10177
10179
10184
10198
10203
10221
10223
10228
10229
10238
10244
10245
10248
10250
10252
10253
10260
10262
10268
10281
10289
10294
10295
10310
10314
10315
10321
10327
10328
10337
10337
10339
10340
10344
10359
10359
10362
10364
10364
10383
10385
10397
10400
10404
10407
10407
10411
10416
10425
10427
10436
10436
10437
10441
10450
10452
10455
10455
10457
10458
10459
10470
10474
10474
10476
10482
10485
10485
10485
10487
10493
10503
10504
10504
10517
10520
10522
10527
10531
10544
10549
10556
10561
10567
10567
10571
10572
10572
10578
10578
10579
10594
10596
10605
10609
10613
10614
10614
10616
10618
10621
10623
10628
10632
10635
10640
10644
10646
10648
10650
10656
10660
10661
10663
10675
10680
10686
10688
10692
10696
10700
10703
10713
10714
10716
10718
10729
10731
10732
10734
10745
10748
10748
10748
10749
10753
10755
10757
10760
10762
10762
10764
10768
10771
10774
10774
10776
10779
10787
10789
10794
10803
10804
10806
10809
10816
10820
10820
10831
10843
10849
10851
10853
10859
10874
10886
10889
10890
10898
10907
10913
10913
10918
10918
10920
10924
10925
10926
10931
10933
10935
10945
10972
10973
10975
10983
10988
10988
10990
10992
10996
10999
10999
11003
11004
11015
11016
11018
11036
11043
11045
11058
11063
11069
11076
11092
11095
11098
11098
11103
11106
11107
11107
11109
11115
11119
11122
11127
11129
11130
11132
11133
11136
11142
11144
11147
11149
11151
11151
11151
11152
11152
11158
11163
11163
11164
11168
11169
11170
11170
11171
11177
11183
11184
11185
11191
11200
11201
11205
11207
11208
11215
11229
11230
11236
11237
11243
11246
11246
11249
11250
11251
11253
11259
11262
11263
11268
11269
11271
11273
11280
11283
11292
11295
11299
11301
11302
11302
11303
11305
11313
11314
11314
11318
11323
11329
11330
11330
11331
11334
11334
11344
11352
11357
11359
11366
11366
11372
11374
11379
11389
11397
11400
11403
11409
11416
11429
11431
11438
11451
11452
11455
11463
11486
11488
11489
11492
11494
11495
11496
11498
11505
11508
11509
11509
11511
11514
11518
11518
11526
11530
11532
11533
11545
11545
11550
11558
11558
11561
11566
11569
11580
11581
11582
11611
11612
11621
11623
11624
11634
11635
11638
11643
11648
11657
11658
11660
11667
11669
11676
11676
11679
11684
11692
11693
11701
11713
11715
11716
11728
11729
11729
11732
11737
11738
11741
11743
11747
11749
11749
11750
11752
11755
11776
11776
11777
11778
11780
11801
11804
11806
11813
11813
11818
11820
11827
11831
11846
11847
11848
11857
11858
11859
11860
11861
11868
11869
11872
11875
11878
11890
11892
11897
11900
11906
11913
11915
11918
11918
11921
11931
11936
11941
11947
11949
11958
11963
11963
11977
11982
11982
11997
11998
12000
12002
12003
12004
12014
12020
12021
12033
12035
12046
12051
12053
12055
12059
12064
12068
12071
12071
12079
12081
12088
12096
12098
12109
12109
12112
12118
12121
12123
12125
12126
12128
12132
12133
12136
12137
12143
12146
12149
12152
12153
12156
12158
12158
12160
12165
12182
12184
12194
12194
12199
12211
12221
12225
12232
12234
12235
12243
12249
12250
12252
12253
12255
12256
12260
12262
12269
12270
12282
12285
12286
12287
12288
12295
12297
12301
12308
12318
12326
12326
12344
12348
12355
12360
12367
12374
12375
12375
12379
12380
12382
12384
12387
12387
12389
12390
12390
12391
12401
12402
12409
12412
12425
12427
12436
12444
12450
12450
12456
12458
12459
12462
12463
12470
12471
12476
12478
12480
12488
12489
12490
12491
12496
12497
12498
12503
12508
12511
12513
12515
12518
12521
12522
12522
12527
12530
12535
12536
12538
12539
12540
12543
12544
12545
12546
12549
12558
12559
12562
12568
12574
12575
12577
12580
12584
12587
12597
12605
12611
12613
12620
12625
12625
12629
12631
12642
12642
12648
12652
12653
12655
12664
12680
12691
12691
12693
12695
12697
12698
12698
12704
12706
12713
12714
12714
12718
12725
12728
12728
12728
12730
12730
12741
12753
12761
12763
12772
12777
12778
12782
12783
12788
12790
12793
12795
12798
12800
12801
12813
12822
12824
12834
12837
12838
12842
12843
12846
12860
12861
12870
12879
12885
12894
12898
12906
12908
12911
12932
12951
12967
12969
12971
12978
12980
12981
12983
12984
12992
12993
12997
13008
13009
13013
13013
13021
13029
13037
13045
13046
13047
13053
13055
13057
13057
13058
13059
13062
13064
13073
13079
13084
13087
13092
13097
13098
13103
13106
13108
13110
13117
13118
13120
13121
13123
13124
13127
13145
13149
13152
13169
13180
13180
13184
13188
13190
13191
13198
13202
13205
13206
13206
13208
13213
13219
13219
13224
13229
13231
13231
13235
13239
13242
13242
13243
13247
13248
13254
13255
13257
13264
13265
13266
13271
13273
13278
13280
13283
13287
13292
13298
13298
13299
13304
13317
13319
13333
13336
13336
13339
13350
13351
13357
13359
13361
13368
13370
13370
13371
13372
13382
13384
13390
13397
13409
13410
13412
13422
13428
13430
13434
13434
13440
13447
13449
13453
13466
13477
13477
13481
13484
13487
13487
13488
13495
13496
13498
13511
13512
13513
13515
13528
13529
13531
13533
13538
13543
13546
13551
13551
13552
13554
13559
13567
13578
13583
13586
13601
13604
13608
13612
13614
13620
13627
13634
13635
13636
13638
13642
13647
13653
13655
13657
13660
13661
13678
13682
13687
13690
13699
13700
13711
13713
13714
13719
13725
13738
13743
13744
13759
13761
13762
13774
13776
13784
13786
13787
13793
13798
13800
13800
13801
13805
13809
13815
13820
13823
13829
13834
13844
13845
13854
13857
13861
13862
13864
13866
13875
13880
13884
13888
13889
13890
13893
13894
13901
13903
13904
13911
13913
13914
13915
13916
13917
13926
13926
13927
13931
13931
13933
13936
13959
13970
13973
13977
13977
13989
13990
13992
13995
13998
14001
14005
14022
14023
14025
14025
14030
14031
14033
14039
14044
14045
14048
14063
14065
14067
14072
14072
14074
14074
14080
14082
14087
14091
14092
14094
14095
14097
14102
14105
14107
14115
14116
14123
14124
14128
14136
14136
14138
14142
14146
14149
14150
14150
14153
14161
14167
14171
14175
14184
14205
14209
14220
14221
14221
14222
14222
14224
14224
14224
14227
14240
14244
14247
14248
14249
14256
14257
14258
14260
14266
14268
14273
14274
14276
14279
14281
14290
14291
14299
14300
14301
14306
14313
14323
14324
14327
14328
14330
14340
14343
14345
14346
14346
14349
14349
14356
14357
14360
14360
14362
14366
14376
14381
14384
14396
14398
14399
14399
14401
14401
14404
14409
14414
14422
14427
14429
14430
14440
14443
14445
14448
14449
14451
14458
14462
14462
14468
14496
14499
14521
14525
14525
14528
14530
14530
14530
14532
14533
14541
14547
14570
14572
14573
14579
14580
14583
14584
14586
14587
14588
14595
14596
14599
14600
14609
14621
14626
14632
14634
14636
14639
14652
14658
14665
14665
14677
14683
14689
14691
14692
14697
14700
14715
14719
14720
14726
14735
14739
14743
14746
14749
14752
14755
14760
14762
14764
14768
14771
14774
14775
14785
14786
14787
14789
14792
14796
14796
14796
14800
14800
14803
14805
14809
14812
14821
14824
14826
14828
14850
14855
14856
14863
14866
14867
14886
14895
14898
14899
14900
14904
14904
14906
14911
14916
14919
14930
14931
14938
14942
14945
14950
14954
14954
14963
14965
14967
14970
14971
14974
14978
14986
14986
14991
14992
14994
14995
15001
15008
15010
15013
15014
15018
15018
15024
15024
15031
15045
15048
15058
15059
15061
15063
15064
15080
15082
15083
15093
15103
15104
15110
15114
15117
15117
15128
15131
15132
15136
15136
15137
15138
15148
15151
15158
15159
15167
15170
15171
15174
15181
15182
15186
15197
15199
15200
15203
15213
15214
15220
15225
15229
15231
15240
15250
15250
15253
15257
15260
15264
15275
15280
15280
15285
15288
15291
15295
15298
15310
15315
15316
15324
15327
15331
15336
15337
15338
15338
15346
15347
15348
15351
15351
15358
15361
15371
15373
15374
15379
15381
15385
15390
15392
15392
15400
15406
15409
15414
15417
15419
15430
15433
15434
15437
15437
15438
15439
15440
15444
15446
15458
15459
15466
15473
15478
15483
15486
15488
15501
15506
15508
15512
15520
15535
15535
15554
15562
15563
15564
15565
15574
15575
15576
15579
15581
15586
15587
15596
15597
15603
15605
15609
15610
15621
15634
15635
15644
15652
15655
15658
15660
15661
15663
15664
15665
15669
15680
15682
15683
15684
15685
15686
15687
15688
15691
15705
15705
15709
15712
15721
15722
15724
15728
15738
15739
15746
15759
15761
15767
15769
15769
15777
15793
15796
15797
15809
15810
15811
15821
15822
15829
15832
15834
15836
15847
15848
15850
15851
15855
15862
15867
15868
15874
15885
15891
15898
15901
15903
15909
15915
15916
15923
15926
15929
15942
15946
15946
15950
15953
15954
15958
15959
15961
15963
15964
15966
15977
15983
15988
15989
15995
16003
16005
16007
16008
16011
16011
16017
16018
16026
16027
16038
16041
16042
16046
16048
16048
16048
16050
16052
16056
16057
16069
16095
16097
16100
16101
16105
16109
16114
16116
16121
16122
16127
16132
16137
16137
16138
16139
16142
16146
16156
16159
16166
16181
16185
16185
16196
16206
16213
16218
16219
16221
16225
16225
16226
16233
16235
16236
16236
16238
16240
16247
16250
16253
16255
16269
16274
16279
16281
16299
16300
16301
16301
16311
16315
16316
16320
16323
16325
16326
16333
16337
16343
16353
16360
16361
16361
16363
16366
16390
16397
16399
16403
16405
16408
16414
16423
16427
16428
16431
16440
16440
16450
16453
16455
16462
16467
16469
16476
16483
16488
16489
16489
16489
16491
16494
16498
16503
16506
16506
16513
16514
16515
16517
16517
16517
16521
16522
16524
16536
16537
16537
16542
16545
16547
16555
16557
16560
16561
16563
16565
16566
16570
16571
16575
16578
16579
16580
16596
16600
16602
16610
16611
16611
16613
16614
16623
16629
16633
16638
16643
16648
16648
16654
16655
16658
16663
16670
16672
16676
16702
16705
16710
16713
16721
16721
16723
16724
16727
16729
16732
16739
16739
16740
16743
16745
16746
16748
16750
16760
16760
16766
16771
16777
16777
16777
16782
16789
16790
16796
16799
16807
16811
16816
16817
16820
16823
16828
16828
16832
16838
16839
16840
16841
16842
16844
16845
16847
16849
16850
16855
16861
16869
16871
16873
16875
16877
16883
16891
16894
16896
16898
16906
16909
16911
16913
16914
16918
16919
16920
16921
16924
16942
16950
16957
16957
16971
16971
16979
16982
16982
16986
16987
16989
16999
17000
17015
17017
17018
17019
17021
17029
17035
17038
17038
17038
17044
17045
17046
17046
17051
17055
17055
17061
17063
17066
17075
17075
17078
17086
17088
17090
17091
17093
17098
17100
17109
17115
17123
17137
17139
17141
17143
17147
17154
17159
17160
17163
17176
17179
17183
17188
17189
17189
17192
17195
17198
17200
17205
17211
17223
17224
17229
17232
17232
17241
17243
17245
17254
17259
17260
17261
17269
17280
17281
17286
17290
17290
17294
17296
17306
17308
17309
17319
17334
17335
17341
17351
17354
17358
17361
17371
17374
17375
17376
17384
17385
17386
17387
17387
17393
17395
17397
17398
17403
17404
17408
17409
17410
17414
17414
17416
17418
17428
17431
17437
17446
17451
17461
17470
17472
17474
17475
17476
17478
17480
17485
17496
17497
17498
17499
17500
17501
17503
17513
17513
17513
17513
17516
17523
17527
17527
17531
17533
17537
17539
17541
17544
17546
17556
17558
17571
17575
17577
17577
17581
17584
17584
17586
17586
17593
17600
17606
17608
17610
17611
17613
17614
17616
17617
17621
17625
17631
17633
17634
17635
17640
17641
17657
17658
17664
17666
17667
17668
17685
17685
17701
17705
17707
17708
17710
17713
17716
17718
17720
17730
17737
17747
17749
17759
17763
17765
17765
17769
17770
17771
17772
17779
17779
17793
17793
17795
17796
17796
17797
17799
17799
17804
17805
17806
17808
17809
17809
17820
17823
17826
17827
17845
17865
17866
17866
17870
17878
17881
17881
17886
17886
17891
17895
17899
17904
17904
17907
17911
17911
17915
17916
17923
17926
17929
17933
17941
17941
17944
17944
17948
17956
17962
17964
17976
17992
17992
17993
17997
18003
18004
18006
18015
18015
18015
18021
18030
18031
18034
18035
18039
18042
18054
18058
18059
18069
18075
18076
18076
18077
18093
18113
18114
18116
18124
18128
18133
18147
18151
18153
18154
18161
18164
18174
18178
18178
18179
18181
18181
18193
18194
18215
18216
18225
18234
18237
18238
18240
18249
18255
18256
18261
18269
18276
18280
18282
18284
18284
18287
18290
18290
18297
18297
18297
18300
18312
18313
18314
18319
18324
18330
18330
18345
18347
18350
18353
18361
18361
18371
18373
18376
18377
18381
18382
18383
18386
18389
18396
18399
18405
18414
18416
18424
18424
18430
18434
18446
18446
18449
18449
18453
18459
18461
18467
18468
18469
18472
18472
18478
18482
18488
18500
18502
18503
18508
18509
18511
18521
18530
18533
18545
18552
18554
18554
18555
18556
18556
18558
18561
18567
18576
18579
18583
18591
18596
18604
18604
18615
18617
18618
18622
18631
18633
18649
18656
18658
18658
18664
18666
18667
18675
18700
18707
18710
18710
18713
18717
18723
18739
18740
18741
18745
18745
18746
18748
18748
18758
18758
18761
18763
18776
18780
18785
18785
18785
18787
18788
18791
18795
18797
18803
18817
18818
18818
18818
18819
18820
18826
18827
18833
18837
18840
18843
18846
18847
18848
18851
18854
18858
18860
18872
18872
18874
18879
18880
18881
18885
18885
18886
18899
18900
18908
18912
18913
18919
18933
18935
18950
18957
18959
18960
18962
18963
18972
18991
18993
18994
18994
18994
18997
19001
19003
19012
19012
19016
19018
19019
19027
19034
19036
19036
19041
19042
19043
19046
19058
19060
19060
19063
19063
19074
19083
19089
19090
19093
19096
19098
19103
19110
19117
19120
19129
19136
19143
19144
19145
19149
19150
19153
19158
19159
19166
19171
19173
19189
19189
19189
19195
19204
19204
19205
19209
19214
19224
19232
19238
19244
19249
19257
19259
19262
19276
19280
19281
19291
19303
19304
19307
19310
19311
19311
19313
19313
19315
19324
19325
19332
19339
19340
19354
19354
19366
19378
19378
19383
19383
19388
19392
19394
19395
19396
19401
19412
19415
19422
19423
19427
19440
19448
19450
19452
19455
19459
19460
19461
19463
19464
19468
19474
19482
19496
19498
19499
19512
19513
19514
19515
19529
19532
19533
19535
19539
19540
19547
19549
19551
19554
19556
19558
19562
19571
19576
19581
19586
19588
19596
19598
19599
19608
19613
19617
19625
19633
19641
19643
19651
19656
19657
19659
19661
19661
19662
19662
19663
19669
19674
19678
19683
19687
19688
19695
19696
19698
19706
19709
19711
19725
19728
19732
19732
19737
19737
19744
19744
19745
19754
19760
19767
19767
19770
19776
19777
19783
19786
19792
19795
19808
19817
19824
19832
19843
19845
19846
19849
19850
19854
19856
19861
19862
19863
19866
19873
19874
19882
19887
19890
19899
19906
19924
19929
19930
19933
19933
19935
19937
19938
19940
19947
19949
19958
19959
19967
19970
19972
19974
19975
19975
19979
19980
19981
19982
19982
19986
19987
19993
19994
19994
19999
20001
20005
20017
20021
20022
20027
20029
20030
20037
20037
20038
20046
20047
20049
20051
20052
20054
20054
20056
20057
20064
20065
20069
20069
20086
20090
20094
20095
20095
20104
20107
20110
20111
20122
20124
20125
20138
20144
20152
20153
20158
20161
20164
20164
20165
20170
20173
20176
20178
20183
20187
20199
20200
20202
20202
20205
20210
20210
20214
20215
20219
20221
20223
20224
20225
20228
20236
20249
20249
20254
20255
20257
20262
20263
20275
20276
20278
20280
20296
20298
20307
20309
20311
20317
20319
20326
20328
20330
20333
20340
20343
20347
20347
20351
20354
20355
20358
20364
20366
20368
20371
20381
20381
20384
20386
20387
20388
20390
20390
20390
20395
20397
20397
20401
20401
20405
20408
20413
20414
20417
20421
20424
20426
20433
20435
20436
20438
20439
20443
20443
20450
20450
20453
20454
20464
20466
20470
20480
20488
20488
20490
20490
20500
20502
20503
20504
20505
20506
20511
20512
20514
20518
20525
20528
20537
20537
20538
20541
20541
20544
20546
20549
20550
20555
20563
20567
20567
20572
20576
20576
20579
20582
20583
20584
20588
20590
20592
20593
20609
20614
20617
20634
20634
20638
20639
20639
20641
20641
20642
20644
20655
20668
20680
20680
20683
20691
20693
20697
20698
20700
20706
20713
20717
20718
20720
20723
20738
20740
20748
20748
20751
20755
20760
20763
20763
20765
20766
20771
20783
20787
20788
20790
20800
20801
20818
20819
20821
20822
20824
20824
20835
20837
20841
20842
20843
20851
20854
20859
20860
20861
20864
20864
20864
20865
20871
20871
20872
20873
20876
20878
20880
20884
20884
20888
20892
20897
20907
20910
20919
20919
20920
20925
20929
20931
20934
20935
20937
20939
20944
20951
20956
20958
20959
20969
20979
20982
20985
20986
20990
20991
20993
20998
20998
20999
21000
21000
21001
21002
21002
21013
21019
21020
21021
21022
21026
21026
21033
21035
21039
21052
21053
21056
21061
21063
21066
21072
21082
21089
21102
21111
21118
21124
21124
21125
21130
21131
21132
21133
21134
21136
21142
21144
21145
21145
21146
21151
21165
21169
21175
21178
21180
21186
21190
21196
21199
21204
21204
21204
21221
21241
21242
21252
21252
21253
21254
21254
21255
21259
21263
21263
21272
21283
21288
21289
21290
21291
21291
21299
21299
21300
21306
21308
21312
21312
21320
21321
21328
21328
21330
21340
21342
21347
21355
21357
21364
21365
21366
21367
21369
21369
21370
21377
21379
21388
21392
21392
21393
21396
21398
21400
21402
21407
21421
21421
21423
21441
21441
21442
21442
21452
21458
21461
21464
21464
21469
21470
21470
21473
21477
21480
21481
21481
21488
21488
21491
21493
21494
21505
21505
21506
21509
21510
21522
21523
21524
21528
21530
21531
21532
21534
21535
21537
21537
21541
21548
21549
21556
21566
21567
21568
21570
21574
21578
21582
21584
21589
21610
21610
21611
21620
21623
21631
21634
21639
21640
21645
21664
21680
21682
21683
21685
21697
21698
21700
21703
21710
21724
21725
21726
21727
21730
21731
21738
21739
21746
21754
21756
21761
21772
21772
21776
21792
21793
21793
21794
21797
21798
21810
21812
21813
21817
21825
21825
21849
21856
21856
21862
21862
21867
21872
21879
21884
21886
21894
21895
21899
21902
21904
21908
21908
21913
21916
21921
21931
21933
21935
21937
21937
21938
21939
21941
21945
21948
21950
21956
21960
21965
21967
21970
21970
21972
21976
21980
21981
21989
21990
22000
22002
22006
22007
22008
22012
22026
22032
22034
22051
22052
22062
22065
22078
22080
22080
22082
22086
22088
22088
22095
22098
22098
22101
22104
22105
22111
22122
22123
22124
22127
22130
22131
22144
22148
22149
22150
22156
22163
22168
22170
22174
22174
22175
22176
22178
22182
22194
22199
22201
22205
22207
22227
22235
22245
22253
22255
22267
22273
22277
22288
22291
22292
22293
22293
22294
22298
22299
22301
22309
22312
22315
22316
22317
22320
22323
22329
22329
22334
22341
22346
22348
22348
22351
22352
22353
22355
22365
22367
22368
22374
22380
22385
22391
22393
22398
22401
22403
22417
22427
22428
22428
22428
22432
22434
22434
22435
22451
22451
22453
22454
22457
22462
22465
22465
22473
22476
22482
22484
22486
22488
22494
22499
22499
22504
22504
22506
22513
22519
22526
22528
22531
22531
22531
22532
22533
22540
22554
22556
22557
22567
22567
22567
22575
22600
22605
22605
22621
22623
22625
22625
22629
22635
22637
22642
22657
22664
22670
22672
22674
22678
22678
22687
22692
22697
22697
22702
22708
22708
22719
22720
22731
22739
22748
22751
22754
22760
22776
22791
22798
22801
22806
22807
22809
22816
22823
22834
22837
22846
22849
22853
22853
22866
22873
22875
22878
22887
22892
22897
22904
22916
22918
22918
22927
22935
22945
22959
22961
22967
22974
22976
22980
22984
22984
22990
22997
22997
23010
23012
23012
23012
23014
23039
23041
23043
23044
23055
23058
23060
23064
23066
23067
23077
23080
23090
23090
23096
23097
23109
23115
23116
23116
23120
23126
23130
23135
23137
23141
23144
23148
23150
23151
23152
23152
23153
23154
23160
23160
23163
23165
23169
23171
23172
23176
23180
23181
23191
23196
23202
23212
23214
23221
23229
23229
23235
23241
23245
23247
23249
23254
23254
23257
23289
23298
23300
23301
23302
23308
23311
23313
23319
23321
23322
23323
23326
23327
23330
23332
23337
23340
23342
23345
23346
23348
23360
23368
23371
23372
23374
23374
23375
23378
23382
23382
23383
23387
23388
23389
23392
23403
23405
23409
23414
23416
23419
23425
23432
23438
23441
23445
23448
23450
23454
23467
23472
23472
23475
23479
23483
23486
23487
23488
23488
23493
23496
23510
23516
23518
23521
23524
23531
23531
23534
23538
23551
23553
23556
23561
23562
23565
23566
23567
23570
23573
23577
23582
23586
23588
23593
23595
23596
23597
23599
23609
23609
23611
23619
23622
23624
23632
23632
23636
23642
23647
23661
23661
23674
23678
23681
23688
23688
23693
23694
23696
23697
23697
23703
23714
23717
23719
23724
23731
23733
23743
23744
23745
23746
23747
23752
23755
23758
23759
23763
23776
23776
23786
23794
23794
23796
23803
23808
23809
23811
23825
23827
23830
23831
23833
23837
23838
23839
23847
23853
23860
23862
23863
23864
23865
23869
23870
23876
23881
23882
23884
23886
23889
23889
23891
23893
23893
23896
23900
23906
23907
23916
23918
23924
23925
23946
23950
23952
23953
23958
23959
23962
23971
23978
23980
23986
23987
23992
23998
24001
24005
24015
24017
24020
24027
24029
24032
24039
24041
24046
24048
24052
24052
24053
24055
24056
24059
24062
24064
24067
24077
24079
24080
24087
24088
24089
24095
24099
24101
24107
24114
24115
24121
24128
24131
24144
24148
24151
24153
24163
24163
24167
24168
24170
24172
24176
24178
24179
24186
24188
24196
24198
24199
24201
24207
24212
24212
24213
24213
24217
24218
24221
24222
24225
24235
24244
24249
24250
24254
24254
24257
24269
24269
24275
24280
24281
24281
24287
24287
24288
24289
24289
24294
24330
24335
24339
24340
24342
24343
24343
24344
24352
24356
24358
24359
24360
24361
24361
24368
24373
24376
24376
24383
24393
24409
24414
24416
24425
24426
24433
24440
24447
24451
24457
24463
24464
24465
24466
24472
24483
24485
24492
24493
24493
24493
24497
24498
24506
24510
24512
24512
24514
24515
24521
24522
24526
24530
24530
24533
24537
24540
24541
24542
24544
24544
24552
24554
24555
24564
24564
24572
24574
24575
24575
24576
24583
24586
24593
24598
24608
24611
24615
24618
24620
24623
24624
24632
24633
24636
24644
24649
24653
24653
24678
24689
24692
24695
24696
24698
24703
24705
24706
24716
24717
24721
24724
24731
24733
24733
24734
24737
24738
24739
24742
24745
24756
24757
24758
24760
24764
24764
24765
24766
24772
24775
24778
24779
24779
24789
24795
24796
24796
24801
24801
24803
24805
24809
24818
24826
24826
24834
24834
24837
24839
24842
24842
24842
24847
24850
24851
24853
24860
24861
24861
24865
24867
24869
24870
24881
24884
24889
24896
24898
24902
24903
24905
24906
24910
24915
24921
24923
24935
24937
24946
24948
24948
24951
24958
24959
24967
24968
24971
24975
24975
24982
24982
24990
24994
24999
25009
25024
25029
25035
25045
25046
25055
25055
25056
25067
25069
25087
25087
25092
25098
25101
25102
25104
25105
25106
25111
25115
25120
25122
25123
25129
25144
25152
25156
25163
25166
25166
25168
25170
25171
25172
25178
25184
25186
25194
25195
25196
25196
25196
25197
25198
25200
25206
25210
25217
25220
25224
25226
25231
25237
25242
25250
25251
25255
25256
25259
25269
25271
25272
25278
25280
25281
25281
25286
25286
25290
25297
25298
25303
25310
25319
25322
25327
25334
25376
25379
25389
25409
25430
25434
25435
25445
25452
25453
25457
25464
25472
25477
25478
25480
25483
25483
25487
25489
25492
25505
25506
25510
25526
25527
25527
25528
25539
25541
25543
25559
25559
25561
25561
25580
25591
25599
25599
25609
25611
25613
25614
25625
25628
25629
25631
25633
25638
25640
25641
25645
25655
25657
25657
25665
25668
25672
25674
25679
25680
25682
25686
25686
25690
25690
25706
25709
25717
25719
25721
25724
25731
25733
25747
25750
25757
25760
25762
25765
25771
25774
25778
25778
25780
25781
25786
25787
25789
25791
25793
25796
25799
25802
25805
25807
25815
25815
25823
25824
25830
25840
25841
25842
25854
25854
25855
25860
25861
25863
25865
25867
25872
25890
25893
25893
25893
25908
25910
25911
25913
25915
25927
25932
25946
25947
25960
25974
25977
25978
25980
25981
25991
25995
25996
26000
26004
26005
26008
26017
26023
26025
26030
26033
26034
26035
26036
26037
26043
26047
26051
26067
26069
26075
26078
26080
26084
26088
26091
26093
26096
26100
26111
26117
26121
26124
26124
26126
26127
26129
26136
26137
26138
26141
26141
26142
26143
26145
26149
26153
26154
26156
26163
26165
26167
26175
26177
26184
26185
26193
26196
26198
26199
26205
26206
26206
26214
26216
26223
26232
26235
26235
26237
26238
26241
26246
26254
26256
26256
26259
26264
26269
26282
26284
26284
26290
26292
26293
26294
26294
26298
26301
26309
26317
26321
26322
26328
26331
26332
26335
26336
26343
26347
26355
26358
26358
26359
26361
26379
26386
26387
26389
26391
26397
26399
26399
26402
26412
26419
26420
26425
26433
26454
26454
26465
26472
26472
26483
26489
26492
26494
26495
26496
26496
26499
26506
26509
26510
26511
26513
26522
26526
26532
26537
26538
26544
26558
26559
26560
26568
26568
26576
26580
26581
26585
26605
26609
26609
26610
26621
26623
26631
26632
26633
26641
26643
26650
26651
26653
26664
26671
26678
26678
26679
26681
26690
26693
26697
26697
26707
26709
26716
26718
26720
26723
26732
26735
26736
26746
26746
26748
26750
26751
26754
26761
26764
26765
26766
26770
26778
26781
26783
26783
26785
26787
26788
26798
26801
26802
26802
26807
26810
26823
26823
26827
26835
26837
26837
26838
26843
26843
26845
26848
26856
26861
26862
26863
26876
26880
26888
26888
26888
26889
26890
26895
26896
26897
26900
26901
26903
26904
26906
26907
26909
26912
26920
26931
26934
26937
26939
26939
26945
26948
26955
26956
26957
26960
26966
26969
26969
26970
26972
26972
26979
26982
26984
26986
26989
26992
26993
26994
26999
27004
27018
27021
27042
27047
27052
27057
27059
27059
27060
27061
27061
27068
27069
27070
27070
27075
27079
27080
27098
27103
27111
27113
27113
27119
27139
27145
27149
27150
27158
27160
27160
27168
27171
27174
27190
27198
27202
27207
27208
27222
27223
27225
27230
27238
27242
27248
27251
27254
27254
27258
27259
27260
27260
27262
27266
27267
27268
27268
27270
27278
27282
27282
27285
27286
27286
27288
27288
27289
27290
27295
27296
27296
27301
27303
27305
27307
27313
27313
27315
27315
27317
27317
27320
27326
27332
27333
27338
27340
27345
27348
27349
27349
27363
27379
27380
27380
27390
27390
27407
27411
27416
27418
27424
27440
27442
27444
27447
27456
27457
27461
27461
27480
27481
27483
27484
27485
27486
27487
27489
27501
27506
27507
27509
27516
27521
27522
27533
27536
27537
27538
27540
27546
27552
27554
27556
27557
27562
27563
27564
27564
27571
27573
27574
27574
27577
27581
27582
27584
27585
27596
27600
27605
27608
27614
27623
27629
27639
27640
27642
27647
27648
27652
27655
27660
27664
27668
27678
27681
27681
27687
27694
27698
27700
27702
27703
27721
27723
27724
27733
27734
27737
27741
27750
27753
27753
27755
27757
27759
27765
27765
27767
27770
27774
27775
27775
27779
27784
27789
27792
27795
27803
27820
27823
27824
27833
27834
27836
27837
27848
27854
27855
27856
27857
27864
27878
27884
27886
27888
27906
27910
27916
27916
27931
27932
27937
27950
27953
27953
27955
27956
27959
27975
27981
27987
27988
27990
28004
28009
28010
28011
28013
28025
28034
28036
28037
28037
28041
28043
28047
28053
28053
28055
28062
28066
28067
28069
28070
28076
28082
28084
28097
28097
28100
28106
28117
28119
28123
28123
28141
28141
28143
28159
28166
28183
28186
28195
28200
28201
28202
28203
28212
28212
28220
28224
28224
28225
28229
28232
28233
28246
28246
28249
28251
28262
28270
28277
28279
28279
28281
28283
28283
28283
28285
28285
28287
28297
28299
28299
28311
28311
28320
28322
28325
28335
28343
28349
28355
28362
28363
28366
28366
28368
28377
28380
28383
28388
28389
28390
28394
28398
28407
28409
28409
28410
28414
28428
28433
28435
28443
28444
28450
28454
28458
28460
28478
28481
28483
28487
28487
28496
28497
28498
28498
28500
28505
28510
28515
28522
28523
28524
28532
28532
28541
28542
28546
28547
28551
28558
28562
28566
28566
28574
28574
28584
28589
28591
28593
28601
28613
28616
28621
28628
28637
28644
28644
28653
28656
28657
28660
28664
28672
28675
28680
28686
28696
28726
28727
28727
28729
28732
28733
28737
28740
28744
28767
28767
28768
28774
28774
28795
28803
28803
28807
28809
28810
28816
28820
28823
28824
28827
28830
28834
28835
28836
28839
28840
28842
28857
28858
28859
28862
28862
28865
28869
28874
28875
28876
28878
28880
28883
28888
28890
28893
28899
28900
28901
28903
28905
28905
28905
28913
28915
28916
28929
28936
28938
28940
28944
28955
28964
28966
28973
28974
28976
28980
28980
28983
28985
28996
29001
29002
29008
29013
29014
29025
29047
29049
29058
29064
29076
29078
29101
29103
29105
29109
29117
29120
29135
29137
29140
29150
29160
29169
29179
29180
29184
29188
29195
29210
29212
29214
29217
29221
29221
29228
29229
29231
29232
29233
29234
29254
29261
29266
29270
29273
29274
29278
29292
29293
29296
29306
29309
29312
29319
29323
29326
29329
29331
29333
29338
29341
29347
29355
29357
29359
29362
29369
29369
29370
29375
29380
29381
29387
29388
29388
29388
29389
29397
29400
29406
29416
29420
29426
29440
29447
29447
29449
29452
29453
29453
29459
29466
29468
29488
29495
29496
29497
29502
29503
29504
29508
29509
29521
29521
29523
29532
29541
29546
29556
29557
29560
29569
29575
29575
29579
29590
29594
29601
29603
29603
29606
29610
29624
29625
29632
29632
29637
29641
29646
29647
29647
29650
29653
29658
29659
29663
29664
29668
29669
29675
29684
29685
29700
29708
29711
29717
29723
29724
29728
29736
29739
29740
29741
29746
29748
29748
29756
29760
29760
29770
29771
29773
29773
29773
29776
29777
29778
29787
29800
29806
29806
29807
29809
29822
29823
29827
29829
29833
29834
29839
29844
29860
29861
29862
29866
29867
29869
29874
29878
29884
29885
29890
29901
29905
29906
29908
29908
29924
29936
29941
29947
29947
29962
29964
29971
29974
29987
29995
29997
30001
30005
30006
30011
30013
30021
30022
30022
30024
30025
30025
30027
30032
30036
30040
30044
30046
30047
30051
30051
30060
30062
30064
30066
30073
30073
30077
30077
30079
30095
30097
30100
30106
30109
30115
30121
30123
30124
30125
30128
30133
30134
30138
30141
30142
30146
30146
30149
30151
30154
30159
30159
30164
30173
30175
30190
30200
30205
30210
30212
30218
30219
30226
30232
30233
30241
30242
30246
30246
30253
30260
30264
30268
30274
30279
30283
30288
30290
30291
30299
30299
30308
30318
30322
30327
30336
30337
30340
30341
30348
30348
30353
30354
30357
30357
30357
30358
30361
30369
30371
30373
30377
30378
30384
30385
30391
30392
30394
30398
30400
30402
30405
30411
30411
30411
30413
30413
30414
30420
30426
30426
30437
30439
30441
30448
30459
30460
30461
30481
30483
30483
30485
30492
30498
30499
30501
30501
30508
30510
30513
30513
30521
30525
30530
30530
30535
30541
30548
30561
30562
30569
30572
30574
30576
30577
30577
30581
30581
30583
30593
30603
30603
30604
30608
30612
30612
30612
30617
30618
30619
30632
30639
30640
30642
30647
30647
30649
30650
30652
30657
30658
30660
30660
30662
30663
30669
30682
30683
30686
30689
30694
30699
30701
30702
30703
30706
30706
30715
30723
30724
30726
30735
30740
30756
30759
30763
30768
30768
30772
30774
30777
30780
30786
30791
30795
30797
30800
30814
30818
30818
30818
30826
30836
30844
30847
30847
30849
30857
30858
30859
30865
30865
30868
30871
30872
30879
30880
30881
30883
30885
30896
30899
30901
30902
30910
30915
30924
30928
30929
30931
30934
30936
30936
30938
30939
30940
30940
30942
30942
30943
30957
30961
30963
30965
30967
30967
30994
31003
31006
31021
31025
31026
31033
31035
31038
31055
31074
31078
31080
31098
31101
31112
31114
31115
31116
31117
31119
31121
31121
31124
31126
31132
31132
31133
31133
31133
31141
31146
31159
31162
31165
31170
31170
31171
31172
31175
31178
31179
31183
31201
31205
31206
31212
31212
31216
31217
31218
31219
31224
31227
31232
31234
31237
31241
31242
31248
31248
31252
31252
31256
31258
31260
31260
31262
31264
31264
31274
31278
31280
31285
31289
31291
31291
31295
31300
31302
31304
31309
31310
31312
31312
31319
31321
31321
31328
31332
31332
31337
31337
31338
31341
31343
31345
31345
31346
31351
31373
31376
31378
31388
31391
31393
31394
31403
31406
31410
31413
31415
31416
31416
31416
31416
31419
31426
31432
31436
31438
31440
31442
31442
31442
31444
31449
31452
31459
31461
31471
31472
31473
31484
31484
31487
31487
31496
31503
31507
31511
31514
31514
31516
31520
31520
31528
31529
31534
31538
31540
31540
31541
31543
31545
31549
31550
31555
31560
31562
31562
31564
31567
31569
31579
31580
31582
31584
31595
31599
31599
31601
31601
31605
31608
31609
31611
31617
31628
31632
31637
31642
31642
31645
31647
31661
31684
31691
31694
31699
31706
31708
31712
31713
31721
31724
31729
31732
31735
31738
31749
31753
31757
31757
31758
31762
31763
31764
31766
31774
31774
31774
31775
31785
31786
31790
31806
31808
31816
31816
31820
31824
31824
31831
31836
31839
31839
31847
31857
31859
31859
31863
31865
31866
31867
31867
31873
31875
31875
31877
31881
31883
31885
31891
31891
31898
31903
31904
31904
31906
31906
31915
31917
31922
31936
31941
31950
31951
31959
31965
31968
31980
31980
31982
31984
31985
31991
31993
32006
32010
32011
32012
32022
32031
32032
32041
32048
32051
32053
32073
32080
32081
32081
32082
32083
32085
32093
32095
32102
32103
32108
32110
32112
32115
32116
32124
32125
32129
32130
32131
32132
32140
32145
32146
32148
32156
32159
32166
32169
32172
32173
32177
32178
32179
32180
32180
32186
32186
32188
32192
32200
32207
32208
32211
32212
32217
32225
32228
32229
32232
32235
32236
32243
32246
32249
32252
32256
32258
32270
32274
32285
32286
32286
32288
32304
32305
32306
32320
32325
32330
32331
32338
32341
32348
32359
32363
32366
32368
32368
32378
32381
32385
32387
32396
32398
32402
32404
32406
32410
32414
32423
32428
32433
32439
32440
32452
32456
32456
32458
32458
32459
32461
32463
32463
32468
32471
32476
32477
32481
32484
32490
32491
32502
32504
32505
32506
32506
32506
32507
32508
32510
32510
32520
32524
32525
32526
32528
32529
32530
32535
32536
32540
32540
32544
32547
32557
32560
32560
32565
32566
32569
32587
32593
32595
32596
32610
32621
32623
32624
32626
32627
32628
32633
32634
32637
32645
32646
32647
32650
32650
32657
32668
32668
32668
32683
32686
32692
32695
32697
32707
32707
32719
32720
32723
32726
32726
32731
32732
32734
32735
32740
32742
32743
32749
32752
32755
32760
32764
32764
