8
13
13
29
32
39
44
56
60
66
70
71
78
89
94
94
98
102
102
111
112
112
116
120
120
130
132
138
145
150
162
185
186
191
198
199
203
209
213
213
216
229
232
233
238
242
248
250
252
265
268
270
289
310
310
326
330
331
336
352
353
355
356
362
365
377
381
384
384
384
397
397
412
433
434
440
442
448
449
451
456
469
475
477
483
483
487
488
489
491
494
502
505
508
512
523
525
526
531
534
538
540
544
546
559
569
576
580
581
595
597
601
606
614
616
617
620
637
639
647
655
667
668
686
688
690
692
694
698
707
709
717
719
719
736
737
744
751
751
764
765
771
774
778
780
789
792
793
794
801
805
809
814
822
823
825
827
827
844
845
848
860
870
875
883
889
891
901
906
906
914
914
916
923
926
930
930
938
945
946
947
962
962
980
990
996
998
998
1014
1019
1023
1029
1030
1043
1047
1049
1055
1057
1058
1062
1077
1079
1080
1087
1087
1087
1097
1102
1102
1104
1118
1136
1145
1145
1150
1150
1153
1161
1161
1166
1168
1172
1180
1183
1190
1194
1195
1195
1202
1204
1213
1218
1220
1227
1227
1231
1232
1237
1237
1239
1243
1249
1253
1263
1267
1273
1284
1284
1295
1295
1298
1299
1306
1327
1331
1344
1354
1355
1359
1365
1381
1386
1389
1392
1395
1396
1396
1396
1400
1402
1402
1403
1416
1419
1426
1428
1429
1432
1435
1442
1458
1468
1468
1469
1471
1471
1473
1494
1496
1496
1504
1517
1524
1525
1532
1538
1542
1545
1547
1556
1561
1567
1567
1576
1582
1589
1592
1593
1597
1601
1601
1616
1632
1635
1637
1645
1649
1653
1660
1680
1688
1691
1691
1691
1696
1708
1709
1717
1725
1726
1728
1737
1755
1760
1764
1766
1766
1768
1776
1786
1787
1791
1799
1801
1806
1807
1808
1823
1834
1835
1835
1837
1840
1842
1853
1865
1866
1871
1877
1889
1896
1896
1898
1898
1900
1901
1901
1907
1909
1911
1915
1917
1917
1918
1919
1927
1927
1931
1941
1944
1952
1964
1968
1968
1970
1970
1984
1993
1994
1998
2001
2007
2011
2013
2013
2016
2017
2018
2027
2037
2055
2056
2075
2086
2091
2091
2095
2099
2108
2119
2123
2126
2130
2130
2131
2135
2140
2144
2144
2148
2155
2156
2156
2158
2160
2161
2180
2182
2183
2189
2209
2214
2215
2216
2223
2226
2226
2230
2240
2242
2255
2261
2273
2275
2281
2293
2293
2294
2306
2307
2316
2316
2319
2319
2320
2321
2324
2327
2328
2338
2351
2372
2375
2382
2382
2385
2387
2388
2390
2396
2398
2406
2408
2420
2427
2433
2440
2442
2446
2448
2452
2453
2453
2467
2469
2474
2507
2519
2530
2535
2535
2558
2570
2574
2592
2604
2610
2619
2620
2631
2637
2638
2639
2655
2656
2663
2670
2676
2679
2679
2680
2686
2693
2704
2708
2715
2716
2717
2718
2728
2729
2731
2733
2734
2739
2740
2741
2744
2752
2757
2757
2758
2761
2763
2770
2776
2779
2785
2788
2789
2790
2799
2821
2825
2836
2840
2847
2850
2851
2852
2854
2857
2866
2872
2877
2879
2884
2893
2894
2910
2917
2922
2925
2929
2933
2940
2941
2943
2945
2949
2956
2966
2967
2969
2969
2975
2977
2978
2981
2982
2982
2989
2997
3003
3007
3008
3014
3020
3022
3023
3023
3033
3036
3036
3036
3047
3059
3065
3068
3081
3088
3088
3105
3111
3112
3122
3130
3132
3145
3155
3157
3169
3173
3182
3183
3188
3188
3197
3200
3205
3207
3212
3215
3216
3226
3235
3236
3237
3237
3238
3239
3241
3247
3252
3256
3257
3261
3262
3277
3279
3284
3290
3297
3312
3327
3337
3347
3355
3357
3359
3363
3368
3368
3383
3383
3395
3398
3401
3417
3419
3425
3432
3433
3438
3438
3441
3446
3459
3474
3476
3482
3494
3494
3497
3504
3504
3513
3513
3517
3518
3521
3522
3523
3528
3534
3535
3547
3549
3551
3559
3562
3566
3567
3568
3573
3579
3584
3589
3596
3598
3600
3609
3609
3620
3625
3629
3631
3636
3644
3651
3651
3658
3662
3665
3666
3667
3668
3674
3674
3675
3683
3684
3684
3686
3687
3693
3693
3699
3700
3701
3701
3710
3710
3722
3731
3742
3743
3745
3751
3755
3756
3757
3764
3771
3771
3775
3782
3787
3808
3816
3818
3823
3825
3827
3829
3829
3830
3833
3849
3854
3861
3874
3879
3881
3885
3896
3896
3897
3901
3906
3914
3917
3923
3925
3946
3954
3955
3961
3963
3973
3990
3992
3992
3999
4000
4006
4009
4012
4013
4013
4017
4019
4026
4037
4068
4074
4076
4078
4078
4080
4088
4097
4105
4109
4109
4126
4130
4133
4136
4147
4150
4151
4151
4152
4156
4158
4162
4166
4179
4184
4190
4192
4193
4194
4194
4196
4200
4205
4206
4206
4207
4214
4218
4218
4222
4224
4224
4238
4240
4243
4250
4251
4253
4274
4288
4291
4293
4296
4296
4311
4311
4330
4332
4339
4357
4357
4358
4360
4365
4371
4375
4377
4381
4384
4389
4422
4424
4432
4433
4440
4440
4450
4458
4461
4465
4466
4468
4468
4468
4470
4470
4470
4476
4482
4486
4489
4503
4503
4509
4516
4519
4525
4526
4529
4540
4542
4556
4575
4576
4587
4589
4599
4602
4606
4609
4612
4625
4634
4637
4641
4641
4642
4648
4649
4662
4663
4666
4679
4683
4685
4687
4691
4708
4708
4712
4715
4718
4718
4727
4728
4731
4732
4736
4740
4743
4746
4755
4756
4777
4787
4792
4807
4808
4821
4826
4827
4828
4828
4830
4832
4832
4834
4836
4848
4850
4857
4864
4867
4868
4869
4878
4878
4883
4884
4897
4900
4903
4903
4908
4914
4917
4926
4929
4939
4940
4945
4949
4956
4965
4965
4974
4979
4987
4990
4992
4999
4999
4999
5000
5004
5007
5009
5009
5012
5013
5014
5026
5028
5036
5046
5092
5097
5116
5121
5124
5124
5130
5133
5133
5137
5139
5141
5142
5151
5152
5153
5156
5159
5170
5173
5181
5185
5186
5189
5205
5214
5217
5232
5232
5237
5238
5250
5253
5256
5271
5275
5276
5280
5285
5296
5299
5308
5309
5322
5325
5329
5330
5332
5337
5340
5341
5343
5347
5356
5358
5360
5367
5381
5381
5383
5386
5387
5388
5388
5390
5390
5391
5395
5398
5401
5403
5405
5414
5416
5416
5419
5421
5428
5440
5458
5472
5473
5474
5480
5493
5500
5502
5511
5514
5526
5533
5542
5542
5553
5556
5572
5577
5589
5598
5605
5607
5621
5625
5626
5630
5638
5639
5640
5643
5644
5646
5660
5662
5664
5666
5667
5668
5669
5669
5670
5671
5675
5679
5687
5688
5703
5719
5730
5731
5737
5742
5744
5747
5752
5756
5763
5765
5777
5780
5781
5782
5789
5789
5795
5799
5815
5817
5820
5824
5824
5830
5831
5834
5835
5837
5838
5852
5859
5867
5867
5871
5872
5873
5874
5884
5899
5908
5911
5918
5918
5925
5928
5931
5932
5936
5937
5937
5948
5950
5958
5958
5958
5965
5969
5978
5984
5988
5988
6009
6010
6015
6016
6021
6022
6050
6051
6051
6053
6053
6054
6063
6065
6071
6071
6074
6084
6089
6091
6092
6102
6115
6121
6121
6123
6126
6131
6136
6138
6152
6153
6164
6165
6166
6167
6172
6172
6173
6175
6175
6179
6180
6189
6196
6220
6222
6222
6229
6233
6245
6264
6271
6278
6293
6296
6306
6310
6315
6315
6319
6323
6325
6330
6331
6333
6338
6339
6343
6356
6360
6362
6376
6382
6388
6388
6393
6398
6398
6405
6407
6411
6414
6424
6426
6435
6436
6436
6440
6440
6469
6475
6475
6485
6487
6489
6489
6490
6490
6497
6509
6511
6518
6524
6529
6529
6536
6538
6539
6546
6552
6558
6560
6562
6562
6569
6571
6602
6605
6611
6621
6623
6635
6640
6651
6659
6660
6667
6670
6672
6673
6673
6676
6676
6679
6689
6722
6728
6732
6741
6745
6749
6751
6763
6765
6771
6778
6778
6780
6790
6793
6799
6799
6802
6803
6806
6809
6818
6827
6828
6833
6835
6836
6840
6845
6855
6856
6858
6860
6860
6863
6869
6874
6878
6885
6887
6890
6890
6894
6894
6895
6899
6901
6907
6921
6921
6924
6926
6932
6933
6935
6936
6937
6938
6953
6953
6953
6955
6956
6958
6961
6973
6975
6976
6977
6979
6982
6990
6993
6993
6995
7004
7016
7017
7017
7022
7028
7036
7037
7040
7041
7044
7044
7053
7053
7054
7063
7065
7066
7074
7074
7088
7090
7092
7100
7104
7105
7121
7130
7134
7134
7138
7141
7146
7151
7152
7157
7167
7169
7170
7176
7177
7177
7181
7181
7185
7190
7198
7200
7211
7211
7211
7217
7218
7239
7243
7245
7251
7255
7260
7262
7268
7271
7282
7285
7296
7297
7300
7309
7310
7311
7315
7316
7323
7324
7327
7335
7336
7339
7345
7348
7352
7357
7366
7370
7373
7375
7378
7380
7380
7382
7385
7387
7393
7394
7394
7398
7398
7406
7417
7417
7419
7421
7425
7427
7427
7432
7436
7441
7441
7445
7449
7454
7457
7466
7469
7472
7474
7477
7484
7485
7490
7491
7492
7499
7512
7517
7518
7533
7550
7551
7555
7555
7562
7563
7567
7569
7578
7579
7581
7587
7593
7595
7599
7599
7604
7613
7614
7621
7621
7621
7624
7625
7626
7626
7631
7635
7640
7646
7650
7651
7657
7668
7674
7682
7684
7689
7703
7704
7709
7710
7720
7723
7727
7728
7730
7731
7732
7733
7743
7745
7752
7753
7756
7758
7764
7765
7770
7781
7782
7784
7784
7788
7796
7801
7817
7819
7831
7851
7860
7861
7867
7881
7884
7899
7900
7901
7902
7902
7907
7909
7912
7913
7920
7927
7930
7940
7942
7944
7945
7958
7963
7966
7973
7983
7986
7996
7998
8004
8005
8019
8021
8032
8035
8036
8037
8037
8041
8042
8042
8043
8044
8050
8057
8060
8060
8071
8081
8083
8090
8091
8095
8098
8107
8109
8114
8125
8126
8127
8132
8141
8144
8151
8151
8152
8155
8158
8159
8159
8162
8163
8170
8177
8181
8184
8184
8187
8187
8188
8191
8196
8198
8199
8216
8218
8222
8226
8235
8239
8245
8251
8279
8285
8285
8286
8287
8287
8287
8291
8292
8297
8304
8319
8326
8339
8340
8347
8364
8370
8374
8381
8383
8388
8395
8403
8406
8415
8417
8418
8425
8434
8435
8436
8437
8453
8453
8454
8455
8455
8464
8468
8470
8472
8480
8487
8490
8494
8495
8499
8505
8513
8514
8523
8524
8525
8528
8533
8536
8539
8541
8564
8570
8572
8576
8577
8602
8603
8609
8617
8621
8642
8643
8656
8661
8661
8662
8666
8667
8669
8674
8676
8677
8678
8680
8698
8703
8713
8722
8727
8729
8738
8739
8740
8745
8757
8759
8766
8768
8770
8771
8772
8778
8782
8793
8794
8799
8805
8807
8816
8822
8823
8825
8828
8835
8837
8839
8839
8841
8846
8858
8859
8862
8867
8867
8870
8870
8879
8879
8897
8899
8913
8913
8920
8923
8923
8927
8937
8940
8944
8950
8952
8954
8958
8958
8959
8959
8961
8963
8967
8969
8973
8985
8991
8996
8998
8998
9000
9001
9003
9003
9006
9014
9014
9016
9018
9018
9020
9021
9021
9024
9028
9032
9038
9039
9042
9042
9044
9046
9047
9048
9048
9065
9067
9069
9072
9076
9078
9081
9087
9090
9090
9091
9098
9108
9110
9120
9120
9133
9134
9142
9146
9146
9149
9150
9152
9155
9167
9170
9172
9176
9177
9180
9186
9196
9198
9203
9204
9212
9217
9222
9223
9224
9234
9234
9242
9243
9254
9262
9263
9272
9275
9275
9283
9291
9303
9318
9320
9323
9325
9331
9331
9336
9345
9345
9346
9349
9349
9375
9377
9380
9381
9391
9391
9392
9392
9392
9396
9397
9398
9403
9404
9405
9414
9425
9441
9443
9454
9459
9459
9460
9469
9481
9484
9488
9494
9498
9505
9505
9508
9512
9515
9525
9532
9538
9544
9545
9548
9550
9553
9556
9558
9559
9566
9571
9572
9572
9572
9575
9581
9597
9603
9605
9617
9643
9647
9651
9651
9657
9658
9662
9669
9670
9674
9680
9684
9686
9687
9693
9697
9698
9710
9715
9719
9726
9732
9735
9737
9740
9745
9749
9781
9782
9785
9786
9789
9793
9801
9804
9809
9836
9836
9847
9848
9855
9862
9869
9876
9878
9879
9882
9884
9903
9905
9906
9925
9930
9930
9935
9938
9939
9939
9942
9945
9960
9963
9966
9967
9967
9979
9984
9984
9985
9989
9994
9995
9998
10002
10011
10011
10023
10026
10027
10031
10032
10038
10048
10048
10050
10057
10058
10060
10065
10079
10082
10088
10089
10089
10097
10098
10100
10104
10106
10107
10112
10121
10122
10124
10125
10126
10130
10132
10133
10134
10135
10137
10148
10164
10168
10170
10183
10184
10186
10200
10204
10205
10206
10209
10212
10216
10217
10220
10231
10248
10248
10261
10263
10269
10271
10272
10280
10287
10295
10303
10304
10305
10318
10320
10322
10326
10333
10339
10340
10341
10344
10349
10352
10357
10359
10361
10362
10368
10374
10394
10399
10407
10418
10419
10420
10423
10433
10442
10454
10458
10463
10482
10483
10505
10507
10509
10509
10512
10514
10515
10522
10525
10529
10537
10542
10544
10553
10567
10568
10570
10575
10576
10580
10583
10591
10602
10605
10609
10619
10619
10629
10636
10637
10640
10641
10642
10643
10643
10643
10649
10660
10662
10665
10665
10669
10684
10685
10686
10687
10691
10693
10694
10711
10711
10712
10722
10723
10726
10726
10731
10733
10736
10737
10740
10746
10750
10753
10760
10765
10767
10770
10773
10776
10782
10798
10803
10810
10813
10815
10820
10822
10829
10829
10835
10844
10853
10861
10864
10871
10882
10884
10886
10886
10902
10902
10905
10909
10917
10920
10922
10925
10926
10934
10939
10943
10964
10965
10967
10972
10975
10975
10979
10982
10984
10984
10988
10991
10993
10998
10998
11001
11002
11004
11006
11010
11027
11041
11041
11043
11044
11045
11049
11051
11051
11052
11063
11064
11068
11068
11071
11081
11081
11083
11089
11089
11092
11114
11120
11129
11137
11145
11147
11151
11152
11154
11157
11158
11163
11165
11165
11176
11179
11182
11184
11189
11203
11208
11234
11236
11236
11239
11241
11253
11255
11262
11262
11263
11278
11281
11282
11285
11287
11287
11291
11300
11301
11312
11313
11316
11317
11317
11317
11324
11325
11327
11329
11333
11348
11351
11352
11359
11359
11359
11364
11367
11375
11376
11377
11378
11380
11385
11385
11386
11388
11393
11407
11408
11410
11411
11429
11431
11437
11440
11442
11447
11449
11452
11453
11454
11462
11471
11471
11480
11483
11488
11494
11501
11502
11502
11503
11504
11505
11519
11522
11523
11526
11529
11531
11544
11547
11553
11557
11558
11560
11573
11577
11577
11588
11594
11596
11598
11613
11614
11622
11625
11636
11651
11655
11669
11670
11676
11691
11697
11711
11714
11715
11715
11722
11726
11729
11736
11737
11740
11743
11757
11758
11769
11773
11780
11781
11783
11784
11786
11792
11792
11796
11798
11810
11811
11816
11819
11819
11821
11824
11826
11836
11840
11841
11865
11871
11871
11875
11886
11891
11893
11900
11903
11906
11909
11914
11915
11922
11926
11926
11928
11928
11933
11935
11952
11953
11953
11958
11958
11965
11965
11969
11974
11975
11979
11981
11982
11986
11988
11990
11991
11993
11994
11996
12003
12004
12006
12009
12011
12013
12018
12030
12037
12039
12042
12045
12052
12054
12064
12074
12078
12090
12091
12098
12099
12103
12112
12112
12126
12127
12128
12128
12133
12134
12136
12142
12146
12159
12161
12163
12166
12170
12171
12171
12172
12173
12174
12181
12182
12183
12184
12184
12186
12190
12194
12212
12215
12217
12219
12226
12229
12235
12241
12242
12250
12262
12265
12268
12270
12271
12283
12285
12287
12304
12312
12313
12327
12338
12339
12340
12343
12355
12358
12363
12364
12369
12372
12372
12380
12385
12393
12403
12405
12406
12408
12421
12422
12424
12426
12426
12428
12431
12437
12449
12450
12462
12467
12469
12471
12474
12475
12484
12492
12510
12522
12530
12538
12542
12553
12562
12562
12565
12569
12588
12590
12590
12590
12592
12597
12601
12602
12605
12606
12611
12632
12637
12643
12651
12652
12656
12656
12657
12666
12672
12694
12696
12706
12708
12717
12724
12727
12730
12730
12734
12743
12756
12760
12761
12765
12766
12767
12769
12774
12787
12790
12792
12800
12800
12801
12818
12819
12819
12826
12834
12836
12851
12867
12870
12874
12875
12891
12893
12895
12909
12909
12925
12937
12938
12938
12940
12942
12943
12943
12948
12951
12955
12958
12965
12965
12966
12968
12970
12971
12973
12975
12989
12993
12999
13002
13003
13005
13007
13012
13018
13024
13025
13031
13032
13034
13035
13037
13042
13058
13059
13068
13075
13079
13080
13081
13081
13082
13082
13086
13092
13095
13112
13117
13125
13134
13137
13137
13139
13142
13153
13155
13160
13165
13177
13184
13185
13203
13208
13216
13218
13226
13232
13234
13245
13248
13249
13252
13254
13254
13255
13257
13275
13275
13276
13276
13280
13286
13287
13288
13291
13296
13299
13302
13306
13310
13313
13330
13333
13333
13336
13338
13355
13360
13363
13376
13376
13376
13377
13408
13409
13409
13410
13413
13417
13418
13419
13436
13441
13442
13458
13459
13460
13461
13461
13463
13469
13470
13487
13493
13498
13507
13507
13510
13512
13520
13526
13527
13528
13528
13529
13531
13532
13533
13552
13554
13558
13558
13563
13565
13569
13574
13585
13590
13594
13594
13595
13595
13603
13605
13605
13608
13609
13616
13627
13639
13640
13641
13641
13645
13648
13649
13650
13651
13652
13655
13662
13679
13682
13688
13689
13696
13698
13712
13714
13721
13726
13732
13734
13741
13743
13746
13754
13757
13763
13768
13779
13782
13789
13794
13794
13795
13807
13810
13811
13812
13812
13816
13817
13826
13829
13831
13832
13846
13847
13850
13852
13855
13859
13863
13867
13872
13872
13876
13878
13878
13883
13888
13896
13904
13905
13913
13914
13929
13945
13945
13950
13960
13964
13972
13977
13983
13991
13998
14000
14002
14008
14012
14021
14032
14036
14048
14050
14051
14057
14062
14076
14081
14087
14103
14114
14117
14120
14121
14123
14124
14128
14129
14129
14134
14146
14151
14157
14160
14165
14167
14172
14173
14175
14179
14180
14188
14189
14193
14199
14200
14212
14212
14213
14215
14218
14225
14225
14238
14239
14245
14249
14258
14262
14273
14285
14292
14299
14300
14303
14304
14304
14304
14311
14313
14315
14323
14327
14330
14339
14347
14353
14353
14356
14370
14376
14382
14394
14397
14402
14404
14410
14417
14418
14422
14424
14430
14441
14450
14453
14456
14457
14458
14481
14487
14499
14501
14507
14518
14519
14523
14526
14529
14536
14545
14556
14560
14571
14575
14576
14577
14583
14585
14588
14590
14591
14595
14598
14600
14602
14606
14607
14620
14621
14623
14625
14631
14637
14640
14642
14642
14645
14646
14652
14652
14654
14655
14666
14669
14672
14673
14674
14680
14686
14690
14703
14706
14706
14707
14710
14712
14721
14722
14746
14750
14756
14767
14772
14774
14777
14789
14797
14802
14815
14823
14827
14835
14854
14860
14861
14868
14870
14871
14872
14874
14880
14884
14887
14890
14901
14901
14917
14919
14930
14936
14947
14948
14949
14964
14971
14976
14982
14991
14994
14994
14995
14995
14996
15005
15005
15006
15024
15028
15036
15039
15041
15050
15056
15058
15059
15062
15066
15067
15071
15071
15073
15082
15088
15100
15112
15117
15118
15125
15130
15139
15146
15150
15150
15157
15160
15165
15166
15180
15186
15195
15200
15200
15201
15203
15206
15209
15210
15211
15211
15216
15222
15223
15227
15232
15235
15236
15239
15240
15245
15245
15248
15255
15264
15267
15280
15281
15288
15289
15292
15295
15295
15304
15313
15314
15320
15337
15338
15338
15345
15348
15361
15367
15371
15376
15399
15401
15411
15414
15416
15418
15425
15440
15440
15451
15452
15453
15453
15460
15464
15468
15482
15483
15485
15495
15497
15497
15498
15508
15511
15515
15519
15524
15524
15527
15531
15532
15533
15543
15543
15545
15549
15550
15559
15563
15567
15568
15570
15580
15584
15588
15593
15599
15603
15617
15618
15621
15624
15631
15631
15636
15637
15640
15646
15648
15657
15664
15665
15671
15679
15680
15682
15684
15689
15693
15694
15697
15705
15706
15716
15718
15722
15724
15727
15736
15742
15757
15769
15771
15778
15787
15794
15800
15801
15816
15822
15823
15831
15844
15846
15848
15850
15853
15865
15866
15874
15883
15884
15887
15892
15897
15900
15909
15912
15919
15920
15925
15935
15935
15935
15936
15940
15950
15951
15953
15955
15955
15964
15969
15969
15972
15972
15979
15984
15987
15991
15996
15999
16004
16010
16012
16025
16026
16033
16037
16039
16044
16051
16051
16060
16064
16082
16082
16087
16087
16113
16113
16121
16125
16135
16136
16142
16147
16160
16161
16165
16166
16167
16172
16178
16180
16185
16188
16190
16192
16216
16222
16223
16227
16229
16234
16234
16235
16242
16242
16244
16244
16247
16248
16248
16254
16256
16260
16266
16269
16289
16295
16297
16300
16302
16307
16312
16312
16321
16323
16326
16332
16342
16348
16351
16354
16361
16364
16373
16375
16376
16384
16387
16388
16391
16402
16406
16410
16421
16445
16457
16458
16465
16466
16477
16484
16486
16503
16504
16505
16507
16520
16521
16521
16521
16523
16526
16527
16532
16540
16540
16540
16545
16546
16547
16549
16554
16555
16559
16563
16567
16570
16572
16574
16578
16580
16589
16597
16603
16605
16607
16611
16619
16625
16632
16632
16634
16645
16646
16648
16648
16649
16652
16653
16661
16663
16668
16668
16674
16679
16680
16680
16682
16683
16689
16690
16696
16701
16702
16706
16708
16711
16712
16722
16723
16725
16725
16727
16751
16755
16758
16759
16759
16765
16771
16776
16781
16784
16793
16796
16796
16797
16799
16801
16802
16803
16807
16807
16813
16816
16821
16824
16829
16832
16843
16853
16856
16867
16867
16873
16878
16879
16883
16887
16892
16892
16897
16899
16900
16914
16918
16919
16921
16928
16929
16934
16935
16937
16943
16949
16951
16958
16959
16960
16969
16978
16982
16984
16986
16992
16994
16996
16998
17004
17011
17017
17022
17030
17047
17054
17055
17056
17058
17059
17063
17065
17067
17074
17080
17083
17094
17097
17102
17107
17108
17116
17116
17130
17130
17142
17155
17159
17159
17161
17165
17172
17173
17174
17180
17180
17184
17185
17188
17198
17204
17213
17214
17216
17226
17240
17248
17252
17254
17255
17256
17257
17262
17263
17263
17270
17270
17273
17285
17286
17286
17288
17289
17302
17307
17309
17309
17317
17326
17331
17335
17338
17339
17341
17341
17344
17347
17361
17363
17363
17376
17376
17381
17385
17391
17396
17398
17400
17408
17409
17411
17415
17416
17418
17432
17435
17438
17446
17447
17448
17451
17453
17457
17461
17461
17461
17464
17466
17468
17469
17481
17489
17492
17494
17496
17503
17512
17516
17516
17521
17521
17522
17524
17524
17525
17527
17527
17529
17532
17535
17538
17549
17549
17556
17558
17562
17566
17583
17588
17603
17609
17615
17618
17633
17634
17639
17640
17645
17648
17648
17651
17652
17655
17660
17661
17662
17665
17670
17672
17682
17685
17692
17708
17708
17717
17717
17718
17729
17730
17731
17734
17747
17757
17758
17763
17765
17766
17766
17768
17772
17777
17780
17782
17788
17790
17802
17803
17806
17808
17809
17810
17825
17826
17829
17841
17843
17855
17861
17863
17866
17879
17889
17899
17907
17909
17920
17926
17928
17929
17930
17938
17944
17944
17947
17950
17957
17962
17974
17975
17982
17985
17988
17989
17990
18001
18003
18003
18015
18018
18018
18019
18024
18037
18037
18041
18045
18046
18053
18054
18058
18069
18069
18075
18089
18091
18097
18112
18116
18117
18117
18120
18127
18128
18133
18138
18142
18147
18148
18152
18162
18168
18176
18183
18184
18187
18194
18194
18195
18197
18212
18219
18219
18221
18225
18231
18233
18242
18243
18245
18249
18259
18268
18274
18279
18292
18296
18297
18305
18314
18325
18329
18331
18337
18341
18344
18347
18366
18381
18387
18390
18395
18399
18401
18402
18403
18408
18410
18415
18416
18420
18422
18422
18424
18428
18431
18431
18433
18433
18441
18441
18455
18462
18469
18474
18475
18483
18488
18489
18490
18516
18530
18531
18534
18534
18546
18547
18548
18553
18561
18568
18568
18570
18571
18571
18572
18576
18579
18580
18581
18588
18588
18593
18600
18604
18611
18613
18616
18634
18636
18641
18648
18650
18650
18660
18667
18674
18682
18685
18688
18693
18694
18700
18707
18709
18709
18716
18718
18723
18726
18727
18728
18728
18737
18742
18743
18746
18747
18762
18768
18783
18785
18787
18799
18811
18813
18819
18830
18833
18834
18834
18835
18843
18849
18858
18858
18866
18866
18867
18871
18881
18884
18889
18895
18895
18895
18896
18903
18910
18914
18940
18943
18948
18952
18952
18955
18959
18962
18962
18966
18967
18980
18993
18999
19000
19018
19020
19032
19034
19035
19039
19043
19043
19045
19048
19054
19054
19056
19061
19068
19070
19071
19075
19080
19081
19084
19090
19092
19097
19099
19103
19104
19105
19107
19109
19110
19113
19132
19132
19135
19135
19143
19148
19153
19158
19161
19165
19168
19169
19170
19176
19180
19181
19188
19189
19195
19202
19210
19211
19211
19214
19214
19230
19235
19237
19247
19250
19251
19258
19262
19269
19272
19275
19279
19283
19285
19298
19301
19305
19308
19308
19308
19312
19314
19320
19324
19327
19339
19342
19349
19356
19364
19366
19376
19379
19380
19380
19384
19387
19393
19393
19402
19405
19407
19410
19411
19414
19415
19417
19427
19436
19437
19437
19444
19449
19451
19453
19454
19458
19468
19476
19487
19500
19502
19504
19505
19506
19509
19515
19523
19535
19548
19558
19568
19570
19571
19576
19585
19587
19590
19590
19596
19603
19614
19638
19666
19667
19686
19687
19690
19691
19692
19694
19717
19717
19720
19731
19733
19733
19739
19743
19743
19747
19753
19755
19758
19769
19772
19772
19776
19777
19784
19784
19785
19796
19798
19806
19812
19819
19822
19827
19834
19845
19846
19849
19862
19863
19866
19872
19875
19875
19887
19889
19890
19897
19898
19903
19905
19909
19912
19921
19923
19938
19941
19947
19954
19957
19961
19961
19963
19970
19973
19980
19986
19988
20008
20009
20009
20018
20021
20022
20030
20035
20038
20043
20056
20056
20057
20058
20058
20062
20078
20082
20085
20095
20101
20104
20104
20107
20111
20125
20127
20129
20132
20133
20133
20159
20162
20163
20172
20175
20180
20181
20182
20183
20185
20188
20199
20204
20212
20215
20218
20229
20232
20240
20243
20243
20245
20253
20258
20258
20258
20260
20262
20267
20273
20277
20278
20282
20283
20284
20287
20288
20290
20294
20295
20318
20320
20321
20322
20339
20342
20361
20364
20366
20370
20372
20384
20391
20400
20401
20402
20412
20413
20416
20423
20427
20430
20431
20444
20444
20449
20450
20451
20462
20466
20470
20471
20474
20479
20482
20487
20499
20499
20519
20519
20520
20538
20541
20542
20545
20546
20546
20552
20556
20558
20564
20566
20567
20570
20571
20572
20583
20588
20597
20604
20610
20618
20626
20632
20639
20640
20641
20646
20647
20657
20659
20672
20678
20682
20687
20693
20694
20697
20702
20703
20709
20719
20720
20725
20725
20727
20743
20748
20753
20754
20754
20760
20760
20761
20765
20769
20779
20786
20791
20794
20799
20803
20809
20810
20814
20822
20829
20830
20834
20836
20840
20842
20845
20847
20848
20849
20849
20856
20863
20869
20882
20888
20889
20890
20891
20893
20896
20897
20898
20898
20902
20904
20905
20909
20918
20920
20924
20924
20927
20930
20935
20937
20943
20943
20945
20951
20954
20960
20960
20961
21014
21015
21018
21026
21034
21038
21038
21044
21051
21055
21056
21061
21062
21075
21079
21080
21082
21088
21089
21098
21099
21101
21103
21103
21108
21111
21111
21114
21117
21121
21122
21149
21151
21159
21159
21161
21174
21174
21178
21179
21182
21194
21199
21201
21206
21208
21210
21212
21215
21219
21220
21223
21231
21235
21235
21236
21238
21250
21257
21263
21266
21274
21277
21278
21284
21288
21293
21297
21304
21306
21308
21310
21312
21313
21317
21318
21321
21327
21328
21343
21345
21348
21348
21352
21353
21357
21362
21366
21371
21373
21394
21400
21400
21404
21414
21414
21421
21429
21437
21441
21448
21452
21453
21454
21456
21461
21467
21471
21473
21479
21488
21490
21494
21495
21504
21516
21520
21521
21528
21534
21539
21549
21554
21563
21567
21571
21572
21576
21586
21586
21593
21595
21603
21608
21609
21611
21611
21612
21619
21629
21630
21630
21631
21634
21641
21662
21665
21673
21677
21683
21683
21690
21692
21694
21702
21704
21706
21719
21722
21723
21728
21741
21742
21746
21749
21751
21753
21754
21755
21757
21765
21769
21770
21774
21798
21806
21806
21814
21826
21828
21833
21834
21836
21840
21841
21844
21847
21849
21858
21861
21863
21864
21870
21877
21882
21884
21917
21925
21934
21935
21936
21942
21944
21945
21953
21960
21961
21961
21966
21967
21975
21983
21985
21998
22003
22014
22018
22023
22025
22030
22036
22048
22049
22052
22054
22058
22060
22065
22067
22072
22075
22090
22101
22103
22105
22111
22116
22122
22126
22135
22140
22142
22144
22146
22148
22148
22153
22154
22154
22161
22164
22167
22168
22171
22185
22186
22195
22196
22201
22203
22205
22221
22223
22223
22227
22227
22232
22234
22234
22238
22241
22243
22252
22254
22254
22263
22266
22287
22287
22287
22295
22308
22318
22320
22322
22329
22335
22342
22344
22363
22368
22368
22373
22375
22375
22375
22377
22383
22385
22387
22390
22392
22393
22397
22398
22406
22422
22430
22442
22447
22449
22450
22465
22489
22494
22495
22507
22513
22516
22516
22516
22516
22525
22527
22528
22542
22543
22549
22553
22554
22560
22564
22564
22565
22568
22569
22573
22574
22574
22587
22597
22614
22616
22621
22626
22627
22631
22637
22642
22648
22650
22651
22654
22660
22660
22661
22661
22662
22666
22668
22671
22679
22688
22697
22700
22702
22714
22717
22719
22720
22728
22731
22732
22733
22736
22743
22748
22752
22771
22775
22777
22779
22783
22784
22789
22794
22796
22805
22813
22814
22817
22829
22837
22846
22847
22861
22870
22872
22873
22874
22878
22886
22890
22894
22908
22910
22917
22923
22928
22929
22934
22935
22938
22943
22945
22946
22951
22955
22956
22964
22965
22971
22974
22985
22985
22989
23005
23019
23035
23036
23040
23043
23047
23054
23057
23071
23074
23076
23078
23081
23082
23085
23085
23086
23087
23088
23088
23089
23098
23103
23104
23104
23106
23107
23108
23112
23112
23114
23118
23119
23120
23122
23123
23134
23148
23151
23153
23168
23170
23174
23179
23184
23192
23193
23198
23201
23202
23204
23206
23214
23220
23221
23241
23243
23243
23249
23252
23264
23270
23281
23287
23289
23290
23291
23291
23294
23298
23304
23312
23318
23325
23327
23328
23335
23336
23341
23342
23350
23353
23362
23375
23377
23379
23384
23392
23396
23400
23401
23409
23412
23415
23416
23419
23420
23426
23449
23453
23456
23456
23459
23468
23469
23471
23477
23483
23483
23486
23487
23490
23490
23496
23497
23508
23509
23510
23518
23537
23538
23567
23571
23572
23584
23589
23599
23617
23618
23625
23628
23636
23639
23645
23649
23652
23659
23661
23672
23673
23683
23684
23692
23692
23695
23699
23700
23706
23708
23711
23722
23728
23732
23734
23741
23750
23752
23753
23754
23755
23762
23763
23767
23768
23773
23783
23784
23785
23787
23800
23800
23808
23826
23828
23828
23842
23843
23843
23844
23851
23852
23862
23864
23865
23866
23869
23876
23881
23882
23882
23883
23884
23885
23890
23891
23894
23895
23901
23906
23913
23914
23916
23920
23920
23938
23941
23941
23947
23956
23968
23978
23979
23983
23989
23991
23996
24006
24012
24013
24016
24024
24025
24027
24038
24039
24043
24045
24046
24054
24062
24068
24079
24080
24082
24090
24095
24110
24114
24125
24127
24133
24136
24144
24144
24152
24157
24160
24166
24167
24169
24171
24176
24176
24181
24189
24195
24195
24196
24198
24199
24204
24205
24205
24206
24219
24222
24222
24225
24232
24234
24244
24248
24249
24255
24267
24273
24284
24286
24290
24303
24304
24305
24307
24307
24311
24320
24333
24333
24335
24336
24339
24344
24350
24362
24364
24365
24379
24383
24389
24395
24398
24399
24404
24408
24411
24414
24416
24419
24421
24428
24432
24432
24436
24445
24445
24447
24452
24453
24461
24468
24474
24475
24478
24479
24480
24482
24484
24491
24494
24500
24502
24509
24513
24513
24513
24518
24519
24521
24528
24530
24531
24542
24543
24550
24552
24560
24587
24590
24593
24594
24602
24604
24605
24615
24621
24623
24627
24631
24636
24638
24638
24642
24642
24644
24654
24659
24662
24670
24677
24678
24681
24681
24682
24683
24683
24701
24702
24704
24711
24713
24714
24717
24738
24745
24746
24757
24760
24764
24777
24781
24781
24784
24794
24795
24798
24798
24800
24805
24819
24823
24825
24826
24827
24831
24835
24835
24840
24842
24846
24848
24850
24852
24852
24854
24855
24855
24869
24869
24876
24885
24885
24886
24897
24900
24905
24912
24915
24916
24918
24921
24923
24932
24934
24960
24968
24970
24974
24978
24997
25001
25014
25015
25017
25030
25043
25045
25046
25049
25050
25051
25053
25058
25060
25065
25067
25070
25070
25094
25095
25098
25103
25106
25116
25131
25133
25143
25145
25156
25158
25178
25178
25180
25194
25203
25207
25218
25219
25230
25237
25239
25250
25251
25255
25255
25256
25261
25268
25271
25273
25277
25277
25282
25301
25303
25307
25312
25313
25318
25329
25334
25340
25344
25345
25345
25346
25348
25349
25355
25356
25357
25361
25362
25377
25380
25383
25388
25388
25388
25388
25390
25392
25394
25406
25408
25409
25425
25432
25434
25439
25442
25444
25445
25445
25451
25460
25468
25471
25478
25479
25487
25491
25509
25519
25532
25536
25539
25549
25552
25554
25572
25573
25576
25578
25583
25584
25587
25603
25603
25608
25610
25611
25618
25620
25635
25640
25642
25644
25662
25669
25675
25682
25686
25703
25704
25708
25709
25716
25725
25727
25730
25747
25749
25753
25756
25771
25775
25786
25788
25792
25805
25806
25806
25808
25809
25814
25833
25836
25856
25862
25885
25887
25887
25890
25894
25898
25899
25901
25907
25910
25911
25917
25937
25937
25937
25947
25947
25952
25961
25962
25963
25964
25975
25975
25979
25984
25991
25996
26000
26001
26004
26005
26010
26018
26021
26026
26026
26031
26032
26033
26037
26042
26056
26056
26056
26060
26064
26066
26073
26074
26094
26094
26097
26100
26100
26107
26118
26124
26128
26131
26133
26136
26142
26148
26155
26161
26166
26167
26183
26185
26192
26194
26196
26202
26204
26206
26231
26233
26249
26257
26263
26270
26275
26280
26281
26285
26288
26291
26291
26305
26306
26308
26312
26319
26324
26325
26330
26334
26336
26348
26352
26355
26355
26362
26372
26379
26387
26398
26403
26408
26409
26410
26410
26415
26426
26430
26430
26435
26435
26439
26439
26440
26446
26460
26462
26469
26471
26475
26487
26499
26509
26509
26527
26539
26542
26543
26544
26544
26545
26557
26557
26559
26584
26588
26594
26597
26606
26613
26614
26617
26617
26618
26623
26626
26627
26629
26630
26633
26638
26639
26640
26645
26645
26656
26658
26658
26665
26666
26671
26679
26683
26690
26697
26698
26701
26704
26706
26707
26725
26729
26742
26743
26749
26749
26753
26755
26762
26781
26783
26784
26790
26794
26796
26800
26806
26809
26817
26824
26824
26831
26837
26837
26839
26842
26843
26845
26851
26853
26858
26862
26862
26863
26864
26864
26867
26869
26876
26885
26887
26890
26897
26897
26897
26899
26909
26917
26923
26931
26931
26932
26933
26936
26942
26946
26951
26953
26954
26959
26962
26966
26972
26975
26977
26987
26993
26996
26996
26996
27003
27003
27008
27010
27010
27020
27021
27024
27027
27044
27049
27053
27054
27056
27059
27066
27069
27075
27085
27091
27093
27094
27097
27100
27103
27105
27106
27133
27144
27150
27170
27173
27177
27182
27190
27196
27212
27212
27213
27213
27218
27221
27221
27224
27225
27240
27244
27244
27250
27255
27260
27261
27263
27275
27279
27282
27290
27291
27299
27300
27303
27305
27308
27317
27317
27319
27321
27321
27322
27322
27332
27334
27334
27341
27343
27344
27354
27357
27359
27363
27365
27373
27377
27384
27386
27387
27389
27390
27393
27407
27407
27412
27413
27414
27415
27423
27428
27430
27430
27439
27443
27458
27459
27459
27459
27460
27462
27464
27467
27484
27490
27492
27502
27502
27507
27507
27508
27512
27512
27517
27524
27540
27540
27543
27554
27555
27555
27558
27565
27566
27571
27572
27576
27577
27583
27600
27600
27602
27603
27607
27609
27609
27614
27615
27615
27622
27645
27651
27655
27657
27664
27668
27671
27671
27679
27681
27684
27687
27687
27693
27695
27709
27711
27713
27718
27720
27722
27742
27743
27759
27763
27764
27765
27767
27769
27775
27777
27780
27783
27787
27788
27793
27793
27828
27831
27833
27835
27835
27843
27847
27854
27862
27867
27869
27882
27885
27893
27895
27905
27914
27921
27922
27926
27931
27935
27937
27938
27941
27942
27943
27954
27956
27961
27965
27971
27972
27976
27980
27999
28003
28008
28012
28013
28016
28021
28023
28023
28042
28043
28054
28060
28072
28080
28081
28085
28088
28090
28091
28106
28115
28116
28121
28124
28125
28126
28139
28141
28146
28150
28150
28159
28166
28171
28175
28177
28178
28181
28184
28193
28194
28196
28206
28210
28225
28227
28230
28237
28238
28241
28244
28257
28259
28271
28273
28281
28283
28289
28290
28292
28293
28295
28307
28312
28316
28316
28317
28321
28325
28327
28330
28336
28339
28349
28351
28354
28358
28359
28361
28363
28364
28367
28369
28373
28383
28386
28387
28389
28389
28395
28397
28398
28401
28403
28404
28404
28406
28414
28416
28417
28435
28439
28444
28455
28460
28465
28475
28488
28491
28493
28496
28499
28501
28503
28517
28519
28524
28525
28526
28528
28531
28542
28544
28557
28557
28565
28574
28579
28585
28586
28587
28588
28611
28615
28621
28622
28622
28626
28628
28632
28648
28656
28665
28669
28669
28678
28681
28687
28690
28693
28701
28702
28704
28704
28709
28711
28712
28725
28735
28737
28742
28743
28752
28762
28765
28766
28769
28772
28777
28789
28794
28795
28798
28806
28810
28814
28815
28819
28822
28823
28825
28827
28831
28834
28835
28837
28838
28840
28842
28844
28847
28851
28853
28861
28865
28871
28871
28877
28880
28884
28884
28888
28894
28897
28899
28921
28930
28933
28940
28940
28942
28943
28945
28947
28950
28952
28953
28956
28968
28978
28979
28983
28984
28994
29001
29005
29008
29009
29013
29015
29023
29031
29043
29049
29052
29055
29057
29061
29064
29065
29081
29083
29084
29090
29110
29111
29112
29115
29122
29127
29129
29133
29141
29155
29157
29163
29176
29176
29190
29194
29197
29197
29204
29206
29211
29223
29227
29228
29230
29230
29236
29240
29240
29246
29249
29255
29256
29257
29264
29277
29277
29279
29305
29311
29312
29319
29319
29320
29322
29325
29328
29330
29334
29341
29343
29345
29349
29364
29371
29373
29373
29374
29374
29377
29384
29385
29385
29385
29390
29392
29392
29393
29394
29398
29426
29427
29432
29436
29441
29445
29446
29446
29448
29457
29459
29459
29469
29484
29508
29515
29518
29527
29532
29534
29542
29543
29546
29552
29554
29567
29569
29570
29582
29582
29584
29586
29588
29594
29594
29598
29601
29603
29605
29607
29607
29612
29613
29614
29616
29625
29626
29643
29644
29653
29656
29659
29661
29671
29676
29682
29684
29692
29698
29699
29700
29708
29709
29710
29714
29717
29718
29722
29729
29740
29742
29758
29760
29763
29764
29771
29783
29794
29802
29802
29819
29819
29822
29835
29849
29852
29857
29860
29866
29866
29873
29878
29886
29887
29889
29891
29894
29896
29900
29900
29907
29908
29910
29918
29920
29921
29923
29928
29931
29943
29946
29953
29953
29954
29954
29956
29963
29966
29966
29973
29974
29974
29974
29979
29981
29984
29991
30000
30004
30006
30008
30011
30014
30023
30024
30036
30041
30046
30046
30048
30056
30065
30070
30072
30075
30075
30076
30082
30087
30091
30091
30093
30100
30100
30102
30111
30112
30112
30112
30113
30113
30116
30129
30130
30133
30135
30138
30146
30158
30159
30168
30176
30185
30187
30188
30188
30198
30201
30205
30208
30218
30218
30219
30223
30224
30236
30270
30271
30276
30279
30279
30283
30283
30283
30293
30294
30301
30303
30313
30314
30320
30320
30326
30328
30330
30336
30338
30346
30353
30357
30361
30365
30368
30369
30369
30371
30386
30386
30387
30407
30408
30408
30411
30414
30415
30416
30430
30451
30452
30458
30460
30462
30463
30466
30478
30479
30482
30485
30485
30494
30498
30507
30507
30508
30509
30510
30512
30519
30523
30525
30528
30536
30536
30546
30551
30554
30556
30559
30559
30567
30570
30571
30572
30572
30575
30577
30585
30588
30589
30593
30595
30597
30611
30616
30622
30633
30635
30635
30657
30661
30661
30664
30670
30674
30676
30676
30687
30692
30699
30705
30712
30716
30719
30721
30722
30733
30737
30741
30742
30743
30744
30746
30751
30753
30753
30754
30754
30764
30778
30781
30783
30785
30786
30789
30790
30802
30805
30810
30815
30815
30817
30823
30825
30831
30839
30859
30869
30878
30880
30881
30881
30889
30890
30893
30893
30895
30899
30901
30903
30909
30917
30919
30919
30920
30920
30920
30926
30926
30935
30941
30945
30947
30947
30948
30954
30955
30964
30966
30980
30985
30985
30987
30988
30989
30995
30996
30997
30999
31005
31016
31019
31026
31028
31030
31032
31037
31041
31042
31045
31046
31046
31055
31055
31070
31083
31083
31086
31087
31095
31102
31106
31112
31141
31142
31143
31145
31145
31146
31152
31160
31161
31162
31164
31171
31172
31183
31186
31193
31193
31214
31217
31222
31233
31236
31236
31239
31241
31243
31253
31254
31257
31264
31264
31266
31269
31271
31288
31293
31297
31305
31306
31307
31317
31321
31323
31328
31329
31330
31332
31343
31351
31360
31360
31365
31373
31374
31378
31383
31384
31390
31399
31406
31408
31417
31418
31422
31435
31441
31441
31441
31442
31461
31464
31477
31483
31483
31493
31495
31500
31505
31510
31511
31514
31514
31517
31519
31520
31530
31541
31542
31542
31543
31545
31546
31548
31549
31551
31553
31558
31565
31569
31574
31575
31580
31584
31593
31594
31601
31603
31610
31618
31626
31628
31630
31630
31633
31635
31637
31638
31639
31645
31648
31653
31657
31665
31674
31675
31675
31679
31682
31682
31683
31687
31690
31694
31702
31703
31705
31705
31708
31713
31731
31739
31741
31749
31757
31758
31759
31761
31769
31773
31773
31775
31776
31783
31788
31795
31804
31810
31812
31829
31840
31842
31853
31865
31867
31868
31872
31872
31876
31885
31889
31890
31892
31907
31909
31914
31915
31924
31941
31948
31950
31951
31955
31960
31967
31971
31972
31975
31976
31978
31980
31988
32000
32008
32023
32024
32037
32044
32044
32047
32056
32066
32074
32077
32077
32086
32095
32096
32100
32104
32105
32105
32111
32118
32128
32128
32130
32131
32135
32137
32144
32162
32170
32172
32172
32173
32175
32177
32177
32180
32183
32186
32188
32190
32191
32194
32195
32206
32208
32224
32226
32232
32244
32246
32249
32251
32252
32259
32270
32277
32277
32282
32283
32286
32300
32310
32317
32320
32324
32326
32328
32331
32334
32335
32335
32342
32343
32344
32352
32356
32358
32359
32362
32362
32365
32371
32382
32389
32390
32391
32392
32398
32399
32412
32413
32414
32418
32422
32423
32424
32436
32439
32445
32446
32449
32452
32457
32459
32463
32464
32466
32469
32481
32484
32484
32499
32506
32519
32522
32524
32525
32530
32548
32553
32556
32558
32564
32579
32580
32582
32597
32599
32602
32604
32608
32610
32620
32620
32627
32629
32642
32645
32654
32655
32659
32663
32683
32687
32690
32694
32695
32701
32703
32704
32704
32706
32716
32722
32723
32725
32725
32726
32727
32728
32732
32734
32734
32741
32752
32759
32766
