2
42
49
67
83
85
98
156
178
185
186
196
205
206
228
230
237
240
259
284
291
294
328
371
378
399
419
437
452
456
460
467
485
502
503
511
512
514
531
536
589
600
603
639
644
653
711
726
790
801
804
816
820
825
835
846
854
855
867
888
892
897
914
935
950
972
980
996
997
1003
1016
1040
1041
1113
1117
1159
1166
1169
1176
1205
1232
1238
1239
1257
1276
1282
1305
1306
1315
1321
1322
1327
1337
1378
1382
1383
1404
1406
1422
1435
1442
1443
1452
1455
1464
1468
1471
1492
1501
1525
1526
1529
1579
1590
1591
1596
1607
1612
1630
1636
1641
1649
1650
1653
1666
1682
1682
1714
1735
1746
1782
1789
1803
1873
1876
1878
1926
1927
1945
1960
1973
1975
2024
2027
2039
2044
2052
2053
2104
2111
2117
2138
2148
2155
2156
2173
2217
2221
2261
2293
2306
2324
2336
2339
2341
2357
2378
2385
2385
2389
2400
2409
2431
2464
2480
2481
2505
2509
2526
2548
2609
2688
2698
2725
2725
2733
2734
2736
2779
2809
2843
2886
2930
2958
2968
2995
3000
3014
3015
3023
3029
3036
3081
3099
3105
3141
3146
3153
3161
3202
3222
3239
3256
3271
3280
3289
3292
3301
3306
3332
3336
3348
3360
3377
3395
3415
3416
3418
3440
3453
3482
3514
3544
3567
3582
3608
3630
3658
3663
3718
3731
3747
3747
3759
3780
3807
3818
3844
3849
3854
3870
3900
3911
3926
3928
3934
3942
3949
3958
4016
4017
4023
4046
4097
4101
4119
4135
4136
4143
4143
4147
4152
4153
4156
4169
4176
4182
4232
4261
4267
4272
4291
4304
4319
4343
4346
4362
4387
4394
4402
4435
4439
4474
4474
4479
4506
4539
4544
4612
4618
4647
4659
4687
4729
4754
4800
4802
4833
4839
4844
4853
4856
4859
4887
4912
4926
4966
4969
4980
4983
4989
4990
5005
5039
5045
5059
5090
5091
5114
5140
5140
5143
5144
5157
5192
5198
5202
5220
5231
5232
5237
5280
5314
5344
5365
5368
5370
5372
5411
5413
5416
5436
5447
5494
5511
5534
5538
5572
5617
5618
5621
5623
5632
5648
5654
5658
5688
5692
5692
5692
5698
5721
5735
5756
5780
5788
5792
5806
5808
5821
5833
5834
5858
5872
5876
5935
5949
5963
6021
6025
6030
6033
6037
6056
6061
6071
6088
6092
6116
6122
6131
6131
6144
6179
6200
6236
6268
6288
6331
6335
6346
6352
6352
6366
6383
6403
6409
6415
6439
6452
6457
6494
6498
6508
6518
6518
6542
6578
6594
6612
6631
6653
6672
6673
6687
6709
6742
6789
6800
6815
6834
6846
6857
6894
6911
6957
6960
6984
6988
6990
7008
7029
7044
7082
7087
7124
7140
7148
7150
7153
7158
7205
7239
7247
7281
7282
7339
7339
7364
7376
7387
7399
7402
7430
7435
7458
7472
7487
7514
7526
7626
7650
7673
7686
7703
7703
7742
7760
7770
7785
7815
7820
7824
7831
7841
7860
7937
7963
7963
7981
7999
8003
8031
8046
8061
8074
8150
8162
8219
8234
8235
8241
8250
8281
8281
8315
8359
8402
8442
8492
8509
8510
8517
8534
8568
8597
8626
8628
8637
8638
8674
8714
8728
8767
8773
8788
8804
8806
8831
8852
8889
8904
8929
8935
8937
8958
9000
9025
9029
9060
9084
9115
9126
9141
9150
9152
9156
9161
9171
9182
9209
9222
9228
9244
9298
9301
9306
9312
9340
9367
9389
9400
9412
9412
9417
9437
9459
9494
9496
9508
9510
9517
9522
9530
9547
9567
9587
9594
9595
9617
9622
9628
9659
9661
9675
9683
9688
9689
9690
9695
9706
9721
9722
9737
9777
9783
9792
9798
9802
9813
9818
9819
9855
9858
9875
9878
9889
9918
9948
9958
9968
9972
9993
9993
9999
10016
10018
10039
10046
10054
10071
10088
10089
10112
10118
10119
10158
10168
10204
10225
10251
10257
10280
10291
10329
10366
10376
10386
10393
10407
10421
10423
10442
10508
10511
10515
10551
10554
10560
10581
10612
10620
10628
10634
10634
10636
10638
10646
10678
10683
10719
10721
10761
10788
10795
10825
10840
10856
10873
10951
10959
10960
10962
10981
10998
11007
11033
11034
11056
11065
11086
11103
11113
11134
11183
11183
11193
11219
11228
11236
11262
11270
11291
11293
11295
11317
11353
11378
11380
11393
11409
11439
11474
11478
11496
11504
11519
11527
11549
11568
11584
11591
11593
11600
11635
11650
11653
11659
11659
11679
11693
11728
11735
11763
11784
11805
11814
11843
11848
11849
11854
11863
11864
11926
12012
12020
12078
12097
12110
12111
12153
12239
12253
12264
12267
12270
12275
12307
12308
12317
12320
12335
12350
12362
12383
12398
12439
12439
12443
12457
12479
12484
12489
12530
12594
12628
12633
12653
12686
12702
12703
12707
12731
12742
12753
12757
12758
12764
12776
12780
12810
12827
12838
12872
12896
12937
12944
13020
13030
13031
13032
13040
13047
13090
13094
13120
13121
13132
13139
13139
13175
13190
13201
13204
13222
13222
13271
13303
13311
13317
13318
13331
13334
13344
13359
13403
13412
13414
13418
13420
13446
13474
13481
13506
13522
13538
13539
13558
13579
13619
13620
13633
13639
13660
13662
13694
13723
13753
13774
13781
13787
13799
13801
13805
13806
13812
13840
13861
13864
13868
13875
13900
13927
13932
13939
13968
13973
13990
13994
14028
14030
14095
14096
14123
14148
14180
14192
14194
14211
14226
14246
14281
14291
14296
14325
14374
14386
14420
14456
14461
14492
14517
14547
14551
14567
14586
14618
14637
14640
14666
14737
14745
14786
14787
14791
14817
14845
14859
14863
14868
14881
14888
14902
14947
14949
15016
15019
15022
15046
15120
15142
15154
15231
15246
15290
15298
15319
15347
15353
15359
15365
15368
15372
15372
15408
15409
15444
15452
15453
15456
15504
15556
15565
15632
15638
15657
15662
15683
15686
15697
15718
15754
15779
15817
15850
15851
15863
15893
15922
15941
15959
15960
15995
16023
16030
16062
16080
16094
16097
16159
16239
16256
16262
16267
16276
16289
16314
16348
16349
16379
16390
16414
16504
16506
16549
16549
16569
16580
16593
16609
16660
16665
16694
16704
16736
16744
16766
16769
16773
16781
16781
16791
16802
16807
16860
16861
16885
16885
16907
16919
16922
16925
16925
16931
16952
16958
16968
16991
16995
16997
16998
17003
17006
17020
17029
17041
17070
17103
17114
17118
17132
17132
17149
17158
17162
17202
17235
17259
17260
17274
17282
17320
17334
17343
17364
17367
17368
17370
17386
17387
17427
17437
17445
17455
17457
17460
17471
17480
17488
17492
17509
17510
17514
17516
17544
17567
17573
17593
17636
17655
17661
17669
17694
17704
17718
17724
17731
17731
17738
17769
17777
17820
17827
17830
17848
17880
17927
17973
17988
18035
18048
18052
18108
18151
18159
18169
18170
18173
18196
18205
18211
18215
18234
18263
18263
18269
18270
18284
18285
18300
18312
18335
18353
18379
18397
18398
18454
18456
18459
18468
18494
18524
18549
18558
18578
18585
18606
18608
18616
18617
18632
18635
18658
18697
18709
18711
18723
18752
18761
18762
18768
18773
18787
18806
18810
18827
18838
18850
18864
18885
18889
18907
18910
18925
18927
18961
18965
18992
19011
19036
19037
19061
19088
19100
19132
19158
19164
19166
19199
19212
19226
19233
19283
19299
19300
19300
19303
19321
19331
19339
19365
19426
19478
19484
19489
19502
19528
19555
19558
19594
19646
19693
19699
19708
19710
19728
19741
19745
19748
19753
19756
19767
19808
19810
19820
19824
19832
19854
19857
19860
19867
19868
19880
19916
19930
19934
19941
19949
19955
19955
19963
19966
19976
19981
19995
20024
20026
20030
20033
20051
20054
20078
20083
20091
20093
20098
20123
20124
20136
20148
20155
20160
20169
20175
20197
20227
20235
20239
20257
20260
20273
20297
20310
20338
20352
20362
20379
20384
20404
20407
20411
20445
20453
20470
20497
20516
20524
20530
20539
20576
20604
20610
20648
20662
20667
20691
20696
20696
20714
20715
20741
20747
20778
20794
20795
20797
20813
20817
20827
20830
20844
20857
20874
20907
20916
20941
20980
20984
20992
20993
20999
21006
21020
21037
21051
21085
21087
21117
21128
21130
21132
21147
21182
21215
21216
21279
21311
21311
21313
21366
21391
21426
21446
21497
21518
21552
21596
21600
21611
21633
21634
21655
21679
21681
21702
21717
21803
21859
21870
21871
21874
21890
21908
21913
22002
22009
22020
22021
22047
22063
22067
22073
22074
22084
22109
22119
22134
22160
22168
22175
22187
22193
22218
22246
22261
22307
22339
22344
22349
22350
22354
22358
22364
22388
22408
22449
22450
22457
22464
22467
22481
22484
22484
22494
22544
22560
22611
22622
22651
22663
22673
22696
22724
22725
22733
22743
22744
22748
22767
22776
22777
22781
22800
22812
22813
22819
22828
22849
22855
22857
22867
22872
22902
22905
22910
22917
22929
22934
22978
23001
23013
23057
23067
23073
23104
23118
23121
23141
23156
23160
23169
23182
23182
23193
23222
23225
23238
23238
23244
23249
23278
23285
23297
23310
23322
23335
23376
23396
23438
23443
23465
23478
23494
23499
23517
23527
23535
23582
23584
23596
23599
23607
23628
23643
23647
23681
23681
23685
23686
23689
23727
23738
23742
23752
23789
23819
23827
23849
23861
23868
23887
23889
23896
23899
23900
23903
23945
23949
23949
23965
24006
24015
24042
24046
24051
24054
24068
24069
24091
24118
24140
24143
24154
24159
24175
24203
24224
24234
24247
24274
24295
24312
24329
24348
24351
24384
24477
24506
24508
24525
24528
24541
24564
24575
24600
24665
24708
24710
24749
24760
24806
24829
24846
24871
24881
24910
24923
24931
24955
24960
24976
24991
24992
25016
25049
25052
25056
25062
25066
25070
25072
25079
25101
25135
25137
25144
25156
25178
25190
25206
25222
25241
25276
25281
25302
25310
25310
25312
25314
25316
25319
25352
25358
25359
25368
25372
25374
25377
25406
25432
25454
25455
25500
25598
25601
25603
25620
25631
25632
25667
25698
25700
25821
25848
25849
25872
25895
25903
25912
25914
25915
25920
25940
25958
26002
26023
26036
26040
26065
26069
26082
26101
26103
26119
26153
26163
26164
26187
26193
26196
26201
26203
26209
26216
26221
26235
26238
26249
26293
26296
26354
26357
26360
26386
26397
26413
26427
26428
26459
26473
26541
26545
26546
26560
26564
26568
26610
26611
26619
26620
26654
26680
26682
26686
26691
26692
26692
26742
26743
26749
26757
26762
26887
26891
26941
26946
26974
26980
26997
27031
27038
27039
27048
27057
27071
27098
27116
27127
27129
27134
27137
27143
27149
27175
27181
27225
27226
27240
27241
27248
27257
27278
27310
27317
27318
27319
27345
27380
27384
27412
27418
27459
27465
27474
27488
27491
27595
27595
27610
27626
27634
27675
27727
27754
27766
27786
27825
27831
27846
27847
27856
27927
27934
27967
27979
28005
28010
28044
28092
28105
28139
28142
28242
28270
28282
28283
28283
28300
28306
28313
28335
28340
28359
28380
28418
28486
28500
28538
28585
28612
28620
28640
28660
28693
28700
28700
28721
28742
28742
28770
28781
28783
28802
28803
28824
28870
28880
28910
28920
28938
28943
28957
28960
28984
28999
29008
29008
29031
29073
29080
29084
29085
29102
29106
29123
29126
29135
29145
29148
29150
29152
29155
29159
29160
29175
29191
29198
29227
29231
29235
29271
29278
29291
29304
29308
29367
29381
29393
29393
29414
29432
29435
29477
29523
29540
29553
29562
29570
29572
29579
29587
29625
29658
29662
29701
29707
29723
29746
29760
29774
29775
29784
29812
29817
29818
29889
29907
29946
29955
29964
29988
29989
30028
30084
30091
30101
30128
30164
30206
30210
30221
30258
30281
30286
30295
30309
30344
30394
30407
30408
30440
30455
30465
30470
30472
30487
30508
30513
30528
30530
30532
30533
30537
30562
30577
30588
30589
30604
30617
30632
30639
30675
30700
30777
30802
30865
30871
30873
30895
30896
30907
30957
30967
30977
30986
31010
31013
31024
31024
31025
31032
31035
31059
31076
31111
31112
31112
31119
31123
31153
31166
31178
31229
31233
31260
31284
31318
31319
31331
31334
31366
31379
31392
31396
31446
31488
31492
31494
31520
31534
31544
31563
31566
31591
31592
31637
31657
31681
31706
31707
31728
31730
31738
31763
31797
31821
31823
31866
31868
31888
31901
31916
31933
31947
31954
31964
31978
31981
32017
32025
32053
32079
32085
32135
32143
32186
32190
32201
32218
32236
32259
32278
32280
32286
32286
32290
32365
32390
32390
32391
32405
32412
32428
32432
32443
32480
32494
32496
32502
32521
32569
32623
32635
32649
32659
32702
32729
32752
32754
32759
