8
11
24
35
44
62
77
84
101
105
106
110
118
121
128
152
152
154
158
166
167
167
170
173
174
180
183
202
206
227
237
241
246
247
260
265
267
278
291
291
292
325
326
327
337
347
352
353
356
360
363
364
371
392
400
402
412
412
415
427
442
446
447
457
465
465
476
507
508
517
522
534
541
577
611
612
622
633
634
636
660
676
680
686
689
719
736
771
784
785
792
819
820
830
836
843
853
861
862
868
878
880
886
887
894
898
905
911
914
918
923
926
935
936
940
962
963
963
967
968
987
988
999
1002
1006
1007
1008
1012
1013
1046
1054
1060
1077
1084
1093
1097
1097
1106
1106
1108
1110
1112
1115
1124
1143
1163
1169
1176
1195
1199
1212
1215
1218
1227
1239
1249
1262
1267
1271
1280
1297
1299
1299
1299
1310
1325
1346
1363
1376
1387
1396
1405
1409
1411
1420
1422
1427
1438
1446
1450
1496
1497
1499
1499
1512
1528
1535
1543
1549
1551
1561
1595
1597
1599
1602
1615
1623
1633
1634
1636
1642
1642
1643
1649
1650
1659
1668
1673
1682
1699
1701
1711
1751
1754
1755
1758
1764
1769
1769
1806
1809
1822
1823
1826
1830
1842
1850
1851
1852
1879
1883
1884
1886
1898
1902
1909
1928
1933
1946
1965
1970
1979
1995
2015
2020
2023
2025
2026
2027
2036
2038
2039
2040
2050
2071
2094
2101
2107
2110
2112
2114
2114
2117
2133
2143
2146
2162
2165
2166
2168
2169
2173
2212
2222
2227
2239
2240
2241
2242
2246
2249
2255
2262
2265
2269
2283
2292
2305
2305
2308
2326
2331
2333
2339
2347
2352
2360
2377
2380
2384
2387
2396
2409
2414
2417
2421
2429
2431
2435
2442
2451
2453
2453
2455
2455
2456
2478
2486
2491
2492
2500
2504
2509
2510
2512
2528
2532
2581
2586
2588
2598
2611
2613
2615
2615
2641
2652
2658
2658
2663
2669
2681
2684
2713
2713
2727
2745
2757
2763
2772
2807
2827
2827
2831
2846
2848
2864
2866
2882
2884
2898
2907
2916
2930
2930
2936
2944
2947
2951
2953
2970
2980
2989
2993
3001
3028
3033
3039
3053
3058
3065
3074
3075
3075
3083
3087
3096
3097
3099
3100
3102
3111
3122
3129
3146
3146
3162
3166
3169
3188
3202
3219
3226
3230
3233
3249
3255
3269
3273
3286
3291
3298
3298
3311
3319
3321
3330
3333
3334
3340
3344
3359
3363
3364
3372
3378
3384
3386
3393
3417
3420
3421
3441
3444
3452
3458
3461
3468
3479
3481
3498
3506
3508
3514
3542
3543
3546
3557
3561
3562
3564
3574
3584
3593
3628
3642
3643
3646
3646
3647
3648
3658
3659
3670
3673
3673
3678
3702
3715
3715
3717
3733
3741
3753
3754
3757
3767
3775
3784
3797
3798
3799
3802
3812
3829
3833
3843
3865
3877
3880
3882
3886
3900
3901
3913
3915
3924
3936
3938
3942
3956
3973
3980
3982
4021
4033
4034
4038
4065
4081
4083
4083
4084
4087
4089
4127
4129
4129
4151
4166
4176
4176
4180
4190
4222
4237
4247
4259
4276
4308
4311
4325
4332
4368
4380
4400
4404
4408
4415
4415
4439
4440
4442
4449
4473
4477
4489
4490
4492
4495
4501
4508
4511
4513
4517
4519
4522
4532
4557
4560
4564
4580
4581
4582
4585
4586
4589
4598
4606
4606
4627
4638
4646
4647
4655
4670
4690
4706
4727
4731
4732
4742
4745
4745
4784
4799
4801
4805
4811
4816
4836
4837
4854
4859
4863
4870
4894
4894
4898
4900
4944
4946
4952
4979
4996
5011
5013
5023
5029
5040
5043
5044
5047
5050
5053
5068
5075
5079
5092
5094
5105
5117
5118
5126
5143
5154
5167
5176
5179
5190
5195
5212
5214
5220
5227
5242
5242
5247
5251
5260
5272
5285
5294
5308
5326
5328
5331
5342
5344
5345
5363
5366
5369
5382
5391
5391
5393
5394
5397
5398
5405
5416
5430
5434
5439
5466
5469
5473
5479
5503
5535
5536
5547
5553
5556
5557
5559
5560
5570
5571
5577
5589
5590
5599
5610
5618
5633
5637
5640
5684
5699
5706
5707
5708
5712
5718
5729
5733
5735
5740
5752
5774
5782
5786
5789
5798
5800
5813
5835
5836
5867
5873
5874
5877
5883
5887
5890
5897
5905
5908
5911
5919
5927
5947
5976
5980
5988
6011
6021
6026
6035
6037
6037
6045
6055
6062
6074
6081
6086
6089
6092
6105
6112
6128
6138
6142
6153
6154
6164
6183
6188
6195
6201
6235
6237
6247
6253
6265
6266
6267
6272
6272
6273
6285
6324
6342
6350
6365
6396
6423
6438
6442
6446
6458
6460
6461
6463
6465
6481
6483
6489
6493
6494
6496
6502
6505
6507
6518
6524
6533
6534
6537
6538
6540
6541
6543
6544
6555
6558
6569
6570
6573
6575
6576
6598
6612
6619
6620
6640
6641
6655
6683
6686
6690
6694
6702
6717
6733
6749
6752
6769
6771
6772
6788
6791
6793
6795
6802
6807
6807
6809
6812
6821
6841
6846
6888
6888
6893
6900
6902
6913
6914
6926
6938
6943
6944
6955
6967
7000
7014
7027
7030
7030
7062
7097
7131
7132
7137
7141
7141
7149
7171
7176
7178
7189
7189
7191
7208
7212
7230
7237
7243
7249
7258
7272
7279
7287
7292
7298
7338
7351
7356
7361
7361
7369
7372
7378
7387
7394
7396
7407
7421
7426
7432
7444
7445
7460
7472
7481
7490
7490
7494
7496
7497
7501
7519
7519
7528
7534
7562
7569
7571
7593
7595
7603
7608
7614
7628
7628
7629
7647
7659
7660
7667
7670
7671
7682
7684
7694
7702
7703
7715
7727
7733
7736
7753
7753
7770
7782
7785
7798
7801
7818
7823
7852
7852
7865
7879
7881
7897
7900
7916
7924
7937
7937
7953
7964
7967
7976
7982
7995
7997
7999
8001
8002
8008
8018
8035
8059
8076
8096
8108
8123
8125
8126
8138
8142
8142
8144
8144
8157
8163
8168
8188
8191
8193
8206
8210
8210
8214
8231
8232
8233
8243
8255
8265
8277
8295
8324
8325
8334
8336
8343
8388
8390
8396
8403
8403
8405
8426
8435
8444
8445
8446
8446
8448
8453
8456
8460
8467
8473
8479
8482
8490
8499
8502
8504
8507
8509
8523
8532
8555
8564
8565
8565
8574
8582
8601
8606
8607
8610
8613
8628
8632
8635
8637
8645
8652
8655
8663
8667
8670
8670
8689
8695
8700
8713
8721
8730
8735
8759
8764
8772
8801
8810
8813
8817
8825
8828
8839
8845
8852
8870
8880
8885
8900
8900
8910
8919
8919
8932
8941
8948
8954
8962
8969
8969
8970
8972
8972
8974
8979
8983
8990
9005
9006
9006
9029
9031
9045
9049
9049
9054
9056
9092
9096
9104
9115
9123
9124
9137
9140
9141
9145
9148
9161
9167
9170
9170
9195
9208
9215
9233
9239
9259
9280
9283
9284
9288
9292
9293
9296
9300
9303
9305
9311
9311
9312
9317
9319
9346
9347
9356
9371
9377
9382
9385
9391
9396
9411
9414
9415
9422
9434
9452
9472
9487
9491
9500
9506
9507
9517
9521
9535
9538
9545
9547
9548
9550
9554
9555
9565
9576
9592
9593
9599
9600
9602
9625
9660
9661
9662
9683
9690
9696
9707
9708
9709
9713
9714
9718
9727
9734
9741
9741
9745
9746
9762
9777
9781
9793
9796
9797
9798
9801
9803
9807
9810
9816
9822
9841
9852
9865
9866
9870
9882
9888
9891
9911
9950
9951
9957
9961
9964
9974
9976
9990
9991
9992
9994
9994
10002
10015
10022
10023
10032
10035
10036
10057
10057
10059
10069
10071
10077
10085
10094
10102
10104
10110
10111
10122
10130
10137
10141
10146
10151
10161
10163
10163
10175
10178
10181
10184
10188
10191
10214
10215
10220
10225
10236
10238
10247
10253
10257
10262
10273
10275
10297
10298
10302
10305
10323
10326
10328
10331
10331
10336
10340
10361
10368
10376
10394
10414
10416
10417
10427
10431
10447
10461
10469
10482
10492
10494
10496
10503
10503
10525
10533
10550
10550
10554
10569
10569
10576
10578
10580
10594
10599
10603
10618
10627
10630
10641
10642
10650
10681
10725
10732
10741
10744
10748
10751
10753
10757
10757
10770
10779
10785
10800
10816
10822
10836
10836
10861
10861
10864
10888
10894
10898
10903
10916
10935
10937
10938
10944
10946
10948
10959
10968
10969
10972
10975
10993
11000
11014
11019
11035
11041
11043
11050
11059
11090
11095
11104
11106
11110
11122
11131
11159
11167
11180
11193
11194
11197
11197
11209
11211
11221
11233
11235
11246
11249
11261
11272
11299
11304
11310
11315
11324
11324
11334
11343
11343
11344
11346
11354
11358
11361
11388
11389
11400
11418
11422
11448
11453
11458
11499
11506
11508
11514
11515
11518
11527
11529
11535
11542
11549
11551
11553
11564
11573
11576
11577
11582
11590
11606
11625
11634
11642
11652
11657
11664
11666
11674
11675
11688
11694
11709
11709
11713
11718
11719
11719
11724
11727
11730
11741
11745
11746
11748
11757
11770
11771
11776
11783
11783
11789
11792
11797
11809
11821
11829
11837
11850
11861
11861
11866
11872
11874
11895
11904
11915
11926
11928
11932
11953
11954
11960
11968
11975
11979
11983
11987
11988
11999
12005
12015
12028
12033
12034
12040
12044
12044
12053
12060
12071
12078
12101
12103
12119
12129
12142
12153
12160
12162
12163
12183
12190
12191
12191
12193
12204
12211
12213
12217
12231
12247
12258
12270
12273
12274
12279
12289
12298
12300
12307
12313
12317
12317
12325
12328
12339
12344
12388
12406
12420
12422
12423
12425
12447
12468
12476
12482
12487
12508
12516
12519
12520
12526
12528
12528
12532
12535
12536
12552
12556
12564
12574
12578
12582
12582
12587
12594
12596
12611
12630
12633
12662
12672
12673
12673
12673
12682
12687
12699
12707
12716
12717
12718
12746
12760
12768
12768
12770
12776
12779
12781
12784
12787
12790
12792
12810
12858
12874
12875
12880
12889
12903
12908
12918
12925
12941
12949
12952
12953
12954
12955
12961
12961
12965
12992
12994
13002
13012
13031
13058
13065
13066
13087
13089
13095
13098
13115
13117
13119
13127
13148
13150
13152
13153
13177
13181
13189
13197
13200
13208
13208
13224
13240
13255
13276
13283
13291
13292
13303
13321
13340
13340
13355
13358
13361
13366
13370
13375
13391
13392
13395
13397
13398
13421
13440
13455
13468
13484
13494
13529
13533
13536
13546
13561
13562
13576
13600
13600
13607
13608
13615
13626
13641
13674
13690
13693
13699
13704
13715
13718
13724
13744
13760
13761
13793
13813
13814
13817
13822
13825
13835
13839
13863
13867
13868
13894
13898
13914
13915
13919
13926
13937
13956
13965
13965
13974
13984
13996
14002
14021
14028
14028
14031
14031
14037
14040
14049
14071
14073
14075
14083
14086
14090
14097
14117
14119
14136
14161
14171
14201
14207
14221
14231
14232
14233
14239
14242
14259
14289
14295
14304
14331
14333
14335
14345
14346
14376
14376
14377
14379
14391
14399
14400
14441
14445
14447
14474
14475
14476
14480
14483
14489
14494
14495
14501
14514
14521
14528
14528
14530
14541
14586
14590
14600
14611
14632
14634
14634
14640
14653
14662
14663
14666
14667
14667
14675
14678
14701
14701
14702
14704
14705
14710
14714
14738
14752
14783
14790
14792
14796
14796
14807
14809
14812
14825
14836
14840
14850
14861
14869
14873
14883
14909
14910
14921
14927
14928
14930
14935
14938
14943
14945
14945
14948
14949
14949
14950
14956
14964
14968
14972
14976
15000
15002
15011
15013
15029
15046
15070
15073
15075
15086
15089
15105
15118
15149
15170
15176
15178
15182
15200
15200
15209
15213
15221
15230
15237
15264
15267
15267
15268
15274
15280
15293
15296
15301
15301
15359
15376
15383
15386
15399
15401
15415
15422
15427
15427
15435
15453
15454
15455
15456
15463
15469
15470
15502
15539
15553
15563
15566
15567
15571
15584
15595
15609
15633
15661
15681
15694
15697
15703
15717
15725
15730
15739
15758
15761
15771
15794
15808
15827
15834
15839
15841
15845
15848
15853
15877
15894
15901
15902
15911
15916
15921
15922
15933
15947
15972
15977
15983
15985
16000
16001
16007
16010
16010
16013
16029
16050
16052
16055
16069
16069
16090
16099
16112
16114
16122
16123
16131
16140
16146
16160
16165
16167
16168
16172
16174
16184
16188
16188
16197
16207
16213
16226
16239
16247
16251
16255
16256
16261
16261
16262
16271
16283
16284
16284
16289
16298
16300
16315
16315
16327
16335
16338
16340
16345
16358
16359
16368
16372
16374
16380
16385
16386
16400
16405
16411
16413
16424
16430
16470
16479
16480
16484
16489
16500
16512
16514
16530
16534
16538
16541
16557
16568
16569
16581
16583
16583
16597
16620
16625
16636
16659
16664
16665
16682
16697
16706
16707
16715
16739
16746
16749
16760
16763
16765
16766
16768
16769
16770
16774
16803
16818
16818
16826
16866
16867
16872
16872
16878
16880
16886
16889
16892
16897
16902
16911
16920
16923
16928
16936
16946
16948
16969
16980
16986
16991
17016
17024
17030
17031
17032
17035
17053
17061
17064
17075
17079
17085
17088
17100
17107
17113
17113
17132
17135
17137
17152
17157
17169
17173
17179
17184
17186
17187
17205
17208
17210
17227
17248
17250
17252
17252
17269
17275
17283
17296
17309
17310
17310
17316
17339
17345
17355
17382
17386
17392
17402
17407
17409
17445
17447
17448
17448
17452
17466
17473
17482
17483
17488
17494
17495
17523
17528
17533
17564
17564
17577
17580
17585
17603
17607
17609
17614
17615
17662
17662
17662
17665
17668
17669
17692
17692
17715
17720
17734
17738
17739
17752
17767
17785
17793
17818
17829
17840
17843
17848
17871
17873
17885
17886
17887
17899
17909
17914
17948
17952
17958
17960
17969
17971
17973
17974
17977
17996
18001
18013
18021
18044
18045
18047
18095
18095
18099
18099
18101
18123
18146
18155
18161
18167
18168
18169
18171
18173
18199
18210
18219
18223
18224
18224
18225
18229
18246
18249
18250
18252
18253
18262
18280
18285
18298
18304
18305
18309
18314
18323
18327
18343
18350
18359
18379
18436
18441
18453
18470
18478
18483
18491
18496
18502
18505
18509
18513
18517
18524
18532
18547
18564
18584
18585
18590
18591
18594
18601
18604
18610
18611
18617
18627
18632
18635
18646
18657
18660
18660
18661
18665
18680
18685
18700
18709
18717
18721
18724
18727
18733
18735
18742
18756
18761
18764
18765
18767
18775
18777
18780
18789
18795
18818
18833
18836
18842
18874
18888
18893
18901
18902
18905
18914
18922
18939
18944
18946
18965
18967
18968
18971
18985
18986
18991
18994
18996
18996
19003
19008
19027
19032
19039
19039
19046
19048
19049
19051
19090
19104
19117
19133
19134
19136
19141
19169
19187
19190
19193
19197
19209
19213
19215
19222
19226
19227
19228
19232
19236
19236
19238
19250
19251
19274
19277
19281
19299
19337
19340
19356
19383
19383
19385
19388
19392
19394
19399
19403
19408
19414
19419
19421
19436
19446
19450
19453
19465
19472
19488
19498
19506
19508
19515
19522
19522
19525
19537
19553
19563
19568
19588
19591
19591
19595
19622
19626
19643
19673
19689
19704
19708
19711
19716
19722
19725
19731
19750
19754
19758
19761
19769
19771
19779
19788
19792
19796
19810
19816
19818
19824
19839
19852
19857
19860
19875
19888
19891
19898
19904
19927
19927
19931
19939
19950
19953
19964
19977
19993
20002
20002
20007
20012
20020
20027
20038
20040
20041
20049
20055
20063
20063
20074
20083
20113
20149
20153
20155
20158
20177
20177
20178
20184
20187
20187
20193
20202
20204
20214
20216
20225
20227
20241
20252
20263
20274
20293
20302
20316
20331
20334
20368
20373
20383
20408
20408
20416
20426
20431
20434
20440
20445
20447
20448
20452
20462
20470
20481
20483
20487
20498
20505
20511
20516
20518
20519
20522
20536
20537
20540
20549
20573
20579
20581
20590
20594
20601
20628
20647
20649
20658
20685
20690
20721
20728
20735
20745
20747
20756
20765
20774
20789
20806
20817
20847
20852
20857
20876
20887
20899
20900
20902
20905
20907
20913
20914
20927
20932
20946
20979
20990
21040
21047
21053
21055
21093
21096
21105
21126
21126
21135
21141
21143
21147
21147
21150
21163
21184
21185
21201
21205
21206
21241
21243
21245
21280
21281
21285
21287
21292
21297
21297
21310
21312
21321
21323
21328
21343
21346
21361
21361
21373
21375
21400
21415
21425
21428
21432
21439
21453
21462
21464
21476
21486
21493
21513
21516
21517
21531
21532
21544
21557
21557
21576
21580
21581
21583
21606
21611
21621
21624
21625
21638
21654
21655
21666
21697
21707
21712
21720
21720
21738
21740
21742
21760
21764
21779
21792
21814
21821
21830
21838
21839
21839
21843
21851
21857
21867
21868
21872
21875
21876
21898
21902
21910
21922
21949
21950
21960
21963
21964
21965
21965
21987
22009
22027
22044
22062
22093
22107
22127
22142
22145
22153
22164
22167
22180
22184
22215
22218
22218
22231
22240
22242
22263
22270
22274
22305
22319
22330
22336
22347
22348
22364
22367
22386
22392
22405
22411
22415
22416
22419
22423
22429
22431
22440
22443
22455
22457
22473
22475
22489
22496
22509
22510
22525
22526
22532
22533
22534
22556
22572
22584
22591
22601
22608
22626
22630
22631
22640
22651
22661
22667
22670
22674
22679
22687
22706
22733
22739
22740
22757
22760
22772
22780
22795
22796
22800
22809
22812
22820
22829
22841
22852
22852
22853
22859
22861
22878
22898
22906
22909
22910
22911
22922
22941
22945
22950
22962
22970
22978
23000
23001
23008
23019
23027
23036
23054
23055
23074
23082
23085
23087
23126
23133
23151
23156
23181
23188
23193
23195
23205
23209
23211
23219
23221
23238
23243
23243
23262
23273
23284
23284
23316
23317
23349
23365
23382
23393
23393
23394
23407
23408
23408
23413
23441
23450
23458
23458
23471
23474
23482
23493
23504
23507
23507
23509
23512
23512
23525
23537
23540
23545
23556
23556
23561
23566
23569
23581
23591
23603
23614
23615
23615
23632
23637
23638
23640
23657
23658
23666
23675
23676
23679
23680
23681
23684
23700
23704
23707
23730
23733
23743
23748
23754
23758
23770
23778
23798
23808
23815
23817
23820
23822
23828
23830
23836
23861
23875
23908
23944
23954
23957
23959
23961
23961
23962
23966
23984
23992
23995
24000
24001
24013
24013
24017
24019
24026
24043
24064
24097
24101
24113
24116
24136
24136
24148
24155
24166
24181
24185
24198
24208
24214
24221
24223
24228
24229
24230
24243
24258
24259
24272
24275
24293
24302
24306
24307
24337
24350
24351
24359
24361
24365
24372
24384
24385
24387
24391
24430
24432
24435
24437
24438
24442
24448
24464
24481
24484
24498
24500
24503
24506
24510
24516
24527
24534
24540
24548
24554
24555
24558
24564
24571
24576
24579
24583
24594
24601
24605
24610
24681
24713
24714
24733
24741
24742
24754
24761
24761
24763
24764
24769
24782
24787
24791
24809
24812
24823
24831
24843
24855
24861
24862
24867
24877
24887
24888
24897
24905
24915
24919
24921
24935
24935
24945
24950
24957
24958
24958
24961
24970
24972
24976
24978
24989
24994
24998
25002
25011
25011
25015
25017
25024
25029
25033
25047
25049
25050
25061
25077
25084
25101
25106
25107
25112
25113
25118
25129
25131
25161
25171
25171
25183
25188
25198
25199
25205
25213
25223
25225
25230
25233
25263
25266
25267
25281
25285
25297
25305
25318
25327
25327
25331
25331
25331
25332
25333
25338
25341
25350
25351
25365
25371
25377
25382
25389
25390
25395
25398
25409
25412
25422
25424
25428
25429
25429
25432
25444
25447
25456
25461
25467
25471
25472
25486
25494
25505
25508
25509
25528
25535
25538
25540
25559
25562
25576
25577
25580
25595
25609
25622
25625
25630
25631
25636
25637
25656
25658
25677
25684
25697
25707
25710
25712
25743
25746
25747
25747
25774
25780
25791
25798
25810
25816
25816
25831
25834
25836
25842
25861
25861
25862
25865
25874
25879
25886
25894
25895
25900
25907
25921
25934
25938
25942
25947
25952
25957
25961
25971
25982
25990
26001
26002
26006
26012
26026
26039
26060
26062
26069
26069
26081
26083
26084
26090
26108
26122
26143
26148
26174
26175
26180
26193
26195
26197
26201
26201
26201
26207
26217
26225
26244
26259
26267
26274
26286
26286
26291
26314
26331
26332
26334
26345
26354
26357
26358
26368
26372
26383
26387
26397
26405
26414
26418
26422
26423
26433
26448
26481
26493
26516
26518
26537
26541
26543
26547
26553
26554
26566
26567
26571
26573
26583
26589
26611
26615
26622
26623
26630
26639
26643
26645
26648
26649
26652
26653
26667
26705
26716
26746
26747
26757
26760
26760
26766
26778
26790
26806
26821
26822
26848
26861
26867
26878
26895
26898
26915
26924
26924
26925
26930
26940
26971
26975
26979
26980
26981
26998
27004
27007
27010
27033
27041
27043
27044
27057
27058
27059
27065
27066
27069
27079
27091
27092
27098
27103
27115
27142
27146
27151
27151
27152
27164
27169
27170
27185
27205
27216
27216
27240
27247
27247
27250
27250
27252
27254
27276
27277
27287
27331
27365
27369
27374
27376
27392
27420
27423
27426
27438
27441
27443
27448
27450
27456
27457
27469
27476
27483
27488
27489
27514
27521
27521
27524
27530
27534
27538
27538
27546
27558
27569
27578
27612
27625
27626
27629
27632
27647
27662
27676
27684
27684
27685
27692
27696
27696
27726
27734
27736
27765
27769
27784
27803
27811
27819
27822
27825
27829
27842
27848
27854
27881
27892
27908
27919
27929
27934
27942
27947
27966
27967
27982
27993
27998
28011
28012
28014
28031
28044
28047
28054
28060
28069
28074
28076
28107
28123
28131
28148
28166
28169
28173
28178
28179
28182
28184
28186
28188
28190
28211
28230
28233
28234
28240
28244
28245
28245
28246
28248
28250
28251
28255
28282
28284
28294
28295
28298
28308
28308
28319
28329
28340
28373
28376
28380
28389
28396
28399
28407
28419
28423
28426
28438
28451
28459
28463
28466
28490
28495
28510
28539
28540
28556
28566
28573
28582
28594
28598
28600
28604
28608
28620
28625
28630
28633
28642
28650
28654
28674
28689
28698
28709
28725
28731
28731
28738
28746
28747
28752
28757
28762
28765
28766
28768
28790
28795
28796
28803
28816
28817
28819
28824
28826
28831
28833
28857
28860
28872
28872
28875
28880
28880
28887
28892
28893
28926
28939
28940
28942
28955
28961
28962
28969
28977
28983
28987
28989
28995
29009
29024
29028
29030
29035
29043
29044
29050
29055
29065
29078
29078
29082
29085
29089
29108
29113
29113
29114
29122
29123
29131
29143
29148
29152
29171
29190
29195
29201
29201
29206
29222
29224
29228
29251
29252
29268
29271
29275
29294
29295
29299
29303
29338
29340
29342
29365
29384
29385
29393
29409
29412
29420
29421
29422
29425
29426
29451
29453
29465
29465
29467
29470
29478
29486
29489
29497
29504
29515
29527
29530
29544
29545
29550
29558
29559
29562
29581
29603
29624
29626
29639
29639
29644
29654
29662
29668
29677
29677
29680
29701
29711
29717
29719
29730
29750
29751
29758
29764
29769
29773
29790
29792
29802
29803
29808
29835
29840
29841
29848
29857
29864
29866
29870
29871
29883
29883
29900
29900
29907
29914
29922
29929
29933
29943
29952
29992
29994
29999
30028
30034
30038
30043
30046
30053
30055
30067
30082
30093
30110
30124
30124
30126
30133
30138
30148
30150
30170
30171
30171
30206
30247
30257
30274
30276
30280
30295
30299
30327
30337
30349
30377
30392
30394
30398
30401
30406
30415
30424
30432
30435
30446
30450
30451
30453
30498
30518
30523
30524
30529
30549
30550
30552
30558
30568
30571
30580
30585
30591
30600
30605
30615
30631
30636
30642
30642
30647
30658
30662
30677
30677
30688
30693
30700
30703
30707
30764
30767
30770
30775
30775
30786
30790
30798
30798
30799
30810
30827
30832
30835
30840
30860
30873
30877
30881
30897
30915
30916
30921
30931
30941
30941
30943
30943
30944
30952
30959
30966
30971
30990
31000
31007
31009
31013
31016
31025
31026
31026
31028
31030
31036
31038
31038
31043
31061
31087
31104
31111
31117
31119
31125
31166
31221
31229
31246
31253
31256
31258
31275
31275
31282
31283
31284
31285
31290
31297
31310
31325
31334
31357
31359
31388
31398
31412
31415
31418
31426
31435
31438
31451
31453
31461
31474
31475
31496
31503
31514
31521
31539
31555
31556
31567
31588
31599
31611
31616
31616
31621
31622
31626
31642
31650
31655
31655
31658
31663
31673
31675
31678
31686
31690
31706
31707
31717
31741
31758
31768
31782
31792
31798
31800
31838
31846
31848
31849
31863
31865
31872
31875
31890
31899
31903
31911
31928
31931
31934
31947
31952
31959
31985
31985
31998
32014
32023
32032
32041
32057
32061
32064
32064
32068
32068
32069
32073
32085
32088
32090
32093
32094
32121
32122
32137
32140
32141
32148
32188
32188
32189
32200
32210
32233
32243
32245
32250
32257
32275
32282
32308
32310
32312
32317
32318
32322
32342
32354
32362
32365
32368
32375
32415
32416
32427
32427
32433
32436
32445
32450
32453
32455
32456
32456
32466
32482
32504
32505
32509
32515
32518
32531
32532
32532
32537
32544
32549
32565
32569
32570
32576
32579
32584
32590
32590
32602
32603
32614
32616
32620
32620
32630
32633
32640
32646
32646
32655
32656
32681
32700
32702
32704
32709
32733
32738
32738
32738
32738
32745
32751
32757
32766
