0
1
14
16
23
30
31
38
47
58
59
60
68
68
73
75
78
86
87
94
104
104
104
114
118
135
137
146
147
151
153
158
164
167
180
190
195
206
207
227
230
230
237
240
263
269
272
277
290
292
304
305
307
307
311
322
330
330
333
335
336
342
347
353
353
359
389
390
421
425
437
438
443
448
459
476
483
491
494
495
496
518
520
522
534
538
542
547
549
569
572
585
586
592
598
601
610
610
618
641
650
650
655
660
702
716
716
726
730
740
742
751
786
791
791
797
803
804
817
821
847
848
859
862
881
886
886
888
902
908
916
919
928
942
944
948
949
959
960
972
984
985
990
994
1000
1015
1029
1032
1035
1036
1042
1045
1054
1054
1065
1067
1076
1079
1083
1085
1097
1110
1112
1112
1115
1123
1136
1137
1147
1148
1155
1164
1166
1167
1189
1209
1210
1217
1219
1219
1221
1223
1224
1231
1231
1247
1247
1258
1263
1264
1276
1288
1290
1312
1319
1322
1325
1327
1336
1345
1345
1347
1352
1355
1365
1376
1381
1388
1389
1396
1402
1402
1408
1419
1422
1424
1444
1447
1448
1449
1455
1457
1467
1470
1480
1499
1504
1522
1524
1535
1537
1540
1554
1557
1566
1567
1602
1607
1608
1614
1622
1650
1654
1671
1674
1687
1712
1715
1733
1734
1737
1738
1739
1750
1763
1768
1768
1769
1776
1782
1784
1809
1820
1827
1855
1858
1858
1859
1859
1870
1873
1875
1882
1897
1898
1901
1910
1912
1914
1932
1936
1952
1953
1957
1962
1963
1965
2004
2011
2015
2025
2030
2040
2044
2047
2048
2052
2053
2057
2077
2088
2089
2091
2095
2101
2105
2105
2111
2118
2122
2122
2123
2127
2135
2150
2153
2164
2170
2179
2190
2196
2197
2200
2211
2211
2219
2219
2220
2229
2229
2229
2233
2234
2241
2245
2247
2249
2250
2274
2296
2297
2303
2305
2306
2314
2314
2316
2321
2321
2329
2330
2346
2346
2354
2359
2360
2361
2365
2369
2384
2395
2408
2410
2417
2418
2427
2431
2446
2447
2449
2455
2458
2459
2472
2475
2489
2502
2503
2511
2514
2515
2529
2531
2535
2547
2565
2572
2575
2578
2594
2618
2619
2623
2623
2629
2634
2637
2643
2645
2650
2662
2663
2663
2668
2678
2681
2685
2690
2708
2710
2717
2736
2738
2743
2757
2759
2762
2764
2768
2774
2780
2786
2790
2793
2794
2801
2803
2805
2807
2809
2819
2819
2830
2831
2857
2860
2862
2868
2873
2877
2880
2885
2891
2894
2895
2904
2904
2908
2910
2912
2920
2928
2941
2946
2948
2952
2958
2961
2969
2978
2994
2995
2999
3001
3009
3010
3013
3026
3040
3057
3066
3086
3088
3092
3104
3104
3105
3114
3117
3146
3147
3148
3150
3155
3171
3176
3193
3196
3206
3213
3213
3215
3220
3223
3225
3240
3252
3253
3260
3269
3271
3275
3284
3291
3294
3296
3315
3328
3339
3347
3349
3353
3357
3357
3358
3364
3371
3379
3380
3389
3390
3408
3414
3416
3419
3420
3420
3423
3427
3463
3468
3469
3478
3479
3484
3505
3530
3538
3540
3548
3551
3560
3565
3574
3602
3607
3609
3615
3617
3622
3623
3629
3638
3647
3651
3653
3678
3680
3688
3699
3714
3722
3736
3736
3748
3749
3767
3769
3770
3777
3780
3781
3788
3790
3794
3799
3810
3814
3817
3821
3825
3833
3835
3843
3852
3858
3863
3864
3871
3873
3912
3920
3940
3952
3953
3960
3961
3977
3987
3989
3994
3999
4001
4005
4013
4020
4022
4032
4038
4058
4064
4065
4069
4070
4070
4074
4084
4091
4105
4107
4110
4118
4119
4120
4128
4129
4139
4139
4151
4153
4154
4163
4167
4171
4194
4194
4200
4215
4216
4218
4237
4247
4249
4255
4255
4267
4278
4282
4283
4297
4301
4310
4319
4321
4324
4328
4330
4333
4333
4338
4339
4345
4345
4346
4347
4348
4352
4353
4356
4376
4378
4383
4384
4387
4387
4397
4400
4404
4405
4405
4413
4414
4415
4416
4430
4432
4444
4445
4446
4449
4449
4459
4465
4468
4476
4482
4483
4494
4494
4512
4516
4538
4540
4543
4547
4548
4551
4555
4562
4576
4587
4591
4599
4599
4612
4614
4619
4621
4631
4654
4659
4663
4665
4667
4675
4684
4697
4706
4710
4713
4714
4717
4718
4724
4726
4728
4728
4737
4740
4749
4750
4753
4758
4760
4764
4766
4770
4778
4778
4784
4791
4794
4797
4809
4812
4815
4847
4853
4856
4862
4867
4874
4879
4880
4890
4913
4925
4939
4939
4940
4951
4962
4964
4971
4973
4982
4999
5000
5002
5007
5011
5019
5022
5025
5029
5043
5045
5049
5068
5068
5073
5075
5082
5094
5094
5095
5096
5122
5128
5140
5148
5161
5175
5176
5177
5185
5192
5203
5208
5210
5218
5229
5230
5238
5250
5261
5266
5281
5294
5327
5329
5330
5335
5336
5345
5352
5361
5371
5374
5384
5389
5397
5398
5414
5431
5452
5469
5473
5474
5481
5488
5498
5504
5532
5534
5543
5566
5572
5581
5591
5591
5594
5597
5607
5610
5612
5617
5625
5626
5628
5633
5635
5639
5668
5671
5671
5676
5679
5692
5706
5715
5718
5728
5731
5737
5762
5766
5766
5768
5785
5817
5825
5826
5829
5830
5832
5833
5839
5847
5851
5852
5854
5855
5861
5878
5888
5896
5904
5910
5912
5914
5919
5922
5938
5938
5947
5955
5958
5965
5967
5999
6010
6020
6025
6025
6031
6046
6047
6077
6078
6084
6092
6100
6103
6112
6113
6137
6140
6145
6151
6163
6187
6198
6198
6200
6214
6227
6230
6230
6230
6230
6230
6251
6256
6278
6289
6294
6295
6301
6313
6318
6320
6320
6324
6327
6331
6333
6347
6355
6355
6363
6364
6369
6374
6380
6384
6384
6388
6390
6406
6411
6420
6422
6426
6450
6458
6463
6469
6473
6480
6494
6496
6512
6529
6537
6554
6560
6577
6582
6613
6619
6627
6646
6646
6657
6657
6665
6665
6685
6687
6688
6727
6731
6731
6739
6745
6746
6748
6749
6752
6762
6766
6766
6767
6769
6771
6784
6792
6792
6795
6807
6807
6808
6810
6818
6831
6857
6868
6883
6890
6894
6900
6907
6908
6912
6920
6937
6938
6939
6940
6944
6955
6961
6968
6969
6975
6979
6985
6988
6992
6993
7000
7002
7002
7013
7021
7022
7025
7031
7040
7041
7044
7045
7045
7047
7050
7052
7067
7084
7086
7088
7099
7100
7114
7128
7133
7136
7154
7155
7156
7160
7182
7187
7195
7198
7201
7204
7207
7222
7256
7262
7272
7279
7284
7287
7292
7293
7301
7303
7304
7314
7315
7315
7316
7328
7329
7338
7343
7348
7348
7363
7366
7375
7378
7379
7383
7390
7392
7393
7398
7402
7419
7430
7443
7449
7460
7462
7468
7469
7470
7477
7479
7485
7487
7488
7489
7497
7501
7510
7537
7541
7547
7551
7557
7560
7563
7563
7567
7569
7576
7596
7597
7600
7602
7609
7609
7616
7620
7625
7638
7645
7665
7671
7675
7677
7680
7682
7694
7695
7697
7712
7729
7766
7770
7775
7787
7792
7796
7798
7799
7802
7812
7821
7827
7838
7840
7852
7859
7867
7870
7884
7888
7895
7906
7917
7928
7930
7939
7946
7949
7954
7958
7958
7966
7968
7974
7989
7992
8014
8016
8024
8029
8034
8044
8061
8077
8098
8098
8111
8111
8113
8119
8123
8131
8136
8144
8159
8160
8166
8170
8182
8187
8193
8197
8200
8215
8224
8229
8237
8239
8242
8244
8253
8260
8261
8262
8265
8269
8270
8275
8276
8334
8337
8347
8353
8359
8360
8366
8388
8388
8389
8400
8406
8407
8420
8429
8443
8448
8455
8464
8476
8478
8498
8506
8517
8519
8520
8531
8546
8576
8578
8599
8621
8622
8624
8624
8629
8633
8641
8643
8652
8657
8658
8660
8665
8667
8667
8675
8679
8680
8684
8685
8688
8722
8724
8738
8746
8747
8752
8769
8772
8775
8776
8779
8784
8792
8794
8802
8803
8814
8818
8819
8820
8821
8828
8829
8834
8837
8847
8848
8857
8861
8863
8869
8869
8872
8883
8887
8891
8896
8905
8914
8924
8927
8929
8935
8937
8937
8938
8957
8966
8976
8978
8988
8995
9015
9026
9028
9032
9065
9066
9068
9081
9086
9089
9091
9096
9101
9102
9110
9112
9114
9117
9127
9141
9143
9167
9168
9186
9187
9194
9196
9205
9228
9237
9253
9255
9256
9267
9271
9275
9280
9287
9296
9304
9310
9312
9314
9324
9336
9339
9346
9352
9358
9377
9381
9393
9398
9402
9419
9429
9456
9470
9476
9491
9491
9492
9493
9496
9499
9507
9514
9514
9517
9543
9547
9547
9552
9554
9555
9557
9560
9561
9562
9564
9565
9566
9571
9580
9583
9584
9605
9611
9614
9620
9627
9639
9645
9661
9667
9691
9701
9701
9701
9706
9712
9714
9720
9726
9727
9747
9754
9755
9757
9762
9774
9785
9789
9799
9799
9804
9805
9806
9825
9850
9866
9867
9879
9887
9896
9909
9916
9921
9952
9957
9958
9966
9968
9971
9972
9977
9992
9993
9999
10001
10009
10021
10021
10021
10024
10034
10046
10051
10062
10066
10073
10078
10080
10083
10086
10089
10099
10099
10101
10109
10111
10122
10131
10134
10147
10150
10151
10175
10176
10199
10215
10217
10218
10220
10221
10223
10236
10239
10241
10249
10251
10257
10259
10276
10281
10284
10288
10291
10294
10306
10345
10348
10353
10372
10384
10398
10409
10411
10421
10424
10425
10431
10439
10446
10450
10456
10461
10463
10466
10468
10476
10481
10483
10485
10508
10513
10516
10517
10519
10520
10523
10526
10534
10536
10537
10540
10553
10561
10561
10577
10587
10591
10600
10602
10612
10622
10626
10641
10652
10675
10684
10692
10694
10701
10702
10702
10703
10710
10714
10728
10737
10745
10750
10754
10756
10758
10759
10760
10770
10772
10779
10783
10797
10799
10799
10800
10811
10816
10823
10828
10832
10838
10843
10846
10848
10849
10855
10857
10857
10858
10862
10869
10874
10882
10894
10897
10897
10900
10901
10902
10909
10913
10916
10927
10930
10943
10953
10953
10955
10956
10958
10962
10972
10983
10984
10989
11002
11005
11013
11016
11022
11029
11045
11046
11048
11056
11078
11086
11092
11100
11102
11118
11121
11142
11157
11163
11179
11211
11224
11225
11230
11233
11238
11241
11243
11251
11252
11256
11275
11284
11284
11297
11306
11306
11313
11324
11326
11328
11329
11336
11342
11345
11347
11349
11351
11361
11380
11381
11421
11429
11437
11442
11443
11452
11455
11466
11466
11470
11479
11491
11495
11497
11518
11526
11538
11539
11542
11554
11560
11571
11579
11580
11581
11609
11621
11629
11630
11630
11636
11645
11647
11658
11682
11696
11713
11718
11739
11748
11758
11767
11771
11775
11791
11807
11812
11820
11825
11828
11831
11834
11843
11843
11846
11852
11853
11856
11857
11858
11864
11866
11872
11879
11882
11883
11883
11886
11898
11901
11911
11919
11925
11931
11938
11938
11953
11969
11969
11973
11984
11989
11993
11998
11999
11999
11999
12002
12010
12018
12020
12023
12023
12024
12042
12050
12060
12062
12064
12064
12067
12072
12076
12077
12080
12120
12124
12137
12142
12152
12153
12158
12160
12160
12164
12165
12175
12178
12193
12195
12206
12206
12211
12229
12232
12245
12250
12252
12253
12260
12271
12271
12275
12282
12310
12312
12317
12317
12329
12335
12337
12339
12349
12351
12355
12357
12369
12371
12388
12396
12402
12405
12407
12408
12430
12435
12457
12468
12473
12480
12489
12504
12521
12523
12526
12527
12527
12536
12561
12574
12575
12578
12589
12591
12597
12598
12601
12608
12614
12621
12630
12639
12646
12650
12650
12652
12654
12668
12671
12681
12687
12694
12709
12709
12712
12714
12717
12719
12721
12727
12731
12733
12737
12737
12750
12781
12791
12803
12827
12828
12834
12850
12853
12858
12860
12883
12884
12890
12891
12894
12896
12905
12913
12915
12930
12935
12935
12937
12960
12963
12974
12975
12978
12980
12990
12995
12999
13006
13009
13013
13014
13017
13017
13035
13035
13042
13044
13050
13052
13058
13064
13068
13070
13072
13088
13090
13091
13095
13105
13106
13107
13114
13121
13133
13141
13143
13147
13169
13170
13173
13178
13182
13186
13213
13213
13214
13224
13238
13240
13245
13245
13246
13249
13250
13268
13298
13317
13318
13324
13324
13326
13331
13334
13338
13343
13346
13347
13349
13350
13356
13361
13363
13372
13376
13397
13402
13421
13437
13451
13459
13486
13490
13501
13522
13531
13531
13549
13552
13557
13563
13578
13580
13585
13599
13608
13625
13628
13632
13642
13658
13660
13671
13685
13687
13687
13695
13712
13713
13715
13717
13717
13718
13722
13723
13724
13732
13734
13756
13762
13765
13770
13782
13788
13810
13816
13816
13820
13829
13832
13842
13860
13867
13887
13915
13916
13918
13924
13926
13930
13938
13945
13974
13980
14003
14004
14011
14016
14016
14031
14032
14035
14045
14046
14048
14048
14057
14060
14063
14069
14071
14074
14075
14076
14083
14086
14114
14115
14121
14122
14123
14127
14127
14129
14131
14136
14151
14154
14171
14183
14208
14216
14219
14222
14222
14228
14246
14246
14255
14262
14267
14268
14280
14286
14287
14287
14301
14302
14333
14340
14344
14365
14367
14373
14374
14393
14396
14398
14398
14399
14403
14408
14409
14411
14411
14416
14426
14438
14438
14440
14451
14454
14468
14480
14491
14510
14513
14524
14533
14535
14542
14547
14567
14574
14579
14582
14583
14592
14594
14622
14622
14623
14627
14634
14635
14641
14641
14645
14646
14652
14652
14656
14665
14668
14670
14670
14679
14683
14684
14706
14709
14709
14709
14733
14747
14757
14759
14760
14766
14770
14774
14776
14782
14786
14789
14791
14796
14802
14808
14812
14834
14835
14846
14861
14865
14872
14878
14889
14903
14910
14913
14917
14923
14928
14933
14935
14938
14940
14943
14948
14951
14973
15005
15007
15008
15015
15057
15058
15069
15072
15077
15085
15086
15109
15111
15114
15116
15121
15125
15128
15128
15133
15135
15138
15142
15150
15151
15157
15169
15170
15177
15179
15198
15200
15206
15207
15211
15214
15216
15222
15223
15230
15243
15244
15249
15255
15261
15270
15271
15275
15284
15286
15287
15298
15298
15302
15309
15321
15336
15340
15358
15362
15374
15377
15379
15385
15399
15401
15403
15407
15412
15420
15420
15421
15425
15430
15432
15436
15444
15450
15454
15454
15465
15481
15481
15489
15490
15497
15507
15507
15510
15513
15517
15521
15522
15527
15555
15567
15576
15576
15578
15589
15593
15617
15619
15641
15655
15657
15659
15664
15676
15677
15679
15680
15685
15692
15699
15699
15700
15719
15721
15749
15759
15762
15763
15773
15779
15779
15782
15804
15823
15826
15833
15842
15846
15851
15854
15857
15859
15860
15880
15892
15897
15903
15909
15912
15917
15923
15928
15946
15947
15967
15975
15983
15988
15992
16002
16029
16031
16033
16043
16043
16048
16052
16056
16061
16082
16086
16095
16102
16104
16106
16106
16113
16116
16117
16118
16122
16134
16135
16139
16151
16155
16184
16189
16192
16211
16218
16219
16219
16220
16238
16238
16255
16263
16270
16296
16300
16302
16306
16306
16306
16311
16316
16325
16334
16334
16344
16345
16347
16347
16348
16357
16367
16369
16379
16389
16395
16395
16406
16408
16414
16418
16430
16435
16441
16444
16444
16454
16458
16491
16492
16493
16498
16503
16509
16514
16524
16528
16537
16540
16552
16566
16572
16575
16580
16583
16584
16590
16602
16606
16619
16626
16629
16632
16650
16651
16657
16661
16662
16663
16667
16682
16687
16687
16688
16689
16694
16700
16706
16724
16737
16740
16742
16752
16753
16754
16756
16759
16759
16759
16763
16764
16781
16800
16804
16805
16808
16813
16817
16827
16827
16828
16837
16845
16857
16869
16870
16880
16880
16882
16901
16918
16920
16924
16930
16932
16936
16944
16962
16970
16973
16980
16981
17004
17014
17024
17044
17046
17047
17051
17067
17080
17095
17097
17097
17099
17111
17111
17114
17124
17129
17130
17158
17161
17167
17174
17179
17190
17192
17196
17197
17198
17199
17199
17199
17209
17226
17231
17232
17234
17246
17247
17248
17251
17269
17296
17299
17319
17319
17320
17320
17322
17323
17348
17350
17352
17357
17360
17372
17375
17379
17382
17392
17394
17403
17410
17423
17424
17435
17442
17456
17460
17476
17481
17482
17490
17502
17503
17506
17515
17518
17519
17520
17528
17539
17540
17552
17558
17571
17574
17582
17584
17593
17597
17602
17604
17605
17608
17609
17615
17616
17627
17631
17632
17632
17638
17639
17656
17664
17665
17665
17667
17674
17680
17680
17681
17702
17705
17707
17709
17720
17724
17732
17733
17740
17743
17744
17749
17753
17770
17771
17773
17797
17798
17799
17811
17823
17831
17839
17846
17868
17869
17872
17874
17875
17887
17898
17901
17904
17916
17929
17931
17935
17941
17946
17949
17973
17984
17987
17988
17992
18004
18010
18018
18020
18023
18025
18042
18064
18076
18081
18082
18086
18117
18120
18128
18145
18150
18152
18152
18160
18163
18164
18167
18175
18185
18196
18217
18218
18219
18223
18224
18227
18235
18237
18251
18252
18261
18261
18264
18267
18276
18280
18290
18295
18302
18309
18310
18317
18321
18331
18337
18359
18370
18370
18371
18373
18377
18391
18396
18404
18419
18425
18425
18429
18443
18447
18451
18459
18461
18467
18474
18478
18478
18489
18492
18526
18529
18534
18540
18542
18542
18544
18556
18564
18566
18580
18582
18588
18594
18601
18603
18612
18622
18637
18637
18649
18666
18670
18672
18672
18692
18701
18703
18708
18724
18750
18753
18768
18773
18775
18781
18786
18799
18800
18802
18804
18807
18833
18854
18891
18897
18899
18905
18908
18934
18940
18943
18953
18957
18958
18967
18978
18987
18991
19008
19009
19020
19037
19045
19062
19068
19072
19076
19076
19084
19086
19089
19092
19102
19111
19120
19121
19123
19126
19127
19137
19148
19150
19158
19160
19171
19171
19176
19185
19187
19194
19204
19209
19209
19212
19212
19216
19223
19224
19232
19258
19269
19273
19283
19306
19321
19324
19335
19348
19348
19353
19358
19359
19371
19373
19377
19381
19388
19397
19408
19415
19418
19419
19420
19420
19426
19430
19430
19431
19432
19433
19434
19444
19444
19445
19460
19465
19474
19476
19482
19504
19507
19508
19509
19516
19518
19519
19534
19538
19540
19543
19548
19549
19550
19555
19563
19583
19587
19600
19604
19604
19609
19617
19626
19629
19632
19633
19637
19648
19659
19663
19666
19669
19682
19683
19684
19687
19689
19696
19702
19702
19708
19732
19734
19737
19737
19744
19746
19759
19763
19769
19778
19778
19784
19787
19794
19800
19803
19804
19810
19825
19831
19839
19851
19852
19854
19862
19880
19888
19889
19898
19902
19914
19917
19918
19925
19929
19936
19937
19941
19944
19946
19953
19955
19966
19968
19985
19985
19989
20004
20012
20016
20019
20027
20038
20044
20054
20055
20056
20060
20062
20087
20092
20110
20120
20133
20138
20142
20145
20146
20147
20148
20148
20149
20158
20163
20165
20183
20191
20208
20215
20221
20224
20227
20227
20230
20235
20236
20252
20258
20260
20269
20273
20275
20276
20276
20292
20294
20301
20305
20324
20325
20342
20344
20350
20369
20376
20409
20420
20429
20432
20438
20450
20455
20483
20487
20491
20497
20500
20504
20518
20519
20521
20524
20524
20533
20533
20533
20538
20541
20552
20560
20581
20586
20587
20599
20601
20610
20613
20618
20638
20639
20660
20662
20662
20684
20687
20688
20692
20702
20716
20721
20735
20746
20747
20754
20767
20770
20773
20781
20788
20793
20800
20805
20806
20809
20811
20816
20828
20833
20844
20851
20856
20861
20866
20867
20869
20893
20902
20902
20906
20909
20920
20936
20939
20942
20953
20953
20954
20958
20963
20972
20973
20976
20983
20997
20999
21002
21003
21013
21021
21028
21030
21035
21040
21052
21058
21067
21069
21074
21075
21076
21078
21080
21081
21081
21101
21107
21111
21114
21155
21156
21166
21167
21171
21180
21183
21194
21195
21196
21197
21207
21217
21217
21224
21246
21269
21274
21285
21288
21289
21293
21294
21299
21306
21316
21318
21322
21326
21334
21341
21343
21371
21385
21387
21392
21395
21402
21402
21416
21426
21430
21437
21438
21440
21446
21457
21464
21467
21468
21479
21510
21515
21529
21537
21545
21546
21547
21550
21563
21572
21609
21611
21615
21631
21631
21644
21645
21651
21655
21655
21658
21660
21677
21679
21681
21688
21692
21697
21703
21706
21727
21732
21747
21749
21752
21798
21801
21801
21803
21814
21819
21825
21834
21836
21852
21860
21871
21878
21886
21894
21904
21922
21924
21940
21940
21948
21952
21963
21963
21967
21986
21990
21992
22002
22005
22018
22024
22055
22062
22071
22075
22078
22087
22088
22096
22101
22117
22124
22126
22127
22128
22140
22155
22160
22162
22163
22164
22167
22168
22168
22176
22178
22178
22182
22207
22221
22230
22232
22235
22235
22244
22266
22276
22281
22294
22304
22315
22323
22336
22349
22352
22363
22364
22372
22374
22376
22377
22378
22381
22408
22409
22413
22417
22422
22434
22434
22436
22437
22447
22448
22449
22470
22474
22475
22478
22487
22487
22489
22490
22493
22496
22496
22503
22510
22510
22533
22540
22541
22543
22545
22548
22550
22557
22558
22560
22561
22563
22565
22574
22584
22584
22590
22611
22611
22623
22625
22633
22648
22661
22671
22672
22687
22688
22689
22695
22695
22698
22698
22698
22702
22703
22705
22719
22720
22720
22723
22728
22742
22747
22748
22760
22766
22767
22779
22789
22796
22821
22826
22831
22849
22869
22883
22884
22888
22890
22892
22909
22917
22918
22921
22924
22948
22953
22971
22975
22976
22981
22981
22985
22993
22993
22994
23006
23019
23025
23031
23042
23046
23050
23056
23056
23072
23074
23076
23088
23091
23094
23095
23105
23106
23111
23114
23118
23130
23135
23147
23152
23155
23163
23166
23172
23183
23184
23193
23194
23202
23212
23215
23221
23225
23226
23227
23232
23234
23234
23241
23248
23248
23250
23251
23252
23263
23267
23272
23272
23278
23280
23285
23286
23286
23300
23301
23319
23322
23325
23330
23330
23336
23336
23339
23358
23360
23379
23380
23380
23407
23411
23418
23423
23425
23428
23434
23442
23444
23449
23457
23466
23470
23473
23479
23483
23483
23491
23502
23504
23504
23518
23534
23537
23545
23546
23550
23581
23590
23594
23595
23596
23599
23604
23611
23612
23627
23628
23636
23639
23658
23665
23670
23681
23684
23687
23696
23697
23698
23698
23710
23711
23728
23729
23734
23743
23745
23746
23751
23770
23777
23779
23780
23785
23791
23806
23812
23820
23821
23825
23831
23836
23845
23849
23856
23862
23865
23867
23875
23877
23888
23894
23903
23917
23926
23928
23928
23933
23935
23939
23941
23946
23947
23950
23959
23961
23962
23973
23973
23981
23990
23998
24001
24001
24005
24040
24045
24046
24054
24056
24058
24059
24072
24075
24078
24084
24092
24096
24096
24100
24102
24117
24118
24124
24125
24139
24141
24142
24144
24155
24156
24158
24160
24163
24186
24187
24203
24216
24220
24228
24229
24233
24241
24243
24246
24263
24270
24272
24276
24278
24282
24285
24291
24306
24309
24311
24316
24320
24323
24328
24333
24334
24336
24348
24357
24359
24366
24373
24377
24377
24380
24394
24402
24415
24421
24424
24428
24428
24429
24434
24447
24451
24469
24470
24481
24487
24499
24516
24521
24536
24537
24559
24560
24563
24564
24565
24569
24572
24586
24592
24600
24604
24607
24608
24613
24615
24615
24625
24626
24628
24647
24651
24661
24661
24668
24669
24681
24681
24700
24705
24711
24711
24722
24738
24766
24768
24791
24792
24794
24796
24803
24814
24815
24821
24836
24841
24844
24854
24857
24864
24869
24870
24878
24891
24896
24907
24908
24917
24918
24920
24922
24937
24944
24945
24956
24956
24957
24966
24973
24976
24977
24982
24985
24991
24996
25009
25010
25020
25024
25025
25044
25046
25049
25059
25071
25072
25072
25099
25115
25117
25121
25121
25126
25129
25142
25143
25146
25156
25160
25162
25207
25215
25217
25230
25232
25233
25236
25238
25248
25259
25262
25272
25273
25281
25282
25289
25292
25306
25306
25308
25310
25311
25311
25315
25320
25324
25332
25337
25338
25339
25344
25352
25368
25371
25399
25400
25401
25402
25403
25416
25420
25432
25445
25450
25455
25478
25478
25489
25505
25506
25509
25509
25511
25513
25515
25517
25525
25526
25527
25535
25546
25547
25567
25570
25578
25579
25581
25596
25598
25598
25612
25623
25637
25638
25647
25653
25656
25660
25669
25669
25676
25682
25687
25700
25709
25713
25722
25725
25730
25739
25742
25754
25756
25760
25769
25776
25777
25791
25797
25803
25806
25819
25819
25828
25830
25833
25836
25846
25868
25877
25882
25888
25890
25895
25913
25913
25918
25921
25930
25934
25936
25936
25940
25944
25946
25948
25954
25960
25967
25978
25980
25982
25985
25998
26000
26003
26007
26014
26020
26030
26032
26034
26041
26053
26057
26060
26069
26092
26094
26104
26109
26118
26132
26139
26140
26147
26148
26159
26163
26166
26187
26189
26192
26193
26194
26198
26203
26212
26215
26219
26220
26226
26227
26230
26232
26245
26247
26248
26253
26264
26265
26266
26269
26272
26278
26288
26308
26325
26332
26335
26344
26344
26349
26358
26359
26368
26368
26381
26382
26383
26388
26396
26398
26404
26407
26408
26414
26417
26423
26429
26443
26444
26455
26459
26461
26461
26464
26467
26474
26474
26490
26506
26512
26513
26515
26528
26538
26554
26564
26574
26579
26601
26609
26620
26628
26629
26632
26646
26651
26662
26665
26668
26678
26685
26692
26701
26708
26711
26712
26712
26729
26735
26738
26744
26751
26756
26758
26760
26762
26762
26763
26767
26769
26778
26779
26779
26780
26797
26805
26805
26812
26821
26833
26855
26855
26870
26878
26889
26891
26892
26902
26903
26904
26909
26917
26920
26922
26956
26971
26976
26978
26986
26989
26995
27022
27022
27032
27043
27047
27054
27055
27065
27075
27081
27087
27098
27099
27101
27114
27119
27126
27127
27130
27130
27132
27144
27154
27161
27163
27164
27186
27187
27189
27189
27190
27194
27202
27202
27203
27204
27209
27215
27223
27224
27227
27231
27243
27254
27260
27289
27303
27306
27325
27340
27343
27345
27360
27362
27370
27372
27373
27376
27377
27378
27379
27398
27399
27402
27410
27411
27421
27428
27433
27443
27444
27450
27453
27468
27480
27487
27499
27507
27516
27521
27522
27522
27525
27536
27537
27537
27555
27555
27558
27560
27566
27575
27583
27585
27585
27592
27595
27609
27616
27638
27650
27662
27663
27669
27670
27679
27682
27685
27691
27694
27696
27701
27702
27709
27710
27728
27744
27745
27762
27768
27786
27798
27804
27807
27809
27813
27826
27829
27832
27834
27836
27842
27842
27843
27852
27868
27872
27882
27884
27892
27898
27901
27902
27908
27908
27931
27936
27940
27940
27943
27948
27954
27962
27963
27966
27967
27969
27975
27976
27979
27987
28019
28024
28033
28036
28055
28064
28099
28105
28116
28118
28120
28125
28131
28143
28159
28176
28183
28191
28200
28202
28206
28211
28217
28220
28223
28224
28225
28232
28254
28255
28258
28259
28261
28261
28265
28269
28271
28272
28278
28282
28289
28295
28315
28316
28338
28347
28348
28351
28353
28363
28364
28368
28372
28373
28384
28396
28403
28407
28410
28420
28425
28442
28447
28448
28462
28469
28485
28494
28498
28506
28509
28514
28537
28544
28546
28550
28551
28556
28557
28558
28559
28566
28579
28580
28582
28583
28596
28605
28636
28637
28639
28641
28652
28656
28670
28682
28689
28690
28693
28706
28710
28710
28716
28731
28740
28740
28744
28746
28751
28752
28753
28756
28759
28762
28769
28769
28780
28780
28786
28790
28799
28801
28806
28809
28835
28836
28849
28870
28878
28881
28891
28913
28921
28926
28929
28935
28936
28945
28946
28951
28954
28962
28963
28972
28978
28983
28984
28987
29006
29013
29026
29046
29060
29061
29066
29074
29076
29082
29094
29098
29103
29105
29108
29108
29117
29120
29142
29146
29146
29151
29158
29164
29177
29180
29185
29187
29192
29207
29217
29218
29228
29228
29237
29239
29242
29246
29252
29253
29255
29272
29284
29285
29285
29321
29335
29338
29343
29345
29349
29365
29369
29372
29378
29382
29398
29402
29404
29404
29408
29424
29427
29452
29453
29456
29458
29468
29485
29486
29491
29492
29508
29515
29515
29517
29518
29520
29529
29547
29554
29556
29565
29570
29573
29573
29573
29574
29580
29583
29588
29591
29596
29605
29611
29622
29622
29629
29631
29633
29638
29639
29639
29654
29655
29662
29664
29672
29675
29685
29693
29706
29714
29717
29719
29723
29725
29740
29742
29746
29751
29755
29759
29766
29769
29777
29786
29789
29793
29793
29793
29796
29802
29807
29809
29810
29820
29841
29842
29842
29856
29858
29869
29872
29873
29875
29878
29878
29879
29894
29897
29911
29917
29923
29925
29926
29932
29949
29954
29956
29959
29987
30000
30002
30005
30012
30020
30021
30025
30032
30033
30034
30043
30049
30052
30056
30059
30061
30066
30066
30069
30073
30075
30084
30085
30086
30090
30098
30111
30116
30119
30131
30133
30136
30137
30138
30138
30138
30148
30152
30152
30159
30166
30182
30185
30190
30197
30203
30203
30212
30218
30222
30222
30224
30252
30254
30256
30264
30290
30293
30299
30300
30304
30306
30310
30311
30312
30324
30325
30337
30341
30355
30377
30381
30414
30417
30422
30427
30444
30446
30451
30456
30473
30474
30475
30482
30488
30492
30493
30499
30500
30519
30524
30533
30544
30545
30545
30552
30555
30578
30581
30582
30587
30600
30606
30620
30622
30624
30627
30639
30654
30657
30658
30667
30683
30690
30694
30697
30704
30716
30721
30723
30726
30729
30736
30738
30748
30751
30778
30783
30794
30800
30805
30808
30818
30830
30832
30835
30845
30863
30866
30879
30888
30897
30903
30910
30912
30914
30937
30939
30941
30944
30962
30965
30994
30994
31009
31013
31020
31023
31043
31047
31062
31067
31079
31081
31085
31093
31093
31096
31101
31104
31111
31119
31171
31173
31180
31183
31187
31190
31192
31195
31234
31245
31256
31262
31264
31266
31270
31283
31284
31288
31289
31295
31304
31305
31328
31331
31332
31335
31370
31374
31375
31400
31400
31401
31403
31404
31413
31421
31426
31426
31430
31432
31437
31441
31450
31455
31457
31468
31469
31469
31478
31495
31503
31532
31534
31535
31543
31548
31556
31558
31559
31561
31563
31580
31591
31597
31607
31607
31616
31619
31622
31629
31632
31632
31634
31640
31645
31647
31653
31659
31676
31676
31687
31692
31693
31699
31720
31729
31729
31743
31751
31751
31760
31766
31780
31780
31795
31796
31803
31814
31831
31834
31836
31837
31844
31866
31879
31882
31900
31908
31920
31940
31940
31942
31951
31953
31956
31962
31971
31985
31985
31987
31991
32004
32008
32017
32024
32028
32043
32044
32051
32051
32054
32057
32062
32063
32068
32069
32075
32090
32097
32097
32113
32113
32123
32130
32137
32140
32148
32152
32154
32155
32178
32188
32190
32195
32196
32201
32201
32204
32209
32212
32220
32227
32228
32236
32240
32241
32243
32273
32275
32283
32284
32291
32291
32292
32294
32302
32308
32316
32322
32324
32330
32334
32340
32346
32347
32351
32360
32365
32371
32374
32377
32391
32404
32405
32435
32452
32463
32479
32491
32507
32508
32515
32534
32536
32539
32548
32555
32561
32576
32584
32586
32588
32595
32626
32628
32631
32633
32651
32652
32653
32662
32671
32672
32673
32682
32697
32699
32705
32707
32710
32719
32721
32730
32732
32737
32752
32753
32760
