3
9
10
10
17
20
22
30
38
43
48
52
52
53
61
63
66
67
73
74
79
83
83
84
91
97
104
107
108
110
112
113
117
118
129
129
130
135
136
136
141
149
150
152
158
166
169
171
180
181
188
190
191
194
196
198
199
201
202
208
224
227
227
231
232
232
232
237
240
241
245
246
246
246
249
251
254
255
262
264
266
268
286
289
291
291
291
297
300
302
306
307
309
313
317
322
324
332
334
335
336
342
350
351
352
359
360
361
368
375
376
380
386
388
389
390
391
397
398
406
407
413
416
416
421
426
428
429
445
451
458
462
463
466
474
478
480
481
481
482
486
487
492
492
493
498
501
505
527
527
533
534
541
543
544
545
545
547
556
560
563
566
570
574
577
580
581
586
592
593
604
613
613
614
614
617
621
625
627
631
638
638
640
645
652
653
664
670
671
676
679
679
683
694
695
700
707
713
717
721
723
724
725
727
735
736
742
744
747
752
759
766
776
779
790
797
800
801
802
804
810
815
816
822
825
829
831
832
833
834
842
844
844
846
851
855
857
860
861
863
873
878
878
883
891
894
897
900
908
913
916
918
922
923
923
924
928
929
937
940
940
941
942
943
944
944
947
949
960
962
963
964
964
964
970
973
973
974
978
980
984
986
986
986
988
990
991
999
1000
1000
1007
1025
1028
1029
1040
1040
1042
1049
1052
1057
1060
1065
1066
1066
1079
1082
1084
1088
1089
1094
1099
1101
1101
1104
1107
1114
1117
1117
1123
1126
1127
1131
1132
1136
1137
1138
1138
1138
1140
1141
1143
1148
1148
1149
1150
1152
1158
1159
1162
1163
1167
1170
1173
1176
1178
1179
1182
1183
1202
1202
1204
1205
1215
1215
1228
1235
1242
1247
1253
1258
1259
1259
1260
1269
1271
1273
1279
1279
1279
1283
1295
1309
1323
1324
1326
1327
1331
1336
1336
1337
1337
1342
1349
1349
1357
1364
1371
1372
1379
1381
1384
1389
1390
1391
1392
1393
1394
1407
1410
1411
1415
1416
1418
1419
1421
1436
1439
1442
1443
1446
1451
1451
1454
1455
1462
1462
1464
1467
1477
1481
1488
1489
1491
1494
1501
1505
1511
1517
1520
1530
1531
1532
1548
1552
1553
1569
1576
1579
1582
1590
1592
1596
1604
1611
1613
1616
1616
1618
1618
1625
1631
1632
1634
1635
1638
1639
1639
1641
1642
1643
1645
1649
1656
1660
1662
1663
1670
1671
1671
1672
1684
1685
1686
1687
1688
1691
1693
1693
1696
1697
1700
1700
1711
1713
1723
1737
1745
1747
1748
1751
1752
1753
1754
1760
1763
1766
1771
1771
1772
1774
1774
1785
1788
1798
1798
1799
1808
1810
1813
1817
1821
1824
1829
1830
1836
1836
1840
1844
1849
1853
1854
1856
1862
1866
1866
1869
1869
1870
1876
1876
1881
1885
1888
1889
1890
1891
1891
1892
1895
1897
1899
1904
1920
1923
1929
1931
1934
1938
1939
1940
1941
1941
1941
1945
1947
1953
1959
1959
1960
1964
1968
1968
1969
1977
1983
1984
1990
1996
1998
2003
2009
2010
2015
2015
2016
2020
2022
2024
2024
2025
2025
2027
2029
2035
2037
2042
2043
2043
2067
2076
2076
2077
2080
2081
2090
2095
2098
2102
2103
2117
2118
2122
2123
2124
2125
2126
2131
2134
2135
2136
2137
2139
2143
2146
2153
2156
2156
2157
2157
2159
2161
2171
2178
2180
2182
2187
2188
2193
2194
2198
2202
2213
2214
2216
2224
2225
2229
2229
2234
2238
2239
2244
2254
2258
2261
2263
2267
2268
2271
2275
2279
2281
2285
2298
2301
2309
2317
2319
2323
2327
2335
2339
2342
2344
2347
2349
2351
2352
2352
2356
2362
2370
2375
2375
2380
2382
2388
2390
2404
2404
2411
2411
2412
2417
2419
2420
2421
2422
2426
2427
2429
2431
2431
2432
2434
2434
2438
2439
2444
2446
2461
2465
2476
2481
2484
2485
2491
2493
2499
2500
2504
2516
2524
2525
2537
2540
2540
2543
2544
2552
2557
2560
2562
2562
2563
2563
2564
2565
2567
2567
2569
2571
2572
2573
2580
2582
2583
2584
2585
2587
2590
2592
2596
2599
2600
2600
2601
2605
2605
2612
2615
2618
2620
2624
2626
2627
2636
2639
2639
2640
2649
2650
2655
2655
2658
2664
2664
2670
2672
2676
2677
2680
2688
2700
2701
2705
2707
2713
2715
2716
2726
2727
2728
2728
2730
2731
2733
2748
2753
2755
2756
2756
2759
2760
2763
2764
2769
2771
2773
2774
2776
2777
2783
2784
2784
2795
2799
2800
2800
2807
2808
2809
2816
2821
2824
2826
2828
2829
2834
2845
2847
2850
2852
2855
2856
2859
2860
2870
2873
2874
2876
2877
2879
2880
2880
2885
2886
2886
2888
2888
2889
2889
2891
2892
2892
2893
2895
2905
2905
2908
2910
2918
2921
2922
2923
2928
2933
2938
2939
2941
2945
2951
2953
2958
2961
2963
2966
2969
2971
2976
2981
2991
2991
2992
2992
2996
2996
2997
2997
3004
3005
3006
3008
3012
3022
3025
3027
3027
3029
3035
3039
3042
3045
3049
3054
3057
3064
3067
3079
3082
3082
3083
3084
3101
3113
3121
3121
3132
3136
3140
3145
3147
3149
3149
3156
3157
3159
3168
3179
3180
3189
3193
3196
3197
3199
3205
3212
3216
3216
3220
3225
3226
3233
3235
3253
3257
3264
3264
3271
3272
3272
3273
3274
3275
3278
3279
3283
3292
3295
3295
3297
3301
3301
3303
3308
3313
3321
3326
3333
3342
3351
3356
3359
3363
3364
3377
3378
3379
3380
3386
3388
3393
3397
3401
3412
3414
3418
3421
3423
3432
3437
3440
3442
3443
3446
3447
3449
3451
3454
3457
3461
3462
3463
3467
3467
3468
3470
3470
3475
3487
3495
3498
3500
3501
3508
3508
3516
3522
3531
3534
3536
3537
3537
3548
3558
3560
3561
3563
3566
3567
3569
3574
3583
3583
3592
3598
3599
3599
3601
3605
3614
3614
3616
3619
3620
3634
3636
3637
3642
3643
3645
3648
3651
3654
3657
3660
3661
3663
3663
3664
3664
3666
3667
3672
3683
3683
3684
3685
3691
3695
3700
3709
3711
3712
3717
3725
3728
3729
3733
3733
3735
3747
3749
3752
3757
3761
3767
3771
3774
3776
3778
3781
3782
3782
3784
3784
3786
3788
3794
3795
3805
3806
3810
3816
3816
3818
3823
3826
3830
3832
3834
3836
3836
3839
3839
3842
3844
3854
3857
3858
3864
3864
3866
3869
3873
3879
3880
3882
3888
3891
3892
3893
3894
3894
3896
3896
3897
3901
3902
3908
3910
3914
3920
3920
3921
3921
3937
3944
3946
3960
3966
3968
3968
3970
3973
3974
3981
3981
3983
3987
3987
3988
3991
3995
3996
4000
4004
4004
4010
4011
4015
4021
4023
4025
4026
4028
4031
4032
4034
4040
4046
4049
4052
4053
4055
4060
4060
4060
4063
4068
4069
4082
4083
4087
4102
4102
4106
4106
4108
4113
4114
4117
4122
4124
4124
4126
4138
4147
4149
4157
4158
4158
4161
4162
4164
4165
4172
4179
4180
4189
4192
4197
4198
4198
4201
4202
4205
4206
4206
4209
4216
4217
4224
4226
4226
4231
4231
4234
4239
4244
4247
4248
4248
4263
4264
4269
4285
4290
4290
4293
4298
4304
4307
4308
4309
4311
4314
4315
4323
4326
4331
4337
4347
4348
4353
4354
4354
4356
4358
4358
4358
4359
4364
4370
4370
4370
4381
4382
4383
4383
4386
4394
4398
4403
4404
4405
4407
4417
4429
4431
4432
4438
4442
4460
4466
4466
4478
4481
4485
4492
4493
4494
4495
4497
4500
4501
4504
4505
4506
4506
4509
4512
4514
4516
4517
4519
4521
4524
4524
4535
4556
4568
4569
4575
4576
4598
4604
4608
4614
4619
4625
4626
4629
4634
4636
4647
4650
4657
4657
4663
4664
4671
4677
4686
4692
4693
4700
4711
4711
4715
4722
4728
4729
4729
4739
4755
4756
4761
4764
4774
4774
4776
4777
4780
4783
4784
4786
4786
4787
4788
4791
4793
4797
4799
4802
4804
4808
4810
4816
4817
4818
4830
4830
4834
4835
4836
4842
4849
4861
4861
4861
4865
4868
4869
4870
4870
4871
4872
4875
4877
4879
4894
4894
4896
4896
4898
4900
4907
4911
4927
4927
4930
4935
4938
4940
4946
4953
4962
4963
4964
4964
4967
4975
4977
4978
4979
4979
4981
4981
4983
5001
5003
5005
5005
5005
5006
5020
5037
5043
5052
5053
5054
5055
5059
5063
5068
5077
5084
5087
5093
5095
5099
5099
5100
5102
5117
5118
5120
5126
5126
5128
5128
5129
5130
5131
5137
5138
5139
5148
5149
5155
5158
5161
5162
5163
5164
5167
5170
5174
5178
5179
5180
5192
5193
5197
5204
5205
5206
5218
5219
5221
5223
5231
5236
5237
5239
5239
5253
5254
5256
5257
5260
5260
5271
5273
5274
5275
5276
5279
5280
5284
5286
5287
5289
5291
5307
5311
5312
5317
5326
5327
5328
5336
5337
5340
5347
5347
5352
5354
5355
5355
5357
5363
5363
5366
5368
5372
5376
5387
5388
5390
5391
5392
5394
5403
5406
5408
5409
5415
5417
5419
5422
5422
5429
5434
5435
5438
5440
5446
5450
5452
5452
5453
5456
5461
5463
5464
5467
5475
5475
5477
5493
5494
5496
5503
5505
5510
5514
5514
5519
5528
5528
5531
5536
5537
5539
5546
5550
5557
5558
5568
5574
5581
5582
5582
5589
5601
5603
5605
5609
5621
5621
5622
5623
5624
5630
5633
5633
5638
5638
5643
5648
5651
5663
5666
5679
5679
5680
5683
5687
5687
5693
5704
5705
5707
5707
5722
5725
5735
5756
5762
5767
5770
5780
5784
5784
5787
5789
5792
5796
5801
5806
5807
5811
5813
5813
5821
5822
5824
5825
5826
5827
5832
5834
5835
5835
5844
5845
5847
5848
5849
5850
5854
5861
5862
5863
5865
5865
5874
5877
5880
5885
5885
5885
5888
5888
5900
5904
5906
5913
5914
5928
5930
5933
5936
5942
5943
5943
5944
5945
5950
5951
5953
5955
5961
5962
5966
5966
5967
5969
5970
5972
5973
5978
5978
5979
5994
6000
6001
6008
6009
6013
6024
6025
6035
6036
6037
6041
6043
6044
6045
6046
6049
6051
6057
6063
6064
6065
6067
6067
6074
6076
6077
6079
6083
6083
6084
6084
6093
6101
6105
6107
6114
6115
6116
6124
6124
6125
6137
6146
6148
6150
6151
6154
6157
6168
6172
6172
6181
6184
6185
6189
6193
6195
6197
6199
6201
6202
6204
6206
6207
6218
6218
6229
6232
6232
6236
6240
6241
6241
6242
6247
6248
6260
6261
6261
6268
6268
6269
6279
6289
6290
6294
6296
6299
6301
6308
6313
6314
6315
6318
6322
6327
6330
6340
6341
6346
6349
6357
6359
6363
6364
6365
6368
6369
6372
6375
6379
6380
6382
6386
6391
6397
6400
6400
6406
6408
6410
6412
6415
6424
6427
6428
6432
6442
6446
6451
6460
6463
6463
6463
6472
6483
6485
6490
6494
6496
6500
6501
6507
6509
6516
6517
6518
6525
6526
6530
6534
6545
6551
6559
6567
6577
6578
6581
6591
6594
6594
6594
6598
6600
6606
6611
6614
6617
6620
6621
6623
6623
6629
6630
6631
6639
6640
6643
6643
6646
6649
6653
6655
6659
6663
6664
6666
6667
6667
6668
6670
6671
6673
6679
6683
6687
6688
6690
6691
6694
6706
6709
6709
6715
6715
6715
6717
6723
6724
6726
6730
6740
6740
6750
6751
6751
6751
6757
6761
6761
6762
6763
6763
6765
6773
6773
6779
6782
6788
6792
6797
6807
6815
6818
6820
6822
6826
6837
6837
6841
6843
6855
6859
6862
6862
6865
6867
6870
6871
6871
6874
6876
6876
6877
6881
6882
6893
6893
6896
6896
6898
6898
6903
6913
6913
6923
6933
6934
6937
6938
6946
6947
6950
6964
6981
6994
6998
6999
7020
7020
7021
7025
7037
7038
7039
7042
7045
7046
7058
7060
7064
7065
7070
7105
7120
7124
7125
7127
7128
7130
7133
7145
7147
7154
7154
7155
7158
7158
7159
7163
7165
7167
7173
7174
7180
7184
7185
7195
7201
7205
7208
7216
7218
7219
7222
7222
7224
7228
7231
7233
7238
7242
7245
7245
7245
7251
7251
7254
7257
7257
7261
7264
7267
7272
7274
7279
7284
7285
7288
7297
7301
7302
7303
7314
7324
7328
7332
7340
7348
7354
7355
7359
7368
7375
7378
7379
7382
7384
7392
7395
7395
7396
7396
7401
7402
7408
7408
7411
7416
7421
7421
7421
7448
7449
7452
7459
7460
7462
7463
7477
7477
7480
7486
7487
7489
7491
7495
7499
7500
7508
7511
7512
7516
7517
7522
7523
7531
7532
7535
7536
7540
7542
7550
7561
7564
7564
7565
7572
7573
7576
7584
7593
7594
7599
7602
7611
7612
7619
7623
7624
7629
7632
7632
7636
7642
7642
7642
7651
7665
7668
7671
7673
7673
7673
7675
7693
7698
7708
7709
7710
7713
7721
7722
7727
7733
7738
7738
7745
7749
7752
7753
7754
7755
7756
7756
7756
7771
7774
7790
7793
7794
7802
7805
7809
7819
7827
7827
7829
7849
7852
7861
7864
7866
7870
7874
7875
7877
7887
7894
7895
7896
7902
7903
7910
7922
7923
7923
7928
7932
7940
7940
7956
7961
7967
7970
7971
7975
7977
7985
7991
8001
8015
8015
8018
8028
8029
8031
8032
8033
8037
8044
8046
8048
8049
8056
8060
8065
8066
8066
8067
8068
8071
8074
8076
8078
8083
8085
8085
8092
8108
8116
8117
8117
8121
8126
8135
8138
8141
8144
8147
8150
8152
8155
8163
8164
8167
8169
8170
8172
8176
8178
8179
8199
8199
8200
8210
8211
8214
8215
8218
8220
8222
8223
8226
8231
8232
8235
8237
8238
8256
8257
8269
8269
8270
8276
8280
8282
8293
8298
8299
8300
8301
8302
8305
8310
8311
8312
8318
8320
8324
8330
8332
8339
8352
8362
8363
8372
8376
8377
8378
8378
8380
8383
8390
8391
8393
8406
8406
8406
8409
8412
8413
8413
8414
8421
8425
8429
8430
8431
8434
8435
8436
8438
8439
8446
8447
8449
8452
8454
8460
8463
8470
8474
8474
8482
8484
8486
8497
8506
8506
8512
8513
8534
8536
8541
8549
8550
8552
8559
8565
8570
8572
8573
8586
8590
8599
8602
8603
8605
8611
8611
8613
8617
8617
8626
8629
8640
8641
8643
8655
8660
8660
8673
8685
8698
8702
8707
8707
8714
8719
8722
8724
8724
8727
8734
8750
8752
8756
8756
8759
8766
8776
8786
8787
8787
8792
8796
8797
8797
8803
8812
8814
8818
8831
8843
8850
8851
8851
8859
8860
8866
8873
8874
8877
8878
8880
8884
8884
8886
8886
8887
8889
8893
8895
8899
8907
8913
8917
8918
8928
8930
8933
8940
8942
8944
8945
8952
8957
8960
8968
8974
8976
8984
8985
8988
8989
8996
9003
9005
9005
9005
9007
9014
9015
9015
9021
9021
9022
9026
9026
9026
9027
9029
9032
9033
9034
9034
9040
9048
9049
9056
9059
9061
9062
9063
9069
9070
9073
9078
9079
9081
9082
9096
9102
9103
9106
9108
9126
9127
9134
9142
9144
9161
9163
9168
9169
9183
9186
9186
9187
9194
9200
9200
9201
9205
9207
9210
9215
9216
9222
9224
9227
9234
9241
9244
9244
9246
9251
9256
9258
9259
9260
9260
9262
9263
9263
9272
9273
9288
9291
9291
9294
9294
9304
9305
9309
9317
9319
9329
9332
9334
9336
9345
9350
9370
9372
9378
9382
9389
9389
9390
9392
9401
9409
9410
9411
9417
9418
9418
9422
9425
9435
9441
9450
9454
9464
9464
9464
9465
9473
9479
9483
9487
9488
9488
9489
9490
9493
9494
9499
9509
9510
9514
9520
9537
9545
9557
9558
9565
9567
9567
9575
9580
9583
9584
9588
9593
9593
9601
9605
9607
9608
9612
9614
9619
9620
9621
9623
9628
9629
9630
9635
9636
9638
9639
9639
9650
9652
9662
9666
9670
9672
9683
9692
9696
9703
9705
9705
9710
9712
9712
9716
9727
9729
9730
9731
9733
9734
9737
9738
9740
9748
9748
9751
9754
9756
9758
9758
9770
9778
9781
9783
9785
9790
9792
9793
9798
9799
9800
9805
9817
9819
9825
9829
9829
9833
9837
9837
9843
9845
9849
9854
9855
9855
9863
9863
9867
9876
9880
9889
9889
9894
9897
9899
9900
9901
9902
9905
9916
9918
9921
9923
9927
9928
9928
9930
9933
9936
9939
9941
9943
9945
9948
9956
9957
9961
9963
9964
9973
9976
9978
9979
9982
9990
9996
9996
9998
9999
10000
10004
10007
10014
10028
10039
10039
10041
10048
10049
10072
10073
10075
10077
10080
10083
10084
10094
10098
10099
10103
10103
10106
10109
10128
10129
10131
10134
10138
10144
10156
10164
10165
10166
10169
10170
10170
10172
10172
10175
10176
10179
10181
10181
10182
10186
10186
10187
10188
10190
10191
10191
10193
10202
10205
10207
10207
10209
10210
10211
10213
10224
10226
10232
10236
10236
10236
10238
10245
10247
10249
10254
10256
10260
10261
10264
10265
10270
10275
10276
10280
10288
10288
10297
10300
10301
10313
10315
10324
10324
10329
10331
10339
10341
10342
10346
10348
10359
10362
10362
10377
10379
10388
10388
10394
10399
10402
10407
10410
10419
10420
10420
10423
10427
10428
10430
10431
10434
10435
10441
10473
10475
10477
10486
10488
10490
10500
10500
10501
10501
10503
10511
10511
10512
10519
10519
10519
10524
10524
10536
10541
10548
10559
10559
10562
10564
10566
10567
10575
10578
10579
10581
10581
10583
10584
10596
10599
10606
10609
10619
10619
10620
10621
10621
10633
10634
10634
10644
10657
10661
10668
10670
10670
10673
10675
10678
10681
10682
10683
10687
10687
10687
10688
10689
10705
10706
10711
10714
10721
10724
10724
10728
10730
10733
10736
10736
10737
10738
10742
10744
10744
10744
10748
10752
10753
10755
10777
10780
10781
10783
10789
10794
10796
10800
10802
10803
10807
10817
10821
10823
10825
10835
10839
10844
10847
10856
10857
10858
10860
10865
10880
10882
10883
10883
10884
10888
10890
10892
10894
10900
10905
10906
10906
10910
10913
10913
10913
10920
10927
10932
10932
10933
10934
10951
10953
10954
10954
10961
10967
10967
10969
10970
10974
10974
10975
10981
10981
10988
10990
10990
10991
10992
10996
11007
11008
11010
11012
11019
11021
11023
11028
11033
11034
11042
11043
11044
11046
11049
11051
11053
11059
11067
11072
11077
11081
11082
11083
11084
11087
11091
11095
11097
11098
11102
11104
11108
11112
11119
11126
11129
11130
11133
11133
11133
11134
11139
11149
11157
11160
11160
11160
11168
11176
11177
11178
11185
11186
11192
11197
11202
11204
11207
11207
11208
11213
11216
11221
11222
11223
11226
11235
11236
11242
11246
11249
11250
11253
11255
11268
11276
11277
11280
11282
11285
11286
11295
11297
11299
11309
11310
11311
11315
11323
11326
11327
11332
11336
11337
11343
11346
11349
11349
11350
11353
11354
11361
11365
11365
11375
11377
11379
11385
11385
11388
11388
11394
11398
11400
11405
11405
11409
11419
11421
11428
11429
11430
11432
11434
11440
11442
11443
11451
11452
11455
11458
11461
11461
11471
11491
11498
11503
11503
11523
11524
11527
11527
11529
11538
11539
11540
11542
11543
11543
11545
11545
11553
11553
11563
11567
11570
11573
11575
11577
11588
11588
11589
11589
11590
11595
11595
11601
11604
11604
11606
11607
11609
11619
11622
11632
11632
11634
11640
11641
11643
11646
11647
11652
11658
11660
11679
11686
11688
11698
11704
11704
11707
11710
11710
11720
11724
11732
11732
11733
11735
11741
11742
11742
11747
11751
11758
11765
11766
11767
11773
11774
11774
11775
11782
11785
11786
11786
11791
11792
11798
11805
11812
11821
11823
11825
11826
11826
11829
11838
11841
11841
11862
11873
11878
11885
11888
11893
11893
11897
11899
11899
11903
11906
11908
11915
11917
11918
11919
11923
11924
11936
11937
11943
11944
11945
11949
11953
11954
11954
11961
11963
11966
11968
11968
11969
11972
11974
11977
11978
11981
11993
11996
12001
12004
12004
12004
12009
12012
12017
12019
12022
12022
12023
12024
12030
12031
12033
12035
12036
12036
12039
12041
12042
12044
12052
12055
12058
12064
12069
12071
12080
12087
12090
12091
12092
12094
12094
12096
12099
12114
12120
12120
12125
12131
12132
12134
12140
12141
12142
12151
12154
12156
12161
12168
12175
12177
12177
12189
12194
12196
12211
12215
12223
12228
12229
12232
12236
12237
12239
12245
12260
12265
12265
12268
12270
12273
12274
12275
12276
12281
12282
12282
12287
12303
12306
12313
12313
12317
12318
12321
12331
12332
12332
12340
12360
12363
12378
12383
12383
12385
12391
12391
12392
12393
12393
12398
12403
12406
12406
12421
12422
12422
12422
12426
12427
12430
12433
12442
12451
12458
12468
12474
12474
12476
12482
12487
12491
12492
12498
12500
12500
12500
12501
12504
12508
12509
12510
12528
12531
12538
12540
12554
12555
12572
12591
12591
12592
12593
12597
12599
12600
12601
12603
12607
12615
12621
12625
12629
12630
12631
12638
12652
12655
12657
12660
12664
12669
12678
12678
12678
12681
12684
12687
12694
12695
12697
12704
12707
12709
12711
12720
12721
12724
12724
12735
12735
12736
12738
12740
12748
12748
12750
12751
12759
12764
12771
12772
12784
12785
12785
12787
12788
12792
12793
12796
12797
12797
12800
12801
12818
12818
12821
12824
12826
12830
12830
12833
12836
12839
12840
12842
12843
12846
12852
12854
12855
12860
12867
12869
12871
12876
12878
12883
12889
12896
12901
12906
12907
12907
12910
12914
12923
12929
12933
12936
12937
12940
12941
12943
12946
12950
12951
12955
12960
12962
12966
12966
12971
12975
12979
12982
12985
12990
12998
13004
13006
13007
13007
13010
13015
13023
13026
13027
13029
13029
13031
13033
13034
13040
13042
13042
13043
13061
13063
13073
13082
13085
13087
13098
13098
13099
13100
13101
13110
13115
13118
13120
13126
13127
13129
13130
13131
13133
13135
13145
13164
13181
13182
13183
13190
13196
13201
13202
13208
13210
13217
13221
13223
13228
13237
13244
13244
13253
13255
13267
13270
13272
13275
13275
13276
13283
13292
13298
13300
13305
13307
13309
13312
13320
13329
13330
13331
13336
13346
13346
13347
13348
13353
13354
13355
13360
13363
13369
13370
13370
13371
13372
13377
13381
13385
13390
13394
13395
13396
13396
13396
13401
13403
13403
13404
13406
13406
13409
13411
13413
13417
13420
13424
13429
13431
13433
13435
13435
13456
13459
13460
13474
13483
13491
13492
13493
13498
13501
13502
13503
13505
13505
13505
13506
13507
13508
13511
13512
13514
13515
13518
13522
13523
13523
13526
13531
13532
13532
13539
13544
13545
13550
13556
13564
13565
13566
13577
13580
13585
13590
13592
13609
13610
13617
13618
13621
13634
13637
13637
13637
13637
13642
13647
13649
13651
13651
13655
13655
13661
13664
13664
13667
13668
13668
13669
13672
13674
13679
13681
13683
13687
13689
13704
13707
13708
13710
13715
13717
13725
13730
13732
13735
13737
13737
13739
13742
13755
13755
13760
13762
13770
13770
13776
13781
13787
13787
13788
13790
13791
13799
13808
13808
13813
13815
13822
13833
13838
13840
13846
13856
13856
13865
13865
13869
13873
13875
13877
13879
13881
13882
13888
13889
13892
13895
13896
13923
13931
13933
13934
13934
13941
13942
13944
13953
13955
13959
13961
13963
13970
13978
13988
13989
13992
13998
14000
14005
14006
14014
14026
14027
14031
14035
14035
14044
14044
14045
14047
14052
14052
14053
14055
14059
14063
14066
14069
14069
14071
14071
14081
14083
14087
14096
14097
14106
14106
14114
14116
14121
14124
14126
14129
14132
14132
14141
14141
14150
14152
14157
14170
14173
14180
14181
14187
14187
14189
14191
14191
14192
14194
14199
14202
14215
14216
14216
14228
14229
14234
14241
14246
14246
14254
14267
14269
14273
14283
14286
14293
14295
14304
14306
14309
14310
14314
14330
14338
14343
14344
14354
14355
14363
14368
14375
14381
14386
14390
14400
14403
14410
14423
14427
14432
14435
14437
14438
14438
14439
14451
14455
14456
14457
14458
14458
14460
14463
14474
14477
14484
14493
14516
14517
14523
14526
14526
14528
14532
14532
14533
14533
14545
14545
14559
14563
14564
14570
14579
14581
14588
14594
14601
14601
14604
14605
14606
14620
14623
14629
14641
14645
14645
14647
14654
14656
14660
14660
14666
14669
14669
14673
14680
14681
14681
14683
14686
14693
14696
14717
14724
14729
14729
14732
14737
14738
14741
14744
14744
14744
14745
14746
14753
14761
14766
14767
14772
14775
14784
14790
14795
14796
14800
14803
14804
14810
14814
14816
14819
14825
14829
14830
14832
14833
14833
14837
14848
14859
14859
14862
14873
14876
14879
14882
14888
14890
14892
14893
14896
14898
14902
14902
14902
14904
14908
14911
14914
14919
14921
14922
14923
14926
14927
14933
14934
14935
14936
14939
14939
14941
14943
14944
14945
14950
14955
14955
14958
14966
14967
14968
14969
14975
14976
14978
14979
14979
14980
14988
14992
14993
14997
14998
15000
15007
15008
15019
15019
15029
15031
15034
15035
15040
15041
15043
15044
15048
15048
15064
15066
15074
15080
15081
15084
15090
15092
15098
15099
15099
15108
15109
15114
15117
15118
15118
15119
15120
15123
15131
15133
15135
15135
15137
15141
15142
15163
15165
15174
15175
15177
15178
15178
15181
15184
15192
15194
15196
15197
15199
15208
15223
15225
15225
15229
15240
15241
15250
15250
15252
15255
15256
15256
15256
15263
15263
15263
15269
15274
15277
15281
15283
15285
15291
15293
15297
15297
15306
15308
15309
15309
15310
15312
15320
15320
15332
15333
15334
15340
15346
15348
15349
15352
15359
15363
15364
15365
15368
15368
15369
15372
15376
15377
15379
15382
15388
15389
15391
15392
15396
15403
15406
15411
15411
15416
15422
15430
15444
15445
15446
15447
15448
15448
15452
15452
15454
15455
15457
15457
15470
15473
15473
15474
15475
15476
15479
15479
15481
15482
15490
15495
15495
15496
15497
15503
15508
15516
15519
15525
15525
15526
15526
15528
15531
15533
15540
15545
15545
15549
15550
15551
15553
15557
15558
15561
15569
15576
15586
15587
15589
15600
15605
15607
15612
15613
15618
15623
15624
15624
15625
15627
15628
15630
15637
15638
15641
15648
15659
15663
15665
15665
15671
15680
15684
15685
15687
15689
15691
15692
15693
15719
15724
15729
15736
15736
15737
15744
15750
15751
15754
15762
15764
15770
15779
15780
15781
15797
15801
15805
15807
15814
15816
15817
15819
15824
15827
15829
15832
15839
15847
15847
15848
15860
15861
15866
15866
15869
15872
15872
15877
15879
15888
15895
15895
15901
15902
15903
15907
15907
15910
15911
15913
15914
15915
15919
15923
15931
15938
15955
15956
15959
15959
15965
15965
15967
15969
15975
15976
15976
15977
15990
15996
16002
16010
16012
16015
16018
16022
16029
16032
16035
16038
16043
16043
16044
16048
16049
16051
16053
16056
16064
16064
16070
16079
16087
16090
16095
16096
16100
16103
16110
16111
16111
16122
16123
16126
16127
16129
16135
16137
16139
16140
16145
16146
16150
16150
16151
16152
16152
16153
16160
16166
16169
16170
16172
16173
16175
16176
16179
16187
16189
16192
16192
16198
16204
16208
16213
16220
16220
16222
16226
16242
16243
16243
16244
16244
16245
16250
16263
16268
16269
16274
16274
16274
16276
16276
16280
16283
16304
16313
16313
16322
16323
16333
16338
16338
16341
16343
16343
16349
16349
16352
16360
16365
16366
16369
16369
16370
16370
16371
16381
16383
16393
16396
16407
16411
16412
16412
16415
16417
16417
16419
16423
16430
16434
16436
16441
16446
16447
16449
16453
16464
16467
16469
16481
16482
16484
16490
16492
16495
16495
16497
16498
16499
16502
16506
16512
16513
16514
16517
16518
16518
16522
16524
16526
16528
16530
16534
16536
16537
16537
16545
16550
16550
16551
16552
16554
16556
16557
16566
16567
16568
16570
16571
16573
16578
16581
16586
16598
16602
16604
16606
16607
16608
16609
16615
16617
16620
16624
16629
16633
16638
16641
16643
16650
16652
16654
16660
16665
16667
16670
16678
16678
16679
16683
16685
16690
16693
16699
16700
16705
16710
16711
16711
16714
16716
16716
16718
16721
16730
16731
16737
16738
16740
16741
16744
16754
16755
16757
16759
16760
16764
16775
16779
16779
16787
16798
16803
16813
16822
16822
16830
16837
16838
16839
16847
16850
16851
16853
16855
16857
16861
16865
16865
16867
16868
16873
16876
16876
16877
16878
16879
16880
16882
16886
16890
16894
16895
16899
16900
16903
16905
16915
16924
16926
16927
16930
16937
16938
16941
16943
16947
16947
16948
16955
16959
16966
16966
16967
16968
16969
16971
16973
16980
16982
16983
17001
17003
17004
17005
17012
17016
17018
17020
17022
17031
17032
17032
17036
17036
17038
17041
17053
17055
17057
17062
17063
17063
17067
17071
17073
17077
17085
17097
17097
17100
17121
17122
17125
17132
17132
17135
17145
17145
17149
17149
17149
17150
17151
17153
17157
17158
17162
17164
17168
17172
17183
17184
17186
17192
17192
17197
17199
17200
17209
17213
17221
17227
17227
17231
17231
17234
17241
17247
17248
17249
17250
17259
17261
17262
17264
17267
17274
17280
17288
17295
17298
17306
17306
17315
17318
17319
17323
17324
17326
17335
17336
17350
17355
17355
17356
17359
17360
17361
17362
17368
17368
17371
17371
17371
17374
17374
17377
17379
17380
17388
17391
17392
17396
17404
17412
17415
17415
17417
17418
17420
17422
17424
17432
17434
17437
17438
17443
17447
17452
17457
17458
17465
17465
17467
17469
17473
17473
17474
17475
17476
17480
17489
17493
17494
17503
17514
17517
17518
17525
17526
17526
17529
17530
17531
17532
17541
17541
17542
17543
17546
17556
17557
17558
17559
17560
17562
17565
17570
17570
17572
17575
17582
17585
17589
17595
17598
17599
17600
17601
17604
17606
17612
17615
17617
17617
17619
17620
17622
17623
17623
17627
17631
17631
17632
17652
17655
17656
17658
17659
17663
17666
17668
17671
17676
17679
17684
17685
17690
17700
17701
17706
17730
17732
17738
17739
17740
17745
17746
17748
17749
17750
17751
17752
17753
17754
17756
17757
17757
17767
17771
17773
17776
17784
17786
17787
17787
17789
17793
17793
17796
17798
17801
17803
17804
17804
17809
17809
17813
17817
17821
17822
17823
17832
17833
17833
17835
17836
17842
17844
17845
17850
17861
17861
17862
17865
17865
17875
17876
17878
17878
17883
17884
17885
17892
17893
17898
17904
17908
17911
17915
17919
17922
17923
17926
17927
17927
17935
17936
17937
17939
17941
17942
17942
17951
17953
17955
17961
17964
17974
17984
17985
17992
18001
18002
18004
18004
18008
18008
18010
18011
18021
18025
18029
18033
18051
18054
18063
18064
18064
18065
18066
18067
18074
18086
18088
18091
18091
18091
18092
18099
18100
18103
18105
18106
18109
18109
18111
18111
18119
18120
18120
18121
18129
18130
18133
18141
18141
18143
18146
18150
18151
18167
18168
18171
18171
18172
18172
18174
18177
18177
18182
18192
18194
18195
18197
18198
18204
18206
18213
18213
18217
18221
18222
18223
18231
18255
18256
18257
18264
18265
18278
18279
18279
18281
18283
18283
18286
18288
18295
18297
18299
18302
18304
18304
18307
18311
18315
18317
18328
18336
18349
18350
18350
18359
18359
18360
18367
18375
18382
18384
18386
18388
18392
18397
18400
18401
18404
18407
18408
18409
18428
18431
18432
18434
18437
18442
18446
18447
18456
18465
18467
18467
18471
18473
18481
18482
18483
18488
18499
18499
18502
18509
18509
18509
18510
18511
18515
18521
18521
18523
18524
18526
18526
18528
18534
18534
18536
18542
18544
18545
18557
18557
18558
18563
18567
18568
18573
18574
18581
18591
18593
18593
18600
18605
18606
18618
18619
18619
18622
18632
18634
18635
18643
18646
18647
18647
18648
18649
18652
18652
18656
18661
18664
18679
18688
18692
18695
18702
18704
18704
18706
18707
18712
18721
18723
18725
18728
18728
18734
18735
18735
18738
18742
18748
18752
18754
18755
18756
18762
18769
18776
18778
18782
18787
18789
18793
18794
18809
18815
18815
18817
18818
18819
18822
18831
18833
18838
18845
18847
18853
18858
18859
18862
18864
18867
18871
18871
18871
18872
18884
18885
18886
18887
18893
18896
18897
18900
18913
18913
18917
18918
18921
18922
18925
18927
18930
18938
18947
18957
18961
18977
18977
18977
18988
18990
18998
19003
19004
19007
19013
19015
19022
19026
19028
19045
19049
19051
19058
19058
19062
19067
19074
19078
19082
19086
19089
19093
19098
19100
19100
19100
19103
19104
19104
19106
19107
19107
19108
19109
19112
19114
19115
19125
19128
19146
19147
19170
19172
19183
19186
19204
19211
19212
19214
19216
19221
19227
19227
19230
19233
19238
19243
19243
19245
19248
19253
19259
19265
19267
19268
19271
19271
19276
19278
19278
19279
19281
19290
19291
19297
19307
19309
19310
19310
19312
19323
19325
19328
19329
19333
19339
19349
19351
19353
19357
19358
19361
19369
19378
19390
19393
19393
19393
19394
19399
19399
19413
19416
19419
19422
19426
19430
19433
19435
19436
19437
19442
19446
19448
19449
19450
19454
19458
19458
19465
19469
19476
19490
19500
19502
19503
19504
19507
19526
19527
19532
19532
19535
19540
19542
19544
19545
19548
19553
19554
19564
19572
19574
19582
19589
19590
19594
19602
19603
19608
19609
19609
19616
19618
19620
19621
19629
19631
19632
19633
19633
19642
19648
19650
19650
19661
19662
19663
19663
19680
19681
19682
19691
19691
19697
19698
19702
19710
19715
19716
19719
19727
19727
19734
19736
19743
19743
19745
19747
19748
19749
19754
19755
19757
19759
19764
19772
19773
19775
19779
19788
19793
19802
19806
19817
19827
19829
19832
19839
19840
19840
19841
19842
19844
19845
19847
19848
19850
19866
19871
19875
19877
19879
19882
19884
19893
19900
19911
19911
19916
19922
19922
19932
19932
19935
19941
19941
19948
19951
19959
19960
19962
19963
19964
19965
19968
19971
19975
19976
19977
19977
19979
19979
19980
19980
19982
19985
19990
19991
19995
19995
19997
20001
20005
20009
20011
20012
20014
20015
20017
20020
20021
20028
20029
20030
20031
20031
20036
20053
20055
20064
20066
20067
20070
20070
20073
20078
20078
20083
20084
20085
20087
20094
20096
20096
20097
20109
20117
20132
20135
20136
20138
20138
20143
20152
20156
20159
20159
20160
20161
20162
20164
20165
20168
20169
20170
20171
20171
20173
20175
20179
20182
20183
20187
20188
20191
20193
20197
20198
20203
20206
20207
20212
20216
20216
20220
20226
20227
20230
20233
20245
20250
20252
20254
20255
20257
20259
20261
20261
20262
20264
20265
20265
20265
20267
20269
20274
20276
20280
20293
20296
20297
20297
20301
20304
20304
20305
20306
20316
20328
20330
20335
20344
20347
20352
20362
20367
20368
20368
20369
20369
20371
20371
20373
20380
20384
20386
20389
20389
20391
20392
20393
20397
20398
20400
20410
20412
20415
20434
20436
20440
20443
20444
20448
20458
20460
20478
20484
20487
20490
20491
20496
20497
20499
20514
20515
20521
20524
20532
20533
20535
20540
20543
20546
20546
20553
20554
20554
20558
20560
20560
20565
20569
20570
20570
20577
20584
20584
20586
20586
20590
20598
20608
20611
20613
20619
20620
20621
20627
20628
20634
20641
20650
20656
20668
20671
20673
20688
20688
20688
20690
20691
20693
20697
20698
20699
20705
20714
20714
20716
20720
20726
20727
20729
20732
20734
20735
20737
20737
20748
20750
20753
20761
20763
20768
20768
20771
20773
20776
20777
20778
20780
20783
20786
20786
20790
20802
20803
20816
20823
20826
20835
20841
20845
20846
20851
20851
20851
20858
20862
20864
20865
20871
20872
20874
20877
20878
20889
20891
20894
20897
20898
20898
20900
20900
20905
20907
20908
20910
20913
20914
20919
20920
20920
20922
20927
20928
20928
20929
20930
20930
20932
20934
20935
20937
20942
20942
20944
20957
20959
20961
20968
20970
20973
20981
20982
20990
20991
20996
20998
21002
21004
21004
21011
21015
21017
21019
21020
21027
21031
21031
21038
21040
21042
21045
21047
21048
21052
21061
21067
21068
21073
21073
21079
21085
21089
21090
21097
21100
21100
21107
21109
21110
21119
21119
21120
21124
21125
21126
21127
21133
21134
21136
21139
21143
21146
21148
21160
21161
21164
21165
21172
21174
21175
21180
21186
21186
21187
21188
21195
21203
21203
21209
21210
21210
21210
21214
21217
21221
21232
21240
21241
21241
21244
21249
21250
21253
21257
21261
21269
21275
21290
21290
21295
21312
21313
21314
21314
21322
21330
21330
21335
21343
21345
21350
21355
21355
21356
21356
21358
21361
21367
21372
21373
21373
21374
21390
21391
21394
21395
21400
21401
21402
21403
21404
21405
21405
21407
21413
21415
21419
21431
21432
21433
21440
21442
21446
21454
21456
21458
21459
21463
21465
21468
21470
21480
21483
21486
21487
21489
21490
21494
21497
21497
21497
21511
21511
21515
21518
21519
21523
21526
21528
21531
21532
21534
21540
21543
21551
21553
21553
21556
21557
21561
21566
21572
21575
21577
21579
21589
21593
21599
21599
21605
21607
21608
21612
21613
21614
21615
21619
21622
21629
21635
21640
21641
21642
21643
21647
21653
21655
21662
21663
21665
21668
21678
21678
21683
21684
21689
21690
21695
21704
21709
21710
21711
21713
21721
21722
21738
21746
21754
21764
21764
21764
21768
21772
21775
21778
21786
21789
21794
21795
21798
21800
21806
21815
21815
21816
21819
21820
21827
21832
21832
21836
21842
21845
21846
21851
21856
21859
21860
21863
21868
21874
21883
21896
21899
21901
21901
21906
21910
21918
21920
21924
21924
21926
21932
21938
21946
21946
21951
21957
21960
21962
21975
21976
21981
21981
21989
21993
21993
21999
22003
22005
22010
22035
22035
22043
22054
22060
22061
22062
22064
22065
22072
22077
22079
22079
22081
22084
22088
22090
22090
22091
22100
22102
22102
22104
22109
22113
22113
22114
22114
22115
22116
22119
22124
22129
22132
22137
22146
22148
22159
22160
22162
22169
22171
22178
22184
22189
22189
22193
22195
22198
22205
22206
22209
22209
22214
22219
22223
22224
22224
22224
22227
22229
22235
22236
22238
22238
22240
22249
22251
22256
22256
22257
22262
22264
22266
22270
22271
22277
22282
22282
22284
22286
22286
22288
22290
22291
22294
22307
22311
22319
22328
22336
22339
22347
22358
22359
22371
22373
22374
22375
22387
22390
22400
22401
22413
22418
22421
22424
22429
22429
22432
22438
22439
22441
22455
22458
22459
22460
22462
22465
22467
22471
22474
22478
22479
22481
22492
22497
22497
22502
22508
22509
22513
22513
22514
22518
22520
22523
22525
22529
22537
22547
22548
22548
22550
22559
22559
22563
22563
22564
22565
22566
22567
22568
22572
22572
22573
22576
22581
22582
22588
22588
22591
22598
22604
22607
22609
22611
22615
22628
22631
22633
22638
22638
22643
22643
22646
22655
22658
22658
22660
22662
22670
22670
22673
22675
22676
22677
22678
22680
22685
22686
22695
22695
22696
22698
22705
22709
22709
22713
22715
22720
22729
22741
22752
22755
22761
22763
22772
22772
22774
22775
22777
22780
22791
22793
22796
22797
22798
22799
22801
22802
22807
22807
22812
22819
22821
22825
22827
22829
22830
22831
22832
22839
22840
22843
22843
22843
22844
22847
22851
22852
22857
22861
22867
22870
22874
22879
22882
22883
22884
22886
22897
22904
22905
22908
22911
22914
22930
22933
22958
22965
22967
22969
22977
22978
22981
22984
22985
22989
22995
22996
23002
23006
23008
23012
23012
23015
23017
23018
23019
23024
23025
23033
23045
23046
23055
23059
23065
23066
23085
23088
23090
23096
23096
23100
23102
23104
23106
23110
23113
23115
23118
23124
23125
23132
23136
23148
23151
23164
23183
23186
23188
23192
23194
23196
23198
23200
23202
23203
23207
23218
23219
23228
23228
23230
23233
23234
23235
23238
23246
23252
23253
23255
23255
23258
23258
23259
23261
23280
23284
23290
23298
23299
23301
23302
23311
23312
23312
23313
23319
23322
23322
23322
23328
23331
23332
23333
23336
23340
23350
23351
23351
23357
23358
23363
23368
23370
23372
23377
23383
23384
23388
23390
23395
23396
23397
23399
23401
23406
23407
23410
23423
23427
23427
23428
23431
23433
23437
23446
23449
23450
23468
23473
23478
23481
23485
23488
23494
23495
23496
23499
23501
23533
23536
23537
23555
23556
23556
23558
23563
23564
23565
23566
23578
23579
23580
23589
23590
23593
23602
23608
23611
23616
23617
23624
23627
23635
23644
23653
23655
23655
23657
23659
23661
23663
23664
23666
23668
23669
23674
23678
23684
23685
23689
23700
23712
23714
23718
23719
23721
23723
23723
23726
23734
23739
23740
23742
23744
23747
23754
23755
23758
23759
23761
23765
23765
23766
23768
23772
23773
23773
23774
23775
23775
23776
23777
23784
23785
23786
23793
23793
23797
23802
23804
23805
23805
23807
23808
23816
23818
23819
23820
23820
23829
23834
23836
23842
23844
23845
23850
23850
23851
23855
23855
23862
23865
23869
23878
23878
23886
23890
23895
23901
23901
23906
23907
23907
23910
23910
23912
23914
23914
23914
23919
23930
23933
23936
23943
23945
23951
23953
23957
23959
23964
23971
23974
23979
23980
23989
23990
23993
23995
24001
24008
24010
24017
24019
24025
24029
24029
24037
24038
24040
24043
24051
24051
24057
24061
24069
24069
24074
24075
24078
24078
24083
24083
24085
24089
24089
24090
24092
24092
24093
24097
24097
24108
24109
24115
24115
24118
24123
24140
24140
24144
24146
24146
24148
24153
24161
24162
24169
24172
24173
24180
24181
24190
24202
24209
24210
24212
24212
24214
24215
24218
24221
24234
24238
24246
24246
24251
24257
24258
24259
24267
24269
24272
24275
24278
24290
24292
24295
24296
24302
24311
24311
24314
24316
24319
24320
24329
24333
24334
24339
24341
24348
24351
24357
24358
24371
24373
24375
24376
24378
24379
24385
24386
24387
24391
24396
24402
24403
24407
24419
24420
24422
24424
24426
24429
24432
24439
24442
24443
24449
24453
24454
24457
24460
24463
24463
24466
24467
24471
24472
24473
24476
24476
24485
24493
24494
24495
24497
24502
24506
24513
24516
24518
24522
24524
24525
24527
24528
24529
24533
24541
24549
24551
24559
24561
24563
24567
24572
24583
24583
24585
24585
24586
24593
24593
24593
24595
24600
24610
24613
24617
24626
24628
24632
24634
24635
24642
24643
24647
24648
24657
24660
24663
24671
24674
24676
24682
24687
24699
24705
24721
24723
24729
24730
24730
24730
24731
24736
24747
24760
24761
24769
24774
24775
24782
24784
24785
24788
24792
24793
24793
24794
24797
24799
24799
24799
24804
24804
24810
24813
24815
24819
24820
24831
24832
24834
24834
24837
24861
24864
24864
24864
24881
24882
24888
24888
24891
24891
24891
24891
24895
24895
24900
24905
24907
24913
24921
24922
24925
24928
24928
24939
24939
24940
24941
24955
24959
24959
24964
24968
24971
24973
24974
24974
24976
24977
24977
24981
24984
24984
24984
24985
24986
24987
24995
24998
25008
25011
25013
25014
25014
25015
25026
25031
25031
25060
25062
25064
25068
25069
25071
25071
25078
25078
25084
25085
25086
25086
25090
25090
25090
25092
25094
25105
25112
25115
25117
25122
25124
25128
25128
25129
25131
25133
25137
25137
25139
25146
25150
25151
25151
25155
25158
25160
25163
25165
25170
25185
25187
25188
25189
25190
25197
25201
25202
25208
25209
25210
25216
25217
25217
25224
25227
25228
25228
25231
25232
25233
25240
25241
25250
25254
25255
25261
25274
25276
25278
25280
25288
25290
25304
25305
25306
25316
25323
25328
25333
25335
25338
25341
25344
25348
25353
25354
25358
25358
25359
25361
25363
25368
25369
25379
25383
25393
25400
25404
25409
25416
25418
25418
25423
25427
25427
25427
25430
25432
25433
25436
25437
25442
25447
25448
25451
25453
25456
25461
25464
25470
25472
25475
25475
25476
25482
25488
25492
25494
25495
25499
25501
25505
25508
25511
25514
25516
25517
25523
25525
25526
25527
25536
25539
25546
25548
25552
25565
25565
25567
25574
25581
25582
25588
25591
25592
25601
25605
25605
25609
25610
25614
25617
25618
25619
25620
25623
25629
25636
25642
25660
25661
25662
25669
25669
25670
25670
25671
25687
25692
25697
25706
25707
25716
25718
25719
25720
25727
25727
25733
25741
25744
25746
25746
25749
25750
25752
25755
25757
25767
25772
25772
25777
25778
25781
25788
25798
25798
25803
25805
25810
25811
25819
25823
25827
25828
25829
25844
25845
25845
25846
25848
25856
25858
25866
25867
25869
25869
25873
25887
25887
25896
25902
25902
25905
25906
25910
25910
25915
25917
25918
25922
25929
25929
25933
25934
25937
25946
25956
25963
25967
25976
25984
25994
25998
25998
26004
26005
26006
26008
26011
26013
26013
26014
26016
26019
26023
26023
26039
26043
26044
26044
26047
26047
26048
26049
26052
26052
26054
26054
26054
26060
26061
26065
26071
26074
26074
26085
26088
26092
26093
26093
26094
26094
26096
26102
26106
26109
26113
26121
26125
26125
26130
26130
26134
26144
26144
26145
26147
26149
26149
26155
26157
26159
26160
26163
26164
26166
26167
26171
26171
26175
26186
26193
26207
26208
26212
26212
26214
26215
26221
26225
26232
26234
26238
26240
26245
26246
26250
26254
26254
26263
26264
26265
26269
26273
26282
26283
26283
26283
26284
26286
26286
26287
26288
26288
26299
26300
26300
26300
26307
26308
26319
26333
26341
26344
26348
26348
26349
26350
26351
26351
26353
26362
26364
26373
26373
26374
26375
26376
26378
26379
26384
26386
26390
26390
26395
26395
26396
26396
26398
26398
26415
26417
26418
26426
26431
26432
26437
26438
26439
26441
26443
26444
26453
26453
26453
26460
26464
26465
26467
26476
26476
26497
26501
26507
26512
26513
26517
26519
26523
26524
26532
26539
26540
26549
26554
26554
26564
26565
26566
26577
26585
26585
26587
26593
26594
26598
26602
26602
26603
26604
26604
26609
26610
26610
26613
26616
26626
26630
26632
26640
26644
26651
26651
26654
26656
26660
26664
26666
26666
26668
26669
26682
26682
26682
26683
26692
26694
26699
26703
26706
26708
26708
26708
26709
26709
26711
26711
26720
26724
26728
26728
26736
26738
26748
26756
26757
26763
26770
26776
26782
26797
26797
26797
26799
26809
26810
26811
26814
26823
26837
26844
26845
26847
26852
26854
26859
26859
26862
26862
26863
26864
26868
26870
26871
26873
26873
26874
26874
26884
26887
26892
26897
26897
26902
26905
26905
26911
26913
26919
26920
26923
26936
26947
26950
26952
26952
26955
26957
26958
26959
26960
26960
26963
26972
26978
26979
26982
26983
26984
26988
26990
26990
26994
26997
26997
26998
27001
27021
27024
27032
27036
27037
27041
27041
27044
27045
27045
27048
27050
27055
27056
27059
27060
27060
27060
27064
27068
27071
27072
27078
27079
27081
27081
27084
27091
27094
27094
27097
27097
27098
27098
27098
27099
27102
27103
27103
27105
27106
27106
27110
27113
27115
27117
27117
27123
27128
27129
27129
27130
27133
27134
27139
27142
27155
27157
27159
27162
27166
27168
27172
27173
27174
27179
27181
27189
27193
27195
27196
27199
27202
27202
27204
27204
27205
27208
27219
27221
27224
27238
27249
27249
27249
27257
27259
27259
27263
27267
27270
27274
27279
27282
27283
27284
27286
27290
27299
27300
27313
27318
27321
27325
27327
27333
27334
27339
27342
27349
27349
27351
27353
27359
27363
27367
27369
27371
27372
27377
27394
27394
27395
27396
27401
27406
27410
27410
27410
27415
27415
27416
27417
27417
27419
27423
27428
27431
27433
27437
27438
27442
27446
27446
27462
27463
27467
27477
27478
27483
27484
27498
27499
27502
27509
27510
27519
27528
27528
27529
27538
27539
27541
27545
27549
27553
27563
27564
27567
27573
27574
27575
27581
27587
27591
27597
27598
27603
27610
27612
27623
27625
27627
27628
27628
27631
27632
27637
27651
27651
27656
27660
27661
27664
27665
27668
27671
27674
27679
27685
27688
27690
27691
27693
27699
27702
27707
27707
27711
27714
27715
27718
27721
27722
27723
27723
27726
27727
27727
27727
27734
27736
27739
27743
27747
27747
27748
27748
27748
27754
27762
27764
27768
27773
27783
27789
27790
27800
27802
27806
27807
27815
27832
27833
27833
27836
27839
27841
27842
27845
27851
27856
27859
27867
27870
27872
27874
27874
27875
27895
27897
27900
27902
27907
27910
27911
27919
27926
27929
27929
27933
27936
27937
27940
27941
27942
27948
27951
27957
27959
27959
27963
27967
27967
27976
27978
27979
27981
27988
27991
27991
27995
28000
28006
28011
28015
28016
28018
28025
28032
28035
28037
28040
28042
28043
28044
28052
28057
28060
28061
28065
28065
28066
28074
28078
28081
28082
28087
28089
28090
28095
28097
28098
28106
28107
28110
28120
28125
28133
28136
28136
28137
28138
28146
28147
28149
28156
28158
28159
28164
28169
28171
28189
28192
28194
28195
28196
28200
28201
28211
28214
28215
28216
28216
28219
28220
28222
28224
28225
28230
28231
28236
28237
28246
28248
28249
28251
28255
28267
28273
28278
28279
28292
28294
28297
28301
28304
28306
28317
28332
28332
28335
28336
28343
28351
28363
28366
28367
28370
28380
28380
28384
28384
28386
28391
28393
28401
28404
28408
28409
28414
28416
28418
28429
28436
28437
28439
28439
28440
28441
28442
28446
28448
28452
28456
28457
28460
28462
28463
28478
28483
28489
28493
28496
28497
28502
28511
28518
28537
28539
28545
28549
28561
28564
28570
28570
28570
28575
28576
28577
28582
28587
28590
28591
28598
28602
28604
28610
28610
28622
28624
28625
28632
28634
28637
28641
28656
28663
28664
28671
28679
28683
28685
28688
28688
28692
28693
28699
28706
28714
28716
28718
28722
28726
28730
28733
28738
28738
28742
28749
28750
28752
28763
28765
28767
28767
28774
28779
28781
28782
28785
28789
28791
28806
28811
28814
28817
28819
28827
28828
28829
28837
28839
28839
28841
28845
28845
28855
28860
28867
28873
28874
28877
28879
28888
28890
28891
28893
28903
28910
28913
28913
28916
28919
28922
28924
28929
28932
28932
28933
28943
28943
28955
28961
28969
28976
28978
28979
28979
28984
28988
28989
28992
28995
28995
28996
28999
29003
29007
29007
29018
29024
29030
29033
29039
29044
29045
29053
29053
29058
29061
29064
29065
29066
29067
29067
29069
29069
29074
29076
29078
29078
29078
29080
29082
29089
29107
29115
29118
29119
29132
29134
29134
29135
29148
29149
29157
29158
29159
29160
29163
29167
29169
29171
29180
29180
29183
29184
29193
29194
29197
29201
29203
29214
29225
29228
29233
29238
29240
29240
29242
29244
29250
29257
29262
29271
29271
29281
29291
29293
29296
29298
29305
29305
29309
29309
29311
29312
29318
29318
29327
29332
29337
29339
29340
29346
29348
29352
29365
29366
29367
29367
29372
29373
29380
29385
29386
29387
29388
29389
29394
29399
29412
29415
29416
29419
29420
29426
29435
29437
29443
29448
29456
29458
29467
29470
29471
29473
29474
29477
29481
29481
29483
29484
29489
29501
29507
29508
29510
29514
29519
29521
29529
29533
29533
29536
29536
29539
29540
29543
29546
29551
29553
29554
29554
29556
29559
29560
29568
29569
29571
29580
29582
29582
29583
29587
29597
29598
29599
29601
29601
29604
29610
29611
29613
29616
29624
29625
29626
29628
29634
29644
29647
29649
29655
29659
29659
29660
29661
29666
29668
29674
29683
29684
29685
29687
29691
29692
29696
29697
29698
29699
29701
29704
29706
29706
29708
29716
29719
29722
29725
29726
29729
29742
29751
29756
29761
29764
29771
29773
29773
29782
29786
29795
29798
29800
29804
29810
29813
29813
29813
29818
29822
29822
29823
29826
29826
29827
29828
29829
29830
29840
29843
29846
29848
29848
29852
29852
29853
29854
29856
29861
29866
29869
29869
29870
29874
29874
29875
29875
29876
29877
29885
29889
29889
29894
29898
29907
29908
29916
29917
29922
29924
29928
29928
29930
29937
29944
29950
29953
29960
29963
29966
29967
29967
29971
29974
29975
29977
29981
29988
29991
29991
29999
30001
30003
30008
30009
30010
30014
30021
30022
30024
30028
30033
30034
30040
30050
30050
30050
30051
30051
30056
30061
30067
30067
30070
30074
30080
30080
30082
30083
30088
30093
30094
30105
30109
30110
30111
30114
30116
30125
30131
30138
30140
30142
30143
30151
30153
30161
30171
30174
30184
30188
30188
30195
30197
30198
30201
30201
30205
30206
30209
30211
30223
30225
30232
30232
30233
30237
30239
30245
30250
30257
30257
30264
30270
30279
30281
30294
30297
30298
30300
30304
30305
30310
30317
30324
30330
30333
30340
30345
30349
30355
30358
30361
30364
30372
30373
30377
30380
30382
30383
30385
30387
30389
30395
30396
30399
30404
30405
30410
30410
30412
30419
30420
30421
30426
30447
30449
30451
30452
30455
30463
30464
30469
30473
30473
30477
30483
30484
30489
30492
30495
30496
30502
30502
30504
30505
30512
30514
30514
30518
30522
30531
30537
30545
30548
30551
30557
30564
30569
30569
30571
30576
30582
30582
30587
30593
30597
30597
30601
30605
30608
30610
30611
30616
30628
30631
30634
30635
30641
30646
30646
30652
30654
30659
30664
30668
30677
30679
30683
30694
30695
30696
30698
30699
30710
30710
30711
30712
30712
30717
30718
30725
30725
30726
30739
30740
30746
30748
30750
30753
30754
30757
30776
30778
30780
30782
30787
30796
30798
30801
30804
30811
30816
30819
30820
30821
30825
30834
30841
30847
30865
30870
30871
30873
30873
30876
30880
30883
30883
30884
30885
30885
30887
30889
30894
30896
30907
30912
30912
30913
30916
30917
30919
30921
30929
30934
30935
30936
30943
30943
30944
30950
30951
30951
30954
30954
30962
30965
30966
30971
30975
30983
30985
30987
30988
30989
30989
30990
30991
30993
30997
31007
31008
31011
31015
31017
31024
31024
31027
31030
31030
31032
31034
31040
31042
31042
31044
31052
31052
31057
31059
31070
31071
31079
31093
31096
31102
31102
31106
31111
31112
31116
31117
31129
31139
31140
31146
31151
31160
31169
31169
31183
31186
31188
31190
31195
31220
31220
31227
31235
31236
31239
31241
31250
31251
31256
31259
31264
31266
31272
31272
31274
31274
31275
31275
31284
31287
31289
31289
31303
31306
31312
31327
31329
31332
31334
31335
31337
31341
31342
31347
31354
31360
31364
31368
31372
31378
31378
31383
31385
31385
31385
31387
31390
31400
31403
31406
31407
31408
31410
31411
31420
31422
31430
31432
31441
31444
31445
31448
31451
31455
31459
31460
31465
31466
31473
31475
31477
31478
31484
31484
31488
31490
31490
31491
31492
31494
31494
31496
31507
31512
31517
31524
31525
31542
31546
31553
31553
31560
31565
31565
31570
31572
31578
31583
31585
31587
31595
31600
31600
31607
31609
31618
31619
31619
31623
31627
31627
31628
31632
31635
31642
31643
31644
31645
31651
31655
31656
31656
31658
31662
31663
31664
31664
31682
31694
31694
31700
31704
31709
31722
31726
31728
31737
31739
31739
31742
31748
31750
31751
31753
31756
31756
31765
31771
31776
31781
31782
31794
31794
31795
31801
31802
31803
31804
31809
31811
31822
31829
31829
31829
31831
31838
31839
31841
31844
31844
31844
31845
31845
31850
31855
31862
31873
31874
31877
31877
31886
31886
31890
31891
31894
31897
31898
31899
31899
31901
31911
31913
31914
31916
31916
31918
31929
31931
31940
31947
31947
31953
31956
31957
31959
31961
31965
31965
31967
31967
31969
31973
31975
31978
31982
31983
31985
31996
31997
31999
32003
32008
32010
32011
32012
32013
32015
32016
32018
32018
32021
32025
32032
32036
32048
32049
32054
32061
32062
32068
32069
32074
32077
32082
32085
32086
32089
32091
32091
32092
32094
32095
32097
32105
32107
32115
32119
32122
32122
32122
32125
32130
32132
32138
32143
32143
32148
32156
32166
32169
32179
32184
32187
32189
32190
32193
32197
32201
32203
32218
32222
32228
32233
32243
32244
32245
32246
32251
32254
32256
32264
32266
32276
32276
32277
32278
32284
32287
32288
32290
32298
32298
32298
32302
32302
32303
32304
32313
32315
32319
32321
32321
32322
32322
32323
32333
32336
32337
32354
32357
32359
32361
32361
32362
32370
32373
32377
32380
32387
32388
32395
32398
32398
32401
32411
32412
32412
32423
32426
32429
32437
32438
32440
32444
32444
32447
32447
32451
32452
32471
32477
32484
32487
32489
32492
32494
32496
32502
32502
32506
32510
32512
32512
32517
32531
32533
32536
32540
32542
32544
32546
32547
32548
32549
32550
32552
32557
32564
32569
32584
32588
32589
32592
32593
32594
32596
32599
32601
32602
32605
32613
32617
32618
32619
32626
32628
32631
32634
32636
32647
32647
32648
32652
32659
32666
32679
32679
32685
32700
32702
32702
32703
32704
32707
32709
32713
32713
32714
32716
32723
32734
32735
32762
32764
32766
32766
