3
6
7
8
16
20
28
28
29
29
36
39
41
41
43
46
53
53
55
55
56
57
66
68
71
79
84
86
93
101
103
103
105
106
108
116
122
124
125
133
136
150
151
151
152
153
154
158
160
163
171
174
176
179
182
183
186
191
195
198
199
200
204
211
217
222
226
228
233
242
242
249
253
255
257
257
257
258
260
261
263
264
264
270
274
276
281
282
285
286
288
288
291
291
291
293
296
300
312
317
320
322
324
325
328
329
333
346
347
353
353
356
360
364
365
365
367
370
375
377
379
381
386
386
390
391
400
400
403
410
410
414
416
418
421
424
429
441
446
447
449
452
464
465
467
478
480
486
499
501
510
510
510
510
511
518
521
525
527
529
529
530
533
533
536
537
540
541
541
546
548
557
557
558
562
564
565
569
571
572
572
580
581
581
582
582
582
587
592
597
606
607
610
621
631
634
641
641
643
645
654
663
669
683
685
691
692
694
698
698
702
703
706
712
716
718
723
735
735
737
744
745
747
752
757
766
774
776
783
787
790
791
795
797
798
807
808
809
811
815
817
818
820
824
825
829
843
844
844
847
851
856
856
857
860
860
861
864
872
877
882
885
887
890
893
894
894
897
897
898
901
903
903
904
910
911
913
916
926
928
929
930
935
936
939
949
952
958
963
964
971
971
975
977
980
980
983
986
987
987
989
990
994
997
998
999
1003
1007
1021
1022
1032
1032
1035
1036
1036
1039
1043
1051
1061
1066
1075
1075
1076
1079
1083
1084
1091
1094
1095
1108
1108
1110
1112
1114
1115
1116
1122
1128
1132
1133
1139
1140
1140
1146
1151
1153
1158
1164
1166
1168
1173
1177
1181
1182
1183
1184
1185
1187
1191
1191
1193
1194
1195
1196
1200
1209
1210
1210
1210
1212
1215
1218
1221
1227
1228
1230
1232
1241
1242
1243
1251
1253
1259
1259
1259
1260
1261
1262
1262
1266
1276
1276
1279
1285
1285
1289
1297
1300
1304
1307
1308
1315
1326
1328
1332
1332
1334
1344
1344
1347
1347
1347
1347
1357
1358
1360
1362
1364
1366
1369
1376
1379
1382
1392
1393
1393
1394
1396
1397
1401
1404
1405
1408
1408
1409
1411
1412
1414
1423
1425
1429
1429
1429
1437
1438
1438
1444
1444
1445
1456
1457
1462
1463
1463
1467
1469
1470
1472
1479
1489
1492
1494
1494
1500
1508
1509
1511
1518
1519
1523
1526
1527
1535
1536
1536
1536
1541
1541
1542
1549
1552
1553
1559
1561
1563
1563
1572
1573
1577
1579
1580
1589
1591
1592
1593
1594
1595
1601
1602
1604
1606
1607
1609
1610
1612
1613
1615
1625
1630
1637
1643
1649
1649
1652
1654
1660
1662
1668
1669
1669
1678
1682
1682
1684
1686
1694
1703
1706
1707
1714
1721
1724
1729
1731
1733
1734
1746
1754
1755
1765
1766
1769
1774
1775
1779
1780
1784
1796
1799
1801
1803
1805
1806
1806
1811
1818
1830
1836
1838
1840
1842
1844
1849
1850
1852
1858
1858
1859
1862
1872
1873
1876
1876
1877
1880
1888
1893
1894
1894
1899
1902
1903
1910
1915
1924
1931
1938
1939
1947
1955
1956
1956
1957
1957
1960
1960
1961
1964
1965
1965
1965
1969
1974
1979
1982
1991
1994
1996
2000
2000
2003
2003
2008
2013
2014
2015
2020
2020
2021
2023
2027
2033
2038
2047
2049
2055
2055
2060
2061
2065
2066
2066
2067
2068
2069
2073
2075
2077
2081
2087
2105
2106
2106
2112
2120
2124
2126
2130
2131
2134
2139
2139
2140
2141
2149
2153
2153
2162
2162
2162
2162
2164
2165
2167
2169
2171
2172
2173
2178
2182
2182
2190
2192
2193
2193
2194
2197
2197
2198
2205
2214
2217
2220
2225
2228
2235
2235
2236
2237
2242
2242
2255
2256
2256
2256
2259
2262
2268
2269
2274
2274
2279
2281
2283
2283
2284
2289
2298
2300
2305
2313
2317
2328
2330
2331
2333
2336
2339
2339
2343
2343
2348
2358
2358
2361
2362
2364
2368
2369
2373
2374
2378
2378
2381
2381
2390
2392
2397
2399
2400
2404
2414
2421
2422
2423
2424
2429
2429
2431
2432
2442
2446
2447
2461
2462
2463
2468
2469
2470
2471
2473
2477
2481
2488
2490
2491
2494
2501
2503
2504
2504
2505
2505
2507
2514
2514
2517
2518
2522
2524
2530
2535
2536
2541
2545
2549
2553
2555
2564
2569
2572
2575
2576
2577
2579
2579
2582
2590
2592
2592
2604
2610
2612
2614
2615
2616
2618
2625
2628
2629
2631
2631
2632
2634
2634
2635
2636
2636
2640
2641
2646
2648
2659
2662
2666
2668
2675
2675
2676
2676
2683
2684
2686
2687
2693
2702
2709
2710
2711
2711
2720
2725
2726
2737
2743
2750
2753
2757
2761
2762
2768
2768
2780
2783
2783
2787
2790
2791
2794
2795
2798
2800
2817
2817
2821
2828
2829
2830
2837
2842
2846
2859
2863
2864
2864
2870
2874
2874
2876
2878
2878
2880
2884
2884
2886
2890
2893
2898
2901
2905
2912
2917
2917
2919
2926
2928
2929
2930
2930
2933
2937
2943
2944
2954
2961
2961
2962
2965
2966
2970
2975
2976
2976
2978
2979
2979
2985
2989
2997
3006
3007
3009
3012
3015
3015
3018
3019
3020
3025
3029
3033
3033
3044
3047
3055
3056
3062
3065
3069
3075
3079
3080
3080
3081
3085
3089
3099
3102
3102
3109
3110
3116
3120
3122
3127
3128
3128
3131
3135
3135
3135
3136
3136
3136
3143
3143
3144
3145
3146
3148
3150
3151
3159
3164
3170
3170
3188
3195
3195
3196
3202
3209
3211
3211
3212
3213
3215
3219
3227
3229
3231
3234
3237
3241
3242
3242
3248
3252
3253
3267
3272
3277
3279
3279
3281
3282
3291
3295
3296
3300
3302
3306
3309
3311
3312
3319
3320
3324
3330
3338
3338
3339
3342
3348
3353
3355
3357
3364
3366
3371
3375
3375
3375
3378
3381
3388
3388
3390
3391
3393
3394
3395
3398
3409
3414
3414
3415
3426
3426
3431
3432
3438
3441
3442
3451
3453
3454
3461
3464
3465
3472
3481
3483
3485
3496
3498
3500
3502
3503
3503
3504
3505
3508
3510
3511
3513
3516
3516
3521
3527
3531
3535
3535
3536
3541
3545
3545
3550
3552
3555
3556
3559
3562
3563
3568
3569
3570
3570
3571
3578
3578
3581
3582
3587
3592
3593
3595
3602
3606
3608
3609
3612
3619
3626
3632
3635
3635
3638
3639
3642
3643
3645
3649
3649
3657
3666
3686
3690
3691
3695
3696
3698
3698
3699
3702
3709
3711
3714
3715
3723
3729
3732
3737
3738
3744
3746
3749
3755
3755
3766
3769
3773
3775
3787
3798
3801
3808
3819
3821
3833
3835
3835
3842
3842
3842
3843
3843
3850
3852
3852
3853
3856
3857
3862
3862
3881
3881
3885
3886
3886
3888
3911
3912
3912
3919
3920
3922
3925
3925
3926
3927
3928
3931
3932
3933
3936
3936
3941
3944
3950
3950
3951
3951
3958
3958
3964
3973
3976
3978
3980
3984
3996
4001
4005
4007
4010
4023
4023
4025
4037
4038
4038
4039
4040
4042
4049
4049
4050
4056
4057
4064
4064
4066
4068
4083
4086
4089
4107
4108
4113
4116
4116
4118
4121
4122
4130
4131
4133
4138
4139
4142
4144
4148
4150
4160
4162
4163
4170
4170
4172
4175
4176
4185
4185
4185
4201
4202
4203
4206
4209
4211
4214
4215
4216
4217
4219
4222
4227
4230
4237
4238
4239
4241
4242
4254
4258
4258
4259
4261
4262
4263
4264
4264
4270
4274
4276
4279
4281
4283
4285
4288
4290
4298
4302
4303
4311
4324
4330
4331
4335
4336
4340
4341
4346
4349
4350
4353
4359
4364
4366
4366
4373
4377
4378
4379
4380
4380
4381
4385
4385
4387
4393
4397
4399
4400
4403
4404
4405
4407
4413
4415
4417
4419
4419
4419
4421
4423
4428
4429
4430
4434
4439
4449
4449
4450
4452
4460
4462
4463
4474
4483
4485
4487
4488
4491
4494
4501
4501
4507
4509
4511
4513
4514
4522
4531
4532
4532
4537
4543
4556
4557
4566
4567
4569
4570
4573
4576
4579
4581
4581
4583
4586
4586
4589
4591
4596
4598
4601
4604
4604
4605
4606
4606
4607
4615
4622
4628
4629
4631
4643
4644
4644
4645
4645
4647
4648
4654
4656
4658
4662
4666
4671
4680
4687
4688
4689
4692
4694
4695
4696
4699
4700
4700
4701
4701
4706
4709
4712
4714
4717
4724
4729
4730
4734
4735
4750
4752
4752
4757
4766
4771
4773
4781
4785
4789
4789
4793
4800
4806
4808
4809
4810
4819
4820
4821
4822
4827
4828
4830
4838
4841
4847
4849
4851
4851
4853
4856
4857
4861
4869
4870
4872
4874
4877
4883
4889
4894
4901
4902
4906
4913
4913
4914
4915
4922
4926
4926
4929
4934
4939
4941
4941
4951
4952
4965
4966
4974
4977
4978
4982
4982
4983
4986
4987
5001
5002
5017
5020
5020
5021
5023
5029
5031
5035
5035
5041
5043
5045
5047
5064
5065
5069
5070
5077
5079
5079
5086
5099
5106
5108
5108
5109
5110
5110
5112
5114
5116
5126
5128
5130
5131
5132
5135
5142
5146
5147
5147
5152
5157
5158
5164
5165
5177
5178
5180
5186
5186
5193
5195
5196
5197
5198
5204
5204
5204
5210
5213
5214
5217
5218
5219
5222
5227
5229
5239
5239
5239
5243
5245
5248
5253
5256
5261
5264
5268
5269
5272
5272
5273
5275
5280
5285
5296
5299
5301
5301
5302
5304
5306
5307
5308
5312
5318
5321
5323
5324
5330
5332
5338
5340
5343
5345
5363
5364
5364
5366
5369
5371
5376
5385
5386
5388
5389
5389
5397
5407
5408
5414
5416
5418
5420
5421
5421
5423
5439
5444
5449
5452
5456
5462
5465
5465
5466
5468
5468
5469
5472
5472
5478
5481
5485
5488
5493
5493
5495
5498
5499
5500
5502
5505
5509
5510
5511
5512
5513
5514
5516
5519
5519
5527
5532
5535
5535
5535
5542
5544
5544
5544
5546
5546
5549
5556
5560
5563
5582
5584
5585
5596
5597
5605
5607
5609
5609
5610
5611
5623
5628
5637
5646
5663
5664
5671
5673
5677
5684
5689
5690
5696
5705
5714
5715
5716
5716
5717
5727
5739
5743
5753
5758
5759
5769
5770
5783
5786
5788
5794
5798
5799
5804
5806
5814
5815
5824
5835
5837
5838
5842
5845
5846
5846
5848
5851
5851
5861
5866
5874
5876
5877
5878
5878
5888
5890
5891
5895
5897
5898
5909
5911
5915
5915
5922
5930
5931
5934
5938
5939
5940
5943
5944
5958
5962
5965
5972
5978
5984
5985
5987
5991
5993
5996
5999
5999
6000
6006
6009
6011
6015
6022
6024
6025
6026
6032
6033
6040
6040
6041
6046
6052
6054
6070
6075
6075
6075
6077
6078
6081
6084
6088
6089
6090
6092
6092
6094
6094
6100
6104
6105
6107
6107
6110
6116
6119
6121
6128
6132
6134
6135
6138
6138
6141
6156
6172
6174
6175
6176
6178
6178
6183
6188
6192
6194
6195
6198
6202
6204
6204
6207
6214
6216
6217
6219
6222
6229
6236
6237
6242
6244
6254
6255
6259
6259
6265
6265
6269
6269
6274
6278
6278
6279
6284
6291
6294
6295
6298
6305
6308
6309
6310
6314
6320
6327
6330
6334
6337
6339
6345
6345
6346
6349
6370
6390
6394
6397
6398
6398
6398
6401
6403
6403
6409
6411
6412
6413
6414
6415
6418
6423
6426
6427
6428
6434
6435
6442
6445
6456
6456
6462
6462
6468
6471
6471
6472
6477
6482
6483
6484
6485
6494
6494
6495
6500
6507
6507
6515
6517
6519
6526
6526
6529
6530
6534
6534
6538
6544
6544
6545
6548
6550
6554
6554
6556
6557
6559
6560
6561
6561
6563
6568
6568
6569
6571
6577
6579
6583
6587
6592
6597
6597
6600
6603
6605
6605
6607
6610
6613
6614
6615
6617
6621
6626
6630
6634
6634
6637
6638
6640
6646
6648
6650
6652
6653
6654
6655
6657
6660
6663
6663
6671
6673
6674
6675
6675
6681
6684
6687
6690
6703
6704
6706
6712
6717
6720
6725
6726
6726
6726
6729
6732
6736
6740
6743
6745
6748
6748
6752
6753
6755
6765
6768
6769
6770
6774
6781
6783
6787
6793
6794
6798
6799
6800
6802
6804
6808
6808
6814
6815
6819
6827
6827
6833
6839
6840
6842
6847
6856
6857
6859
6859
6863
6868
6878
6879
6880
6884
6887
6887
6889
6893
6896
6900
6906
6908
6912
6922
6933
6936
6943
6944
6944
6946
6951
6959
6963
6964
6969
6972
6972
6973
6976
6978
6979
6983
6987
6991
6994
7008
7012
7014
7018
7020
7021
7024
7024
7026
7029
7030
7032
7034
7040
7045
7045
7050
7050
7050
7050
7051
7065
7073
7078
7080
7080
7082
7085
7086
7089
7093
7094
7100
7104
7111
7114
7116
7121
7123
7126
7126
7126
7139
7139
7146
7153
7157
7160
7163
7163
7166
7169
7176
7177
7179
7186
7191
7201
7210
7215
7215
7217
7218
7218
7221
7221
7223
7230
7233
7242
7246
7247
7247
7253
7256
7257
7261
7266
7274
7276
7276
7277
7282
7286
7287
7291
7294
7294
7299
7301
7302
7307
7308
7308
7308
7323
7325
7327
7327
7328
7332
7336
7338
7343
7344
7345
7349
7352
7361
7377
7379
7382
7382
7384
7389
7390
7391
7393
7394
7404
7412
7421
7422
7424
7426
7429
7435
7435
7435
7436
7436
7439
7441
7443
7450
7452
7457
7459
7462
7468
7473
7474
7481
7484
7488
7492
7493
7494
7495
7498
7499
7510
7515
7518
7522
7526
7527
7531
7533
7533
7533
7539
7543
7548
7549
7557
7558
7558
7562
7563
7563
7563
7565
7569
7570
7571
7579
7581
7588
7589
7589
7589
7594
7596
7601
7602
7608
7609
7610
7610
7614
7615
7619
7621
7623
7624
7626
7636
7636
7644
7646
7648
7652
7653
7665
7680
7683
7684
7688
7690
7693
7697
7698
7702
7703
7712
7712
7714
7715
7716
7719
7719
7721
7733
7738
7739
7742
7753
7755
7757
7762
7766
7780
7782
7791
7798
7798
7803
7811
7813
7813
7816
7819
7825
7828
7830
7830
7833
7833
7836
7836
7836
7839
7843
7845
7854
7854
7854
7857
7861
7868
7869
7875
7877
7880
7883
7885
7889
7889
7896
7898
7900
7900
7908
7916
7920
7935
7942
7952
7954
7962
7965
7965
7971
7979
7985
7986
7990
7994
8000
8000
8011
8014
8021
8024
8028
8028
8029
8030
8031
8033
8033
8034
8043
8045
8054
8056
8058
8059
8063
8063
8073
8074
8080
8085
8087
8089
8091
8100
8104
8105
8105
8110
8110
8117
8117
8125
8125
8128
8135
8135
8138
8142
8142
8144
8146
8151
8157
8166
8169
8174
8174
8178
8179
8183
8185
8189
8190
8191
8193
8193
8197
8200
8202
8204
8205
8209
8212
8213
8217
8217
8218
8221
8223
8224
8226
8226
8231
8233
8234
8239
8244
8249
8249
8251
8252
8255
8261
8262
8263
8264
8265
8265
8265
8271
8272
8274
8279
8284
8286
8292
8293
8295
8297
8304
8305
8318
8321
8321
8326
8327
8331
8333
8336
8337
8339
8342
8344
8354
8354
8360
8363
8371
8377
8379
8379
8380
8387
8391
8391
8392
8394
8394
8415
8418
8418
8426
8431
8432
8433
8434
8435
8437
8440
8446
8446
8448
8449
8452
8455
8461
8468
8469
8470
8471
8472
8474
8477
8482
8483
8483
8483
8488
8493
8493
8497
8500
8503
8506
8509
8509
8512
8529
8529
8537
8543
8548
8549
8557
8559
8560
8561
8567
8576
8580
8584
8585
8586
8587
8590
8591
8593
8596
8600
8606
8606
8607
8609
8614
8614
8615
8618
8618
8629
8630
8635
8640
8644
8648
8655
8657
8660
8666
8667
8667
8670
8681
8687
8692
8702
8704
8714
8715
8717
8719
8721
8730
8734
8735
8736
8737
8741
8741
8748
8758
8760
8761
8763
8765
8770
8779
8781
8791
8791
8797
8799
8805
8810
8812
8813
8815
8818
8825
8835
8846
8854
8854
8866
8866
8874
8875
8877
8879
8881
8882
8883
8885
8887
8891
8893
8894
8895
8903
8909
8918
8919
8922
8928
8930
8935
8935
8948
8950
8954
8963
8965
8966
8966
8967
8968
8970
8971
8971
8979
8981
8989
8990
8993
8994
8998
9000
9001
9006
9024
9028
9030
9032
9052
9065
9072
9086
9091
9091
9097
9103
9105
9111
9112
9115
9117
9120
9127
9128
9132
9133
9139
9140
9143
9145
9146
9146
9147
9151
9152
9158
9160
9161
9164
9165
9168
9169
9171
9179
9181
9183
9184
9186
9190
9190
9193
9196
9204
9210
9215
9217
9219
9220
9225
9232
9238
9240
9243
9253
9257
9257
9272
9291
9294
9298
9317
9319
9321
9322
9328
9329
9330
9334
9336
9337
9341
9348
9354
9359
9361
9362
9362
9364
9364
9368
9373
9378
9378
9385
9387
9394
9396
9400
9401
9409
9413
9413
9415
9423
9425
9427
9429
9429
9431
9431
9432
9433
9441
9446
9447
9453
9453
9456
9456
9458
9458
9459
9459
9462
9465
9466
9468
9468
9471
9473
9475
9478
9482
9485
9486
9487
9487
9489
9489
9490
9502
9502
9504
9505
9512
9513
9517
9517
9519
9521
9521
9522
9524
9527
9529
9535
9537
9538
9539
9539
9540
9540
9545
9547
9549
9559
9563
9564
9567
9567
9569
9571
9575
9575
9576
9579
9586
9595
9598
9604
9604
9604
9605
9607
9608
9610
9610
9611
9614
9621
9624
9625
9628
9629
9630
9636
9644
9648
9652
9653
9655
9661
9662
9667
9671
9673
9675
9681
9681
9682
9683
9683
9686
9689
9692
9692
9698
9698
9701
9717
9718
9719
9726
9730
9731
9732
9733
9735
9738
9739
9740
9742
9743
9745
9749
9752
9754
9762
9766
9768
9780
9787
9788
9793
9793
9810
9813
9817
9817
9820
9821
9822
9822
9826
9829
9839
9840
9845
9851
9866
9866
9869
9869
9870
9870
9877
9885
9891
9896
9896
9898
9900
9902
9904
9914
9914
9916
9919
9921
9921
9921
9924
9924
9926
9931
9940
9948
9949
9950
9956
9959
9971
9973
9977
9980
9988
9991
9993
9995
9995
9998
9999
10000
10002
10005
10005
10009
10010
10010
10012
10013
10014
10015
10021
10028
10032
10033
10033
10035
10038
10039
10047
10051
10055
10065
10065
10067
10072
10083
10089
10091
10092
10094
10097
10098
10107
10108
10110
10111
10112
10113
10114
10115
10122
10123
10127
10129
10132
10133
10135
10138
10140
10144
10145
10162
10168
10168
10178
10178
10182
10184
10185
10198
10201
10203
10204
10214
10219
10222
10224
10224
10225
10226
10230
10233
10234
10235
10236
10239
10250
10254
10255
10261
10268
10268
10274
10279
10280
10282
10284
10285
10286
10289
10290
10291
10297
10300
10300
10310
10316
10319
10319
10325
10329
10335
10343
10343
10349
10352
10369
10371
10375
10379
10384
10393
10401
10410
10410
10413
10415
10416
10417
10418
10422
10435
10444
10449
10449
10450
10456
10464
10466
10467
10471
10473
10476
10478
10479
10481
10486
10487
10491
10507
10510
10511
10511
10512
10516
10521
10524
10530
10531
10532
10539
10539
10544
10546
10548
10553
10554
10555
10557
10558
10563
10563
10565
10566
10567
10569
10571
10571
10571
10573
10576
10577
10582
10586
10586
10589
10591
10599
10600
10605
10605
10607
10609
10610
10610
10610
10614
10617
10619
10620
10622
10622
10629
10645
10646
10647
10651
10651
10652
10652
10653
10657
10658
10666
10672
10672
10680
10681
10686
10688
10688
10693
10694
10707
10707
10709
10709
10709
10709
10712
10714
10716
10717
10719
10723
10724
10728
10732
10737
10741
10743
10753
10760
10762
10765
10766
10777
10778
10782
10786
10790
10797
10798
10800
10803
10806
10810
10814
10817
10817
10819
10831
10841
10851
10853
10868
10880
10881
10883
10888
10889
10898
10900
10902
10903
10906
10907
10910
10917
10921
10929
10935
10940
10942
10951
10953
10959
10967
10977
10979
10983
10984
10987
10996
11000
11008
11008
11008
11009
11009
11014
11014
11018
11020
11021
11032
11032
11033
11039
11042
11043
11043
11047
11050
11050
11052
11057
11058
11058
11059
11061
11062
11064
11067
11067
11070
11075
11077
11082
11087
11089
11093
11094
11101
11103
11105
11105
11108
11110
11116
11119
11121
11122
11135
11141
11144
11144
11144
11153
11159
11165
11167
11173
11174
11174
11177
11178
11183
11188
11190
11191
11195
11197
11197
11199
11199
11207
11209
11211
11212
11214
11215
11216
11220
11222
11227
11230
11232
11233
11237
11237
11238
11241
11243
11247
11248
11254
11257
11269
11270
11271
11271
11272
11273
11275
11276
11277
11283
11292
11302
11315
11322
11323
11324
11327
11331
11332
11352
11352
11352
11352
11354
11357
11358
11361
11363
11364
11365
11374
11377
11383
11384
11387
11392
11397
11401
11401
11402
11409
11414
11421
11425
11427
11432
11432
11433
11444
11446
11451
11453
11458
11458
11463
11463
11466
11471
11473
11474
11476
11482
11483
11488
11488
11496
11499
11500
11503
11504
11507
11509
11512
11514
11514
11515
11519
11526
11532
11540
11542
11543
11548
11548
11551
11553
11555
11560
11562
11568
11569
11570
11574
11577
11578
11580
11581
11582
11597
11603
11604
11606
11608
11613
11620
11620
11621
11624
11625
11628
11630
11631
11632
11634
11636
11636
11638
11638
11638
11639
11641
11645
11648
11651
11662
11665
11674
11685
11691
11692
11695
11702
11703
11706
11709
11717
11717
11719
11721
11726
11729
11730
11732
11736
11738
11741
11745
11745
11748
11749
11751
11767
11768
11769
11770
11770
11772
11776
11776
11783
11789
11793
11795
11795
11796
11806
11806
11807
11817
11818
11821
11821
11822
11824
11827
11829
11841
11841
11842
11848
11849
11851
11853
11858
11869
11878
11880
11888
11889
11899
11900
11912
11914
11916
11916
11917
11929
11929
11936
11936
11938
11941
11941
11944
11952
11952
11958
11959
11960
11965
11968
11969
11972
11976
11977
11977
11982
11986
12001
12001
12006
12008
12015
12023
12026
12027
12027
12028
12029
12032
12035
12041
12042
12043
12044
12049
12053
12055
12058
12060
12060
12064
12070
12073
12077
12079
12084
12088
12093
12093
12094
12100
12115
12116
12119
12121
12131
12136
12139
12139
12142
12143
12151
12153
12155
12157
12158
12160
12163
12164
12169
12169
12169
12171
12171
12172
12178
12181
12189
12191
12196
12197
12198
12198
12201
12208
12208
12208
12212
12213
12213
12215
12216
12217
12231
12231
12233
12234
12241
12242
12242
12246
12246
12248
12256
12256
12261
12263
12276
12277
12281
12282
12285
12290
12293
12294
12295
12298
12300
12306
12310
12311
12318
12318
12321
12336
12337
12342
12343
12344
12345
12345
12349
12351
12352
12359
12369
12374
12379
12380
12384
12391
12394
12395
12396
12397
12397
12398
12402
12406
12411
12412
12412
12418
12421
12423
12423
12428
12429
12434
12435
12440
12443
12447
12448
12454
12459
12460
12472
12474
12474
12475
12477
12478
12479
12480
12483
12485
12487
12496
12496
12501
12502
12505
12509
12513
12514
12517
12520
12523
12531
12540
12545
12545
12547
12551
12554
12559
12564
12566
12566
12568
12569
12570
12572
12577
12583
12587
12587
12596
12602
12604
12607
12608
12609
12612
12613
12616
12616
12621
12623
12625
12627
12627
12629
12629
12634
12634
12635
12637
12639
12640
12645
12653
12663
12665
12675
12678
12683
12686
12686
12690
12692
12694
12698
12704
12704
12708
12709
12710
12712
12715
12715
12715
12718
12719
12721
12734
12739
12740
12743
12743
12745
12747
12748
12750
12753
12764
12771
12772
12773
12773
12774
12779
12780
12781
12783
12785
12791
12796
12799
12807
12810
12813
12821
12823
12824
12826
12829
12830
12833
12836
12837
12845
12846
12858
12860
12871
12872
12873
12878
12880
12885
12886
12889
12893
12898
12899
12903
12903
12905
12912
12919
12919
12920
12922
12927
12928
12944
12945
12946
12947
12950
12951
12957
12965
12965
12967
12967
12969
12973
12982
12983
12986
12990
12991
12999
13000
13003
13005
13006
13009
13011
13014
13015
13018
13019
13024
13029
13030
13030
13036
13042
13043
13047
13050
13055
13056
13056
13057
13059
13061
13065
13066
13072
13073
13080
13085
13085
13089
13092
13092
13093
13093
13098
13099
13103
13104
13110
13111
13114
13124
13124
13125
13135
13136
13137
13138
13142
13144
13148
13150
13153
13153
13153
13154
13154
13157
13159
13163
13166
13170
13171
13175
13178
13183
13187
13190
13192
13197
13202
13204
13206
13210
13211
13213
13219
13220
13225
13230
13243
13244
13245
13250
13251
13256
13261
13263
13265
13270
13271
13273
13276
13276
13289
13289
13294
13294
13298
13301
13309
13311
13316
13317
13322
13323
13333
13333
13334
13335
13339
13342
13346
13346
13348
13348
13349
13351
13353
13356
13362
13363
13364
13365
13366
13366
13368
13368
13368
13369
13380
13382
13385
13386
13387
13389
13390
13393
13393
13394
13401
13406
13407
13410
13413
13423
13424
13424
13427
13430
13435
13439
13444
13448
13456
13457
13460
13461
13462
13462
13463
13466
13479
13484
13488
13489
13497
13499
13500
13500
13508
13508
13508
13514
13515
13517
13526
13527
13530
13532
13534
13535
13541
13542
13547
13552
13553
13554
13555
13557
13568
13575
13580
13584
13590
13599
13604
13612
13618
13619
13635
13638
13640
13644
13645
13649
13650
13650
13654
13655
13658
13658
13663
13664
13671
13674
13677
13678
13678
13679
13682
13686
13689
13694
13695
13696
13708
13708
13709
13724
13724
13726
13727
13728
13732
13733
13734
13734
13735
13740
13743
13746
13748
13752
13754
13755
13761
13763
13766
13774
13777
13777
13781
13785
13789
13794
13817
13820
13825
13827
13831
13832
13836
13838
13843
13858
13869
13870
13871
13881
13887
13888
13891
13891
13892
13892
13892
13897
13903
13905
13910
13915
13921
13926
13930
13937
13938
13939
13939
13942
13948
13958
13969
13977
13979
13988
13990
13996
14011
14012
14013
14013
14015
14021
14022
14022
14023
14030
14032
14034
14037
14040
14040
14046
14054
14056
14057
14059
14064
14065
14066
14068
14070
14070
14070
14070
14072
14075
14075
14077
14077
14078
14078
14088
14095
14098
14102
14103
14104
14105
14105
14110
14113
14114
14115
14121
14122
14125
14133
14135
14139
14141
14141
14144
14146
14156
14157
14159
14167
14172
14174
14175
14180
14180
14180
14182
14182
14185
14185
14185
14186
14188
14189
14191
14192
14195
14203
14205
14208
14214
14216
14220
14220
14221
14225
14227
14229
14237
14240
14244
14257
14268
14277
14280
14281
14285
14285
14286
14287
14291
14294
14296
14296
14296
14297
14298
14311
14316
14324
14328
14332
14336
14337
14338
14342
14344
14355
14361
14361
14363
14368
14371
14380
14382
14382
14386
14390
14394
14396
14398
14400
14402
14403
14405
14416
14419
14422
14425
14427
14428
14430
14432
14439
14447
14448
14449
14451
14452
14460
14463
14465
14467
14473
14475
14481
14488
14499
14501
14502
14508
14516
14519
14523
14524
14528
14529
14533
14536
14537
14542
14544
14544
14545
14552
14555
14557
14557
14563
14568
14569
14569
14569
14572
14589
14590
14590
14591
14591
14594
14595
14598
14599
14601
14605
14616
14623
14624
14624
14631
14632
14636
14637
14638
14640
14644
14645
14648
14648
14661
14662
14662
14664
14664
14671
14679
14684
14688
14689
14692
14699
14699
14700
14700
14701
14703
14707
14713
14715
14721
14729
14732
14733
14734
14735
14735
14738
14741
14745
14751
14755
14760
14761
14764
14764
14776
14776
14780
14785
14787
14793
14793
14794
14799
14800
14801
14802
14807
14810
14810
14812
14812
14814
14815
14820
14822
14824
14834
14839
14840
14842
14848
14849
14855
14857
14858
14859
14859
14862
14868
14879
14882
14883
14884
14884
14885
14888
14889
14893
14893
14893
14894
14896
14899
14908
14913
14916
14923
14925
14925
14929
14930
14930
14932
14934
14937
14942
14945
14948
14949
14954
14958
14960
14965
14968
14977
14979
14980
14989
14990
14991
14999
15002
15003
15010
15013
15014
15016
15021
15025
15025
15026
15037
15038
15038
15038
15041
15043
15045
15047
15048
15054
15055
15069
15074
15074
15077
15079
15082
15083
15087
15090
15098
15102
15105
15118
15132
15132
15132
15134
15137
15140
15141
15149
15153
15154
15159
15161
15165
15165
15167
15169
15177
15179
15185
15190
15200
15201
15206
15207
15219
15220
15220
15222
15223
15223
15231
15234
15238
15241
15243
15244
15246
15248
15250
15251
15253
15256
15258
15261
15262
15270
15273
15277
15284
15285
15289
15295
15298
15303
15304
15305
15307
15309
15309
15311
15312
15315
15319
15320
15320
15321
15324
15332
15335
15339
15341
15341
15344
15344
15345
15346
15347
15350
15355
15361
15362
15364
15364
15366
15368
15369
15371
15373
15388
15395
15397
15399
15403
15403
15404
15405
15409
15421
15427
15427
15431
15431
15432
15433
15438
15439
15440
15442
15443
15445
15453
15453
15456
15456
15458
15458
15460
15464
15471
15476
15477
15477
15478
15480
15487
15488
15489
15493
15494
15497
15508
15509
15509
15511
15512
15513
15514
15514
15514
15517
15522
15527
15528
15528
15538
15543
15546
15555
15555
15560
15569
15573
15576
15581
15582
15583
15584
15587
15594
15596
15597
15598
15600
15601
15608
15614
15618
15618
15620
15620
15621
15622
15627
15630
15634
15634
15638
15642
15648
15649
15650
15650
15658
15658
15661
15664
15664
15677
15678
15681
15682
15683
15691
15694
15701
15703
15706
15706
15708
15708
15713
15717
15720
15721
15721
15731
15735
15736
15737
15738
15740
15740
15741
15743
15744
15744
15744
15746
15747
15749
15752
15753
15755
15755
15755
15756
15757
15762
15763
15766
15767
15767
15783
15792
15794
15799
15800
15802
15802
15807
15818
15823
15825
15827
15829
15833
15839
15841
15849
15850
15854
15858
15859
15860
15862
15863
15864
15866
15867
15871
15873
15875
15875
15877
15877
15877
15885
15901
15904
15904
15904
15904
15905
15907
15907
15910
15917
15918
15919
15920
15923
15931
15932
15933
15935
15937
15937
15938
15938
15939
15940
15942
15947
15951
15956
15962
15962
15969
15970
15977
15980
15986
15989
15990
16004
16018
16022
16023
16023
16026
16034
16035
16036
16046
16046
16048
16054
16055
16056
16056
16072
16072
16073
16077
16084
16086
16090
16093
16093
16095
16101
16104
16106
16110
16115
16116
16117
16118
16125
16126
16127
16127
16129
16137
16138
16148
16150
16160
16160
16162
16177
16179
16185
16189
16196
16197
16199
16200
16204
16209
16211
16212
16221
16228
16231
16232
16234
16235
16238
16238
16240
16240
16244
16245
16249
16252
16255
16258
16264
16265
16265
16265
16271
16274
16284
16289
16291
16292
16295
16300
16303
16304
16305
16315
16315
16315
16323
16326
16327
16329
16334
16334
16338
16342
16346
16348
16352
16353
16356
16356
16359
16360
16362
16362
16370
16371
16374
16380
16385
16388
16393
16394
16400
16400
16403
16403
16405
16408
16410
16412
16419
16429
16433
16437
16440
16445
16447
16448
16449
16454
16457
16460
16465
16465
16471
16478
16478
16479
16490
16490
16490
16490
16496
16499
16500
16504
16508
16508
16508
16509
16509
16517
16517
16521
16523
16525
16542
16543
16545
16547
16548
16556
16561
16570
16571
16572
16578
16582
16582
16591
16593
16601
16603
16604
16612
16613
16614
16615
16618
16621
16624
16624
16629
16629
16629
16634
16640
16641
16642
16644
16660
16664
16665
16666
16666
16667
16675
16675
16679
16679
16680
16686
16696
16698
16703
16709
16712
16713
16713
16714
16715
16717
16725
16734
16737
16739
16740
16740
16745
16746
16751
16761
16762
16763
16763
16765
16770
16772
16773
16775
16777
16780
16783
16788
16795
16795
16799
16801
16801
16806
16810
16821
16822
16824
16825
16826
16826
16827
16830
16835
16838
16838
16840
16842
16843
16848
16854
16867
16868
16869
16869
16873
16889
16890
16893
16899
16899
16900
16903
16907
16908
16908
16910
16913
16917
16919
16923
16924
16924
16929
16932
16934
16942
16949
16953
16953
16955
16957
16963
16963
16966
16967
16971
16981
16981
16985
16990
16993
16993
16993
17004
17005
17007
17009
17015
17016
17017
17018
17019
17020
17026
17027
17035
17038
17038
17038
17050
17050
17059
17061
17072
17073
17074
17074
17075
17081
17082
17101
17103
17106
17113
17132
17133
17143
17144
17149
17152
17152
17154
17159
17160
17162
17166
17168
17170
17178
17186
17190
17194
17202
17203
17211
17212
17215
17216
17231
17236
17239
17247
17248
17257
17260
17267
17271
17277
17277
17279
17284
17289
17289
17291
17297
17300
17301
17304
17304
17308
17312
17320
17325
17327
17330
17333
17340
17340
17347
17349
17352
17355
17372
17375
17375
17375
17376
17383
17383
17384
17391
17400
17402
17407
17417
17424
17424
17425
17426
17431
17432
17432
17436
17439
17444
17446
17447
17452
17454
17454
17464
17465
17467
17468
17475
17484
17486
17491
17493
17495
17496
17497
17500
17507
17521
17523
17533
17537
17538
17539
17540
17540
17545
17545
17546
17556
17558
17562
17562
17563
17564
17569
17569
17569
17570
17572
17579
17585
17585
17587
17588
17588
17593
17597
17600
17604
17612
17620
17624
17631
17633
17634
17634
17635
17637
17643
17646
17647
17648
17648
17649
17653
17654
17660
17661
17665
17667
17676
17681
17683
17687
17696
17698
17702
17708
17713
17715
17718
17722
17728
17728
17731
17736
17736
17741
17744
17750
17751
17757
17758
17761
17769
17776
17780
17785
17785
17790
17792
17793
17794
17799
17800
17802
17803
17807
17808
17813
17820
17820
17822
17825
17825
17825
17827
17829
17832
17834
17836
17840
17840
17841
17842
17846
17848
17849
17851
17851
17856
17864
17866
17868
17870
17870
17872
17878
17880
17886
17889
17889
17893
17894
17895
17895
17896
17911
17912
17914
17916
17918
17921
17926
17926
17931
17944
17948
17961
17961
17970
17976
17979
17980
17982
17987
17989
17992
17997
18002
18013
18017
18017
18019
18021
18023
18023
18026
18026
18026
18033
18035
18041
18042
18043
18045
18050
18059
18065
18066
18071
18079
18082
18083
18083
18091
18093
18103
18104
18106
18107
18112
18112
18112
18120
18124
18124
18133
18135
18137
18138
18140
18145
18155
18156
18165
18171
18176
18182
18190
18192
18199
18200
18201
18203
18203
18204
18214
18215
18219
18220
18226
18229
18230
18233
18236
18237
18237
18241
18244
18250
18257
18259
18260
18263
18265
18265
18270
18283
18283
18284
18285
18295
18296
18305
18306
18314
18314
18314
18321
18322
18323
18331
18335
18335
18335
18338
18343
18348
18353
18359
18362
18365
18371
18371
18374
18376
18376
18376
18381
18385
18396
18397
18397
18401
18401
18402
18418
18421
18421
18426
18427
18430
18437
18444
18447
18448
18448
18448
18451
18457
18459
18472
18473
18473
18474
18475
18483
18484
18485
18488
18488
18491
18493
18494
18495
18496
18496
18500
18501
18504
18506
18508
18509
18512
18516
18519
18522
18524
18525
18530
18536
18536
18537
18538
18541
18541
18542
18543
18551
18552
18554
18556
18556
18558
18559
18561
18564
18564
18564
18570
18571
18572
18574
18580
18581
18584
18584
18586
18589
18593
18594
18594
18597
18600
18609
18610
18611
18617
18625
18633
18636
18637
18639
18640
18642
18642
18652
18653
18655
18660
18665
18665
18670
18670
18671
18672
18674
18675
18675
18677
18678
18680
18682
18683
18692
18693
18702
18707
18708
18712
18720
18722
18724
18728
18732
18738
18745
18754
18756
18756
18768
18769
18771
18775
18779
18779
18780
18780
18782
18785
18785
18788
18791
18793
18803
18810
18813
18817
18818
18823
18824
18825
18828
18828
18830
18830
18833
18833
18833
18835
18835
18836
18839
18846
18851
18852
18854
18860
18867
18867
18868
18871
18873
18874
18879
18882
18888
18900
18911
18913
18917
18918
18919
18923
18925
18930
18933
18936
18937
18940
18941
18941
18949
18956
18962
18964
18967
18968
18969
18972
18972
18973
18989
18994
18998
19003
19004
19005
19007
19010
19020
19021
19021
19024
19030
19034
19037
19040
19041
19045
19047
19047
19048
19050
19054
19056
19058
19065
19066
19068
19069
19071
19074
19077
19084
19084
19086
19091
19098
19100
19108
19110
19111
19111
19111
19113
19114
19115
19116
19119
19124
19136
19143
19144
19149
19152
19152
19155
19163
19166
19171
19173
19173
19180
19181
19189
19194
19195
19198
19199
19200
19204
19205
19209
19209
19213
19215
19218
19222
19229
19234
19236
19240
19246
19248
19250
19252
19257
19259
19259
19262
19262
19262
19270
19276
19279
19281
19286
19295
19298
19300
19305
19305
19311
19312
19315
19317
19318
19326
19334
19335
19338
19341
19342
19345
19348
19353
19354
19354
19357
19368
19375
19375
19380
19391
19392
19393
19394
19396
19396
19399
19401
19401
19404
19406
19406
19413
19418
19422
19424
19424
19431
19433
19436
19438
19440
19441
19442
19451
19462
19478
19479
19479
19486
19487
19493
19493
19493
19508
19508
19510
19510
19510
19511
19516
19520
19528
19533
19540
19548
19552
19552
19556
19566
19567
19573
19574
19590
19593
19593
19598
19599
19599
19600
19602
19603
19605
19608
19610
19614
19614
19616
19620
19624
19626
19626
19627
19642
19645
19648
19649
19650
19655
19660
19660
19662
19665
19666
19667
19670
19673
19680
19682
19687
19687
19692
19696
19700
19705
19710
19718
19727
19728
19728
19730
19732
19732
19732
19734
19736
19743
19743
19744
19747
19752
19756
19761
19769
19771
19771
19773
19775
19775
19775
19776
19776
19783
19786
19789
19795
19795
19810
19813
19822
19824
19825
19827
19829
19829
19830
19837
19840
19841
19841
19841
19846
19850
19853
19854
19871
19872
19875
19877
19878
19880
19881
19881
19885
19888
19891
19892
19897
19898
19899
19900
19900
19905
19907
19911
19912
19912
19914
19915
19917
19921
19928
19928
19929
19930
19935
19944
19950
19950
19951
19956
19958
19962
19968
19970
19973
19980
19980
19982
19983
19983
19984
19991
19991
20003
20020
20022
20022
20022
20024
20027
20028
20029
20031
20034
20043
20048
20049
20052
20062
20066
20066
20068
20068
20069
20071
20072
20073
20075
20076
20080
20081
20087
20097
20098
20101
20103
20104
20104
20111
20112
20114
20121
20122
20122
20123
20125
20130
20130
20132
20135
20136
20138
20140
20141
20146
20150
20157
20157
20157
20159
20165
20174
20175
20175
20177
20180
20190
20191
20193
20193
20196
20197
20198
20198
20200
20202
20203
20204
20204
20205
20208
20212
20217
20217
20217
20221
20224
20227
20230
20231
20231
20231
20235
20235
20238
20239
20242
20244
20246
20249
20249
20250
20253
20254
20258
20258
20260
20264
20269
20273
20274
20275
20279
20280
20281
20283
20283
20286
20294
20296
20296
20297
20298
20307
20309
20309
20311
20323
20326
20328
20336
20343
20344
20345
20346
20350
20351
20352
20354
20354
20359
20365
20368
20369
20369
20374
20375
20384
20384
20384
20386
20387
20392
20396
20399
20406
20407
20407
20409
20414
20419
20420
20422
20424
20429
20430
20432
20435
20436
20445
20445
20446
20446
20448
20452
20452
20460
20460
20471
20472
20472
20478
20493
20493
20498
20499
20502
20504
20507
20513
20514
20514
20519
20525
20527
20532
20542
20543
20544
20545
20552
20558
20558
20559
20559
20561
20563
20568
20568
20569
20569
20572
20573
20573
20577
20578
20589
20590
20591
20595
20599
20607
20609
20610
20610
20611
20613
20613
20617
20617
20629
20631
20634
20637
20641
20650
20654
20656
20657
20666
20667
20671
20672
20674
20677
20684
20684
20685
20686
20691
20693
20696
20699
20699
20700
20701
20709
20712
20714
20720
20725
20727
20728
20728
20731
20738
20739
20739
20740
20741
20744
20749
20756
20757
20762
20767
20771
20771
20774
20774
20787
20787
20792
20796
20798
20801
20806
20807
20814
20819
20825
20826
20827
20828
20832
20836
20839
20841
20856
20865
20870
20872
20873
20873
20875
20880
20880
20882
20883
20883
20887
20887
20896
20898
20900
20903
20909
20915
20923
20925
20925
20928
20928
20934
20955
20959
20964
20973
20976
20978
20989
20990
20991
21002
21003
21003
21014
21016
21023
21025
21027
21028
21031
21041
21041
21043
21049
21050
21052
21056
21063
21064
21071
21074
21079
21082
21091
21093
21103
21109
21111
21119
21120
21126
21127
21128
21143
21151
21155
21157
21158
21160
21160
21163
21164
21168
21173
21173
21175
21180
21181
21182
21193
21194
21196
21200
21208
21213
21217
21225
21228
21230
21235
21238
21242
21248
21251
21252
21255
21255
21263
21263
21264
21267
21270
21271
21272
21273
21274
21275
21278
21280
21280
21281
21281
21283
21285
21285
21285
21287
21289
21294
21295
21297
21299
21302
21302
21309
21310
21311
21315
21315
21315
21316
21331
21332
21332
21332
21333
21338
21345
21346
21349
21349
21353
21354
21362
21364
21369
21375
21382
21386
21387
21391
21393
21401
21407
21408
21409
21412
21417
21427
21430
21434
21439
21442
21442
21452
21457
21461
21462
21465
21466
21472
21474
21482
21488
21489
21489
21489
21496
21500
21503
21504
21508
21509
21512
21513
21513
21516
21521
21526
21527
21530
21532
21534
21541
21541
21547
21559
21561
21566
21567
21568
21569
21571
21574
21574
21580
21592
21594
21595
21600
21601
21602
21604
21607
21610
21611
21618
21624
21630
21634
21637
21639
21641
21645
21647
21658
21664
21664
21666
21671
21671
21675
21682
21684
21688
21692
21696
21697
21700
21706
21709
21710
21713
21715
21726
21726
21730
21731
21734
21736
21739
21747
21751
21753
21759
21759
21771
21772
21778
21779
21781
21781
21789
21794
21796
21796
21796
21798
21812
21814
21816
21817
21819
21827
21828
21832
21836
21839
21840
21841
21842
21843
21844
21847
21854
21858
21859
21861
21862
21863
21864
21868
21874
21879
21879
21895
21898
21898
21898
21900
21907
21908
21911
21913
21915
21915
21924
21938
21939
21941
21943
21943
21944
21944
21945
21950
21952
21963
21963
21964
21966
21970
21971
21972
21974
21976
21983
21992
21992
21993
21996
22001
22005
22007
22010
22010
22014
22016
22017
22024
22026
22036
22040
22041
22047
22049
22054
22058
22060
22060
22061
22062
22071
22072
22074
22075
22077
22077
22078
22078
22080
22081
22082
22084
22092
22093
22094
22094
22097
22100
22100
22106
22112
22114
22121
22126
22128
22139
22140
22140
22142
22145
22146
22148
22149
22152
22160
22160
22161
22170
22174
22175
22179
22184
22191
22193
22197
22202
22209
22209
22210
22210
22221
22222
22233
22236
22236
22240
22243
22246
22252
22256
22259
22265
22267
22272
22273
22274
22275
22280
22284
22285
22287
22288
22291
22293
22296
22296
22298
22300
22306
22306
22313
22316
22316
22318
22321
22323
22327
22330
22333
22337
22338
22344
22345
22345
22346
22348
22348
22351
22353
22355
22357
22363
22364
22371
22373
22382
22383
22394
22396
22399
22415
22416
22419
22421
22426
22435
22438
22442
22443
22445
22445
22445
22447
22452
22452
22453
22465
22475
22484
22488
22488
22488
22489
22490
22492
22497
22497
22509
22514
22516
22521
22521
22526
22531
22534
22534
22535
22542
22542
22544
22555
22567
22571
22573
22583
22584
22585
22587
22588
22589
22591
22595
22596
22600
22605
22610
22614
22615
22616
22621
22624
22628
22630
22631
22633
22635
22638
22645
22645
22648
22649
22651
22653
22657
22664
22666
22674
22676
22685
22685
22686
22699
22700
22704
22709
22709
22716
22717
22718
22719
22721
22721
22722
22722
22724
22730
22735
22735
22750
22764
22765
22767
22768
22772
22774
22775
22775
22776
22776
22779
22783
22787
22787
22788
22793
22795
22797
22800
22805
22806
22807
22809
22810
22812
22814
22817
22819
22822
22823
22826
22839
22850
22854
22855
22858
22858
22859
22863
22867
22870
22884
22894
22898
22900
22901
22907
22911
22918
22918
22920
22922
22923
22933
22933
22936
22946
22950
22951
22964
22967
22969
22970
22976
22982
22988
22992
22994
22995
22995
22995
22998
23003
23004
23005
23006
23007
23009
23009
23010
23011
23016
23019
23020
23021
23023
23023
23025
23028
23028
23031
23032
23034
23038
23043
23056
23059
23060
23060
23084
23089
23093
23093
23094
23097
23099
23102
23106
23107
23112
23121
23122
23127
23131
23133
23144
23152
23152
23155
23158
23159
23163
23168
23171
23176
23179
23180
23181
23186
23190
23193
23194
23194
23196
23199
23199
23208
23218
23220
23224
23228
23228
23231
23239
23240
23255
23256
23259
23260
23263
23263
23266
23269
23269
23275
23277
23277
23278
23279
23279
23283
23283
23286
23289
23289
23291
23292
23295
23296
23297
23297
23298
23309
23310
23311
23320
23322
23323
23324
23326
23327
23332
23332
23334
23335
23348
23349
23352
23352
23355
23357
23361
23367
23371
23374
23375
23376
23376
23379
23384
23384
23391
23392
23394
23397
23397
23398
23399
23401
23403
23408
23409
23411
23412
23413
23415
23423
23424
23426
23433
23436
23443
23449
23449
23452
23452
23453
23456
23457
23458
23459
23464
23466
23470
23471
23472
23472
23483
23483
23488
23491
23495
23501
23502
23508
23518
23518
23519
23525
23531
23541
23541
23542
23546
23548
23551
23554
23556
23557
23562
23564
23566
23571
23582
23588
23595
23595
23600
23603
23605
23607
23608
23612
23612
23624
23625
23626
23626
23627
23630
23638
23638
23639
23640
23644
23645
23647
23648
23649
23650
23660
23661
23668
23668
23674
23675
23685
23689
23691
23697
23699
23703
23712
23713
23717
23717
23718
23720
23725
23730
23735
23738
23744
23747
23747
23758
23766
23771
23773
23773
23776
23777
23784
23784
23795
23798
23808
23809
23813
23817
23817
23819
23821
23821
23824
23828
23831
23835
23836
23838
23843
23846
23847
23854
23855
23862
23866
23870
23875
23875
23876
23878
23887
23894
23895
23895
23913
23915
23915
23917
23917
23921
23923
23927
23931
23937
23938
23952
23953
23963
23964
23966
23967
23968
23973
23976
23990
23994
23995
24003
24006
24013
24022
24024
24029
24033
24036
24041
24044
24051
24053
24064
24068
24071
24071
24072
24080
24080
24082
24085
24089
24091
24092
24096
24104
24106
24106
24109
24112
24114
24114
24117
24117
24122
24124
24131
24132
24132
24134
24136
24139
24142
24147
24153
24155
24158
24184
24187
24193
24197
24207
24210
24214
24216
24217
24218
24220
24224
24227
24228
24229
24230
24234
24235
24236
24242
24243
24248
24250
24255
24261
24269
24270
24280
24283
24287
24288
24294
24298
24300
24305
24310
24314
24314
24316
24319
24319
24319
24320
24320
24325
24326
24326
24326
24327
24330
24330
24331
24333
24333
24334
24336
24349
24361
24367
24367
24369
24387
24390
24391
24394
24395
24396
24398
24401
24407
24411
24414
24424
24424
24426
24427
24429
24429
24431
24446
24446
24457
24461
24461
24464
24466
24468
24481
24483
24484
24485
24490
24492
24498
24501
24503
24505
24507
24508
24508
24516
24529
24536
24541
24542
24550
24555
24559
24562
24564
24568
24569
24574
24579
24582
24583
24583
24585
24598
24599
24601
24603
24608
24611
24611
24616
24618
24622
24626
24626
24631
24633
24634
24635
24638
24641
24647
24647
24649
24654
24658
24662
24664
24665
24667
24675
24677
24677
24680
24681
24682
24687
24687
24691
24694
24707
24709
24713
24717
24717
24717
24718
24718
24719
24720
24724
24727
24736
24736
24740
24741
24741
24743
24744
24745
24746
24749
24750
24752
24753
24756
24759
24761
24770
24773
24774
24774
24774
24776
24776
24782
24789
24789
24791
24794
24795
24796
24798
24801
24807
24809
24820
24833
24837
24838
24839
24842
24844
24846
24853
24855
24857
24866
24867
24867
24871
24871
24874
24875
24875
24876
24876
24877
24878
24881
24886
24887
24887
24888
24891
24893
24895
24899
24901
24902
24904
24912
24916
24919
24921
24922
24923
24924
24927
24930
24932
24934
24937
24938
24940
24941
24942
24943
24962
24963
24970
24970
24972
24972
24994
24994
24996
24998
24998
25000
25005
25015
25016
25016
25016
25018
25018
25018
25025
25026
25028
25030
25031
25035
25042
25042
25044
25046
25053
25054
25055
25055
25056
25057
25058
25059
25060
25065
25067
25067
25070
25075
25078
25080
25085
25087
25089
25090
25090
25092
25094
25100
25103
25104
25107
25119
25122
25129
25131
25132
25137
25141
25142
25143
25151
25154
25155
25156
25158
25160
25160
25169
25170
25172
25176
25183
25186
25191
25197
25201
25212
25215
25216
25217
25219
25221
25222
25227
25228
25230
25238
25240
25245
25255
25255
25267
25268
25273
25273
25273
25277
25281
25287
25289
25290
25291
25292
25299
25303
25304
25306
25314
25316
25316
25321
25322
25323
25331
25332
25333
25334
25336
25338
25342
25343
25343
25345
25348
25350
25356
25360
25360
25367
25380
25381
25381
25391
25392
25394
25396
25397
25400
25404
25405
25408
25413
25416
25417
25417
25420
25430
25433
25435
25443
25448
25456
25456
25458
25462
25466
25466
25468
25469
25470
25472
25475
25482
25483
25489
25489
25490
25490
25498
25498
25500
25501
25502
25505
25506
25507
25511
25514
25516
25518
25521
25522
25533
25539
25539
25541
25542
25545
25546
25548
25551
25553
25554
25561
25562
25565
25566
25574
25577
25581
25590
25592
25592
25593
25594
25595
25596
25604
25604
25610
25618
25621
25624
25625
25627
25627
25628
25629
25631
25639
25639
25640
25642
25646
25648
25652
25657
25659
25663
25663
25667
25668
25675
25677
25678
25682
25688
25689
25696
25700
25703
25705
25709
25713
25716
25718
25721
25729
25735
25739
25741
25743
25744
25745
25745
25749
25749
25755
25755
25759
25760
25765
25769
25770
25775
25778
25780
25783
25788
25795
25795
25795
25799
25801
25803
25810
25815
25815
25819
25824
25825
25831
25832
25834
25838
25843
25844
25852
25856
25859
25860
25861
25866
25868
25870
25873
25876
25878
25885
25890
25891
25891
25894
25895
25896
25907
25909
25909
25924
25931
25931
25936
25941
25944
25945
25953
25962
25963
25964
25965
25972
25973
25974
25981
25985
25986
25999
26001
26003
26005
26021
26031
26039
26049
26049
26052
26052
26057
26058
26058
26058
26061
26063
26067
26067
26070
26074
26076
26077
26078
26079
26082
26084
26092
26097
26101
26106
26129
26132
26132
26133
26135
26141
26144
26150
26154
26154
26156
26163
26164
26165
26166
26170
26177
26180
26180
26182
26189
26189
26203
26204
26214
26214
26216
26222
26233
26245
26248
26250
26254
26260
26266
26270
26273
26278
26290
26293
26293
26293
26294
26298
26298
26300
26301
26305
26316
26318
26319
26322
26322
26324
26330
26332
26333
26334
26340
26340
26342
26344
26346
26347
26351
26352
26354
26355
26368
26370
26370
26376
26385
26386
26390
26395
26397
26405
26406
26406
26408
26416
26422
26426
26427
26429
26433
26437
26443
26446
26450
26451
26452
26456
26465
26471
26473
26473
26474
26476
26478
26488
26499
26504
26504
26505
26511
26512
26516
26524
26528
26529
26531
26533
26535
26535
26536
26540
26541
26543
26543
26549
26552
26555
26565
26570
26576
26578
26582
26582
26584
26584
26584
26587
26590
26594
26596
26596
26601
26603
26603
26604
26617
26623
26627
26629
26632
26637
26641
26645
26647
26647
26650
26655
26662
26668
26669
26673
26674
26675
26677
26678
26680
26680
26683
26684
26686
26689
26691
26696
26699
26707
26716
26720
26722
26724
26725
26729
26730
26736
26738
26739
26743
26747
26749
26749
26753
26754
26755
26759
26764
26769
26771
26774
26776
26781
26781
26784
26791
26793
26800
26820
26820
26822
26825
26827
26837
26842
26845
26855
26856
26859
26861
26863
26864
26870
26870
26871
26872
26872
26875
26881
26881
26882
26888
26895
26897
26899
26900
26904
26905
26911
26922
26926
26927
26927
26931
26938
26943
26944
26946
26947
26949
26951
26954
26955
26959
26960
26969
26975
26976
26977
26980
26982
26983
26983
26983
26988
26988
26988
26992
26997
27005
27006
27007
27008
27008
27019
27023
27026
27033
27035
27036
27040
27043
27052
27059
27061
27061
27066
27067
27070
27071
27076
27077
27081
27081
27092
27099
27099
27100
27102
27105
27113
27116
27117
27117
27120
27126
27127
27131
27132
27148
27155
27157
27161
27161
27163
27165
27167
27176
27179
27182
27183
27187
27188
27188
27209
27211
27213
27215
27217
27219
27223
27228
27231
27232
27233
27241
27243
27247
27252
27260
27266
27269
27270
27272
27272
27277
27284
27287
27293
27297
27298
27299
27302
27308
27309
27310
27312
27312
27313
27313
27320
27320
27321
27323
27325
27329
27330
27331
27334
27338
27344
27345
27356
27356
27362
27367
27379
27379
27381
27381
27382
27383
27388
27392
27392
27403
27406
27412
27413
27421
27429
27432
27434
27437
27437
27441
27443
27448
27452
27457
27457
27459
27464
27464
27467
27471
27477
27477
27479
27481
27484
27500
27501
27501
27505
27514
27516
27517
27521
27527
27530
27536
27539
27548
27551
27557
27558
27562
27563
27564
27564
27565
27570
27572
27574
27575
27577
27579
27584
27584
27585
27587
27589
27591
27595
27602
27603
27608
27613
27615
27628
27630
27634
27634
27636
27639
27642
27642
27654
27655
27657
27671
27674
27674
27676
27680
27681
27683
27687
27687
27688
27689
27691
27694
27701
27703
27706
27707
27708
27708
27709
27711
27713
27718
27718
27720
27727
27728
27732
27732
27733
27733
27740
27743
27743
27750
27750
27752
27753
27772
27778
27779
27786
27789
27789
27794
27801
27804
27804
27805
27808
27808
27813
27813
27814
27816
27818
27830
27831
27838
27840
27840
27842
27843
27853
27853
27861
27862
27863
27874
27878
27878
27880
27883
27883
27894
27895
27895
27896
27897
27899
27900
27902
27903
27906
27907
27908
27917
27918
27921
27925
27939
27947
27948
27949
27951
27953
27955
27958
27958
27966
27969
27972
27982
27982
27987
27988
27990
27992
28001
28004
28005
28006
28006
28017
28027
28044
28047
28049
28049
28052
28056
28056
28057
28059
28060
28064
28074
28080
28082
28083
28083
28086
28087
28088
28091
28099
28100
28110
28117
28124
28126
28129
28130
28134
28134
28145
28145
28148
28158
28160
28163
28164
28171
28171
28172
28174
28178
28189
28194
28196
28202
28205
28209
28211
28211
28213
28215
28217
28218
28220
28226
28237
28241
28253
28259
28267
28269
28274
28274
28277
28283
28289
28289
28290
28295
28300
28306
28307
28312
28315
28319
28322
28326
28334
28343
28344
28357
28358
28372
28375
28378
28380
28395
28396
28399
28400
28404
28415
28424
28427
28430
28433
28435
28439
28439
28444
28462
28463
28463
28465
28466
28469
28473
28473
28476
28478
28483
28483
28485
28485
28487
28492
28495
28497
28498
28500
28507
28510
28519
28524
28524
28527
28534
28536
28537
28540
28546
28554
28559
28564
28566
28567
28569
28571
28572
28575
28582
28584
28585
28594
28595
28596
28612
28617
28620
28620
28621
28630
28645
28646
28647
28650
28655
28657
28658
28664
28665
28666
28668
28671
28673
28675
28675
28677
28677
28682
28684
28693
28695
28697
28701
28703
28705
28710
28713
28714
28723
28725
28726
28729
28731
28733
28735
28735
28739
28741
28743
28743
28752
28752
28759
28760
28762
28768
28771
28774
28781
28781
28782
28784
28787
28789
28790
28792
28792
28795
28795
28798
28798
28799
28803
28806
28812
28816
28826
28827
28829
28830
28830
28835
28836
28838
28838
28844
28849
28853
28855
28856
28865
28867
28868
28875
28878
28881
28883
28892
28894
28898
28920
28922
28923
28925
28926
28926
28926
28932
28933
28933
28935
28935
28937
28937
28939
28939
28940
28940
28941
28948
28948
28953
28957
28958
28962
28968
28976
28976
28978
28980
28981
28983
28989
28991
28991
28993
29000
29003
29018
29019
29023
29031
29031
29038
29039
29043
29044
29049
29054
29055
29060
29063
29064
29067
29068
29070
29071
29072
29075
29076
29078
29079
29080
29081
29083
29083
29085
29086
29088
29089
29096
29098
29099
29100
29105
29107
29107
29111
29115
29117
29118
29120
29122
29134
29135
29137
29140
29142
29146
29156
29158
29171
29173
29174
29188
29201
29203
29205
29205
29206
29207
29212
29218
29220
29221
29224
29226
29226
29233
29236
29237
29239
29248
29251
29252
29262
29272
29277
29285
29294
29295
29298
29301
29301
29305
29305
29313
29318
29326
29329
29332
29332
29337
29340
29341
29345
29352
29353
29358
29359
29364
29369
29372
29374
29385
29390
29392
29392
29397
29397
29402
29404
29405
29406
29412
29414
29414
29421
29428
29429
29430
29431
29433
29437
29439
29440
29453
29455
29458
29462
29469
29469
29470
29471
29476
29476
29480
29484
29485
29485
29495
29499
29510
29510
29510
29511
29511
29519
29543
29545
29548
29551
29553
29553
29554
29555
29560
29567
29569
29569
29574
29576
29576
29577
29579
29579
29580
29582
29591
29592
29594
29596
29599
29599
29600
29606
29610
29612
29613
29614
29618
29619
29620
29622
29623
29635
29638
29646
29651
29653
29656
29663
29663
29667
29668
29670
29671
29673
29676
29691
29691
29699
29701
29712
29727
29727
29738
29745
29751
29751
29761
29762
29763
29765
29765
29767
29770
29779
29782
29789
29796
29799
29803
29805
29805
29806
29808
29810
29811
29811
29824
29825
29825
29826
29829
29830
29836
29836
29837
29841
29844
29849
29856
29863
29869
29873
29879
29880
29881
29881
29882
29888
29891
29894
29896
29898
29900
29903
29903
29908
29908
29910
29910
29912
29913
29915
29917
29918
29921
29922
29923
29931
29932
29933
29936
29938
29944
29944
29954
29966
29967
29972
29973
29974
29981
29982
29985
29987
29987
29988
29991
29995
30004
30005
30006
30007
30007
30014
30014
30014
30015
30020
30030
30030
30036
30037
30050
30050
30058
30061
30062
30063
30063
30069
30077
30082
30088
30089
30093
30102
30102
30103
30106
30108
30110
30112
30112
30115
30115
30118
30119
30121
30125
30126
30126
30129
30131
30135
30138
30140
30144
30144
30152
30156
30158
30160
30181
30182
30186
30189
30198
30203
30203
30207
30219
30231
30233
30233
30236
30236
30240
30243
30243
30248
30250
30258
30263
30267
30268
30270
30276
30280
30282
30282
30283
30287
30288
30292
30300
30303
30305
30308
30316
30324
30324
30339
30339
30339
30344
30345
30354
30354
30355
30364
30366
30366
30377
30378
30378
30380
30381
30385
30389
30390
30391
30396
30399
30409
30415
30416
30420
30425
30433
30435
30435
30447
30448
30455
30455
30457
30461
30465
30466
30468
30472
30473
30473
30478
30479
30481
30481
30484
30487
30488
30493
30497
30501
30503
30505
30507
30509
30510
30513
30521
30526
30527
30535
30535
30537
30545
30546
30550
30552
30558
30560
30562
30562
30562
30568
30569
30570
30572
30572
30573
30573
30579
30580
30580
30586
30588
30594
30598
30604
30606
30607
30608
30613
30617
30617
30621
30629
30631
30632
30634
30634
30635
30641
30647
30651
30654
30654
30656
30656
30667
30672
30672
30673
30675
30680
30681
30682
30682
30685
30687
30689
30690
30691
30691
30698
30708
30709
30715
30719
30721
30728
30728
30735
30737
30740
30743
30744
30755
30760
30760
30765
30766
30768
30776
30782
30785
30787
30789
30791
30791
30792
30792
30795
30798
30802
30809
30813
30816
30816
30819
30820
30821
30823
30828
30846
30846
30856
30860
30861
30879
30881
30883
30883
30885
30887
30889
30889
30894
30895
30897
30901
30915
30915
30915
30916
30918
30923
30928
30928
30930
30934
30937
30939
30941
30942
30945
30948
30948
30955
30957
30962
30965
30967
30975
30978
30985
30988
30998
31009
31009
31011
31012
31021
31022
31031
31031
31031
31032
31033
31036
31037
31038
31042
31045
31048
31062
31066
31067
31070
31073
31077
31088
31088
31092
31097
31101
31107
31111
31116
31120
31120
31123
31140
31140
31146
31158
31159
31160
31170
31170
31171
31191
31199
31200
31200
31204
31208
31212
31213
31215
31216
31219
31222
31223
31223
31223
31226
31227
31230
31236
31241
31242
31243
31245
31245
31252
31252
31252
31254
31256
31257
31258
31262
31265
31273
31279
31281
31288
31288
31302
31302
31303
31306
31308
31314
31319
31320
31322
31322
31330
31331
31334
31334
31334
31346
31347
31356
31360
31363
31364
31364
31369
31371
31375
31381
31381
31383
31386
31390
31390
31391
31397
31402
31408
31415
31416
31419
31420
31423
31428
31428
31430
31434
31435
31436
31447
31448
31448
31448
31455
31455
31456
31456
31458
31460
31464
31464
31466
31466
31468
31469
31477
31477
31487
31487
31498
31499
31499
31500
31502
31502
31505
31506
31507
31513
31513
31515
31516
31527
31529
31537
31539
31543
31543
31545
31548
31549
31549
31563
31564
31566
31568
31574
31575
31576
31580
31583
31586
31588
31588
31589
31589
31591
31598
31603
31604
31605
31605
31606
31609
31610
31615
31615
31617
31625
31629
31637
31640
31645
31652
31654
31657
31657
31666
31670
31677
31679
31680
31682
31684
31688
31698
31702
31705
31705
31710
31715
31716
31719
31720
31720
31720
31727
31729
31730
31732
31740
31743
31746
31749
31751
31753
31754
31759
31759
31760
31762
31762
31776
31780
31781
31782
31785
31786
31788
31790
31794
31795
31796
31797
31806
31807
31808
31809
31811
31819
31823
31825
31830
31836
31841
31843
31846
31846
31859
31865
31870
31870
31873
31877
31877
31882
31886
31890
31891
31900
31903
31915
31915
31917
31918
31920
31927
31931
31933
31941
31944
31945
31946
31948
31950
31952
31952
31953
31954
31957
31957
31959
31965
31969
31969
31974
31975
31975
31980
31982
31983
31992
31995
31997
31998
31999
32001
32012
32015
32023
32025
32029
32032
32041
32042
32049
32051
32053
32055
32058
32059
32061
32064
32065
32065
32066
32070
32072
32073
32075
32075
32078
32081
32082
32083
32085
32085
32088
32091
32095
32096
32098
32099
32099
32101
32102
32104
32108
32116
32118
32119
32126
32129
32133
32135
32136
32143
32143
32152
32155
32157
32158
32159
32159
32164
32165
32167
32167
32169
32171
32173
32173
32174
32179
32180
32181
32182
32184
32186
32189
32192
32194
32204
32206
32208
32211
32212
32214
32215
32216
32217
32217
32218
32224
32226
32233
32236
32247
32252
32258
32260
32260
32263
32263
32268
32281
32286
32290
32291
32292
32301
32308
32317
32323
32323
32328
32329
32330
32334
32338
32340
32341
32342
32342
32342
32343
32352
32360
32360
32361
32361
32364
32369
32369
32374
32376
32377
32378
32379
32388
32394
32397
32398
32403
32404
32405
32405
32406
32406
32409
32409
32410
32413
32413
32417
32418
32423
32425
32436
32439
32441
32443
32445
32447
32448
32450
32456
32457
32467
32469
32472
32473
32474
32474
32481
32483
32484
32492
32492
32493
32493
32494
32494
32495
32501
32502
32503
32511
32514
32517
32519
32522
32525
32527
32528
32530
32534
32535
32539
32545
32546
32549
32550
32550
32551
32552
32555
32555
32566
32568
32570
32588
32605
32610
32613
32613
32622
32626
32628
32631
32632
32633
32636
32636
32646
32650
32652
32667
32669
32675
32676
32680
32681
32685
32692
32696
32697
32707
32712
32719
32721
32721
32725
32725
32729
32736
32738
32744
32746
32757
32760
32760
