32766
32766
32764
32762
32735
32734
32723
32716
32714
32713
32713
32709
32707
32704
32703
32702
32702
32700
32685
32679
32679
32666
32659
32652
32648
32647
32647
32636
32634
32631
32628
32626
32619
32618
32617
32613
32605
32602
32601
32599
32596
32594
32593
32592
32589
32588
32584
32569
32564
32557
32552
32550
32549
32548
32547
32546
32544
32542
32540
32536
32533
32531
32517
32512
32512
32510
32506
32502
32502
32496
32494
32492
32489
32487
32484
32477
32471
32452
32451
32447
32447
32444
32444
32440
32438
32437
32429
32426
32423
32412
32412
32411
32401
32398
32398
32395
32388
32387
32380
32377
32373
32370
32362
32361
32361
32359
32357
32354
32337
32336
32333
32323
32322
32322
32321
32321
32319
32315
32313
32304
32303
32302
32302
32298
32298
32298
32290
32288
32287
32284
32278
32277
32276
32276
32266
32264
32256
32254
32251
32246
32245
32244
32243
32233
32228
32222
32218
32203
32201
32197
32193
32190
32189
32187
32184
32179
32169
32166
32156
32148
32143
32143
32138
32132
32130
32125
32122
32122
32122
32119
32115
32107
32105
32097
32095
32094
32092
32091
32091
32089
32086
32085
32082
32077
32074
32069
32068
32062
32061
32054
32049
32048
32036
32032
32025
32021
32018
32018
32016
32015
32013
32012
32011
32010
32008
32003
31999
31997
31996
31985
31983
31982
31978
31975
31973
31969
31967
31967
31965
31965
31961
31959
31957
31956
31953
31947
31947
31940
31931
31929
31918
31916
31916
31914
31913
31911
31901
31899
31899
31898
31897
31894
31891
31890
31886
31886
31877
31877
31874
31873
31862
31855
31850
31845
31845
31844
31844
31844
31841
31839
31838
31831
31829
31829
31829
31822
31811
31809
31804
31803
31802
31801
31795
31794
31794
31782
31781
31776
31771
31765
31756
31756
31753
31751
31750
31748
31742
31739
31739
31737
31728
31726
31722
31709
31704
31700
31694
31694
31682
31664
31664
31663
31662
31658
31656
31656
31655
31651
31645
31644
31643
31642
31635
31632
31628
31627
31627
31623
31619
31619
31618
31609
31607
31600
31600
31595
31587
31585
31583
31578
31572
31570
31565
31565
31560
31553
31553
31546
31542
31525
31524
31517
31512
31507
31496
31494
31494
31492
31491
31490
31490
31488
31484
31484
31478
31477
31475
31473
31466
31465
31460
31459
31455
31451
31448
31445
31444
31441
31432
31430
31422
31420
31411
31410
31408
31407
31406
31403
31400
31390
31387
31385
31385
31385
31383
31378
31378
31372
31368
31364
31360
31354
31347
31342
31341
31337
31335
31334
31332
31329
31327
31312
31306
31303
31289
31289
31287
31284
31275
31275
31274
31274
31272
31272
31266
31264
31259
31256
31251
31250
31241
31239
31236
31235
31227
31220
31220
31195
31190
31188
31186
31183
31169
31169
31160
31151
31146
31140
31139
31129
31117
31116
31112
31111
31106
31102
31102
31096
31093
31079
31071
31070
31059
31057
31052
31052
31044
31042
31042
31040
31034
31032
31030
31030
31027
31024
31024
31017
31015
31011
31008
31007
30997
30993
30991
30990
30989
30989
30988
30987
30985
30983
30975
30971
30966
30965
30962
30954
30954
30951
30951
30950
30944
30943
30943
30936
30935
30934
30929
30921
30919
30917
30916
30913
30912
30912
30907
30896
30894
30889
30887
30885
30885
30884
30883
30883
30880
30876
30873
30873
30871
30870
30865
30847
30841
30834
30825
30821
30820
30819
30816
30811
30804
30801
30798
30796
30787
30782
30780
30778
30776
30757
30754
30753
30750
30748
30746
30740
30739
30726
30725
30725
30718
30717
30712
30712
30711
30710
30710
30699
30698
30696
30695
30694
30683
30679
30677
30668
30664
30659
30654
30652
30646
30646
30641
30635
30634
30631
30628
30616
30611
30610
30608
30605
30601
30597
30597
30593
30587
30582
30582
30576
30571
30569
30569
30564
30557
30551
30548
30545
30537
30531
30522
30518
30514
30514
30512
30505
30504
30502
30502
30496
30495
30492
30489
30484
30483
30477
30473
30473
30469
30464
30463
30455
30452
30451
30449
30447
30426
30421
30420
30419
30412
30410
30410
30405
30404
30399
30396
30395
30389
30387
30385
30383
30382
30380
30377
30373
30372
30364
30361
30358
30355
30349
30345
30340
30333
30330
30324
30317
30310
30305
30304
30300
30298
30297
30294
30281
30279
30270
30264
30257
30257
30250
30245
30239
30237
30233
30232
30232
30225
30223
30211
30209
30206
30205
30201
30201
30198
30197
30195
30188
30188
30184
30174
30171
30161
30153
30151
30143
30142
30140
30138
30131
30125
30116
30114
30111
30110
30109
30105
30094
30093
30088
30083
30082
30080
30080
30074
30070
30067
30067
30061
30056
30051
30051
30050
30050
30050
30040
30034
30033
30028
30024
30022
30021
30014
30010
30009
30008
30003
30001
29999
29991
29991
29988
29981
29977
29975
29974
29971
29967
29967
29966
29963
29960
29953
29950
29944
29937
29930
29928
29928
29924
29922
29917
29916
29908
29907
29898
29894
29889
29889
29885
29877
29876
29875
29875
29874
29874
29870
29869
29869
29866
29861
29856
29854
29853
29852
29852
29848
29848
29846
29843
29840
29830
29829
29828
29827
29826
29826
29823
29822
29822
29818
29813
29813
29813
29810
29804
29800
29798
29795
29786
29782
29773
29773
29771
29764
29761
29756
29751
29742
29729
29726
29725
29722
29719
29716
29708
29706
29706
29704
29701
29699
29698
29697
29696
29692
29691
29687
29685
29684
29683
29674
29668
29666
29661
29660
29659
29659
29655
29649
29647
29644
29634
29628
29626
29625
29624
29616
29613
29611
29610
29604
29601
29601
29599
29598
29597
29587
29583
29582
29582
29580
29571
29569
29568
29560
29559
29556
29554
29554
29553
29551
29546
29543
29540
29539
29536
29536
29533
29533
29529
29521
29519
29514
29510
29508
29507
29501
29489
29484
29483
29481
29481
29477
29474
29473
29471
29470
29467
29458
29456
29448
29443
29437
29435
29426
29420
29419
29416
29415
29412
29399
29394
29389
29388
29387
29386
29385
29380
29373
29372
29367
29367
29366
29365
29352
29348
29346
29340
29339
29337
29332
29327
29318
29318
29312
29311
29309
29309
29305
29305
29298
29296
29293
29291
29281
29271
29271
29262
29257
29250
29244
29242
29240
29240
29238
29233
29228
29225
29214
29203
29201
29197
29194
29193
29184
29183
29180
29180
29171
29169
29167
29163
29160
29159
29158
29157
29149
29148
29135
29134
29134
29132
29119
29118
29115
29107
29089
29082
29080
29078
29078
29078
29076
29074
29069
29069
29067
29067
29066
29065
29064
29061
29058
29053
29053
29045
29044
29039
29033
29030
29024
29018
29007
29007
29003
28999
28996
28995
28995
28992
28989
28988
28984
28979
28979
28978
28976
28969
28961
28955
28943
28943
28933
28932
28932
28929
28924
28922
28919
28916
28913
28913
28910
28903
28893
28891
28890
28888
28879
28877
28874
28873
28867
28860
28855
28845
28845
28841
28839
28839
28837
28829
28828
28827
28819
28817
28814
28811
28806
28791
28789
28785
28782
28781
28779
28774
28767
28767
28765
28763
28752
28750
28749
28742
28738
28738
28733
28730
28726
28722
28718
28716
28714
28706
28699
28693
28692
28688
28688
28685
28683
28679
28671
28664
28663
28656
28641
28637
28634
28632
28625
28624
28622
28610
28610
28604
28602
28598
28591
28590
28587
28582
28577
28576
28575
28570
28570
28570
28564
28561
28549
28545
28539
28537
28518
28511
28502
28497
28496
28493
28489
28483
28478
28463
28462
28460
28457
28456
28452
28448
28446
28442
28441
28440
28439
28439
28437
28436
28429
28418
28416
28414
28409
28408
28404
28401
28393
28391
28386
28384
28384
28380
28380
28370
28367
28366
28363
28351
28343
28336
28335
28332
28332
28317
28306
28304
28301
28297
28294
28292
28279
28278
28273
28267
28255
28251
28249
28248
28246
28237
28236
28231
28230
28225
28224
28222
28220
28219
28216
28216
28215
28214
28211
28201
28200
28196
28195
28194
28192
28189
28171
28169
28164
28159
28158
28156
28149
28147
28146
28138
28137
28136
28136
28133
28125
28120
28110
28107
28106
28098
28097
28095
28090
28089
28087
28082
28081
28078
28074
28066
28065
28065
28061
28060
28057
28052
28044
28043
28042
28040
28037
28035
28032
28025
28018
28016
28015
28011
28006
28000
27995
27991
27991
27988
27981
27979
27978
27976
27967
27967
27963
27959
27959
27957
27951
27948
27942
27941
27940
27937
27936
27933
27929
27929
27926
27919
27911
27910
27907
27902
27900
27897
27895
27875
27874
27874
27872
27870
27867
27859
27856
27851
27845
27842
27841
27839
27836
27833
27833
27832
27815
27807
27806
27802
27800
27790
27789
27783
27773
27768
27764
27762
27754
27748
27748
27748
27747
27747
27743
27739
27736
27734
27727
27727
27727
27726
27723
27723
27722
27721
27718
27715
27714
27711
27707
27707
27702
27699
27693
27691
27690
27688
27685
27679
27674
27671
27668
27665
27664
27661
27660
27656
27651
27651
27637
27632
27631
27628
27628
27627
27625
27623
27612
27610
27603
27598
27597
27591
27587
27581
27575
27574
27573
27567
27564
27563
27553
27549
27545
27541
27539
27538
27529
27528
27528
27519
27510
27509
27502
27499
27498
27484
27483
27478
27477
27467
27463
27462
27446
27446
27442
27438
27437
27433
27431
27428
27423
27419
27417
27417
27416
27415
27415
27410
27410
27410
27406
27401
27396
27395
27394
27394
27377
27372
27371
27369
27367
27363
27359
27353
27351
27349
27349
27342
27339
27334
27333
27327
27325
27321
27318
27313
27300
27299
27290
27286
27284
27283
27282
27279
27274
27270
27267
27263
27259
27259
27257
27249
27249
27249
27238
27224
27221
27219
27208
27205
27204
27204
27202
27202
27199
27196
27195
27193
27189
27181
27179
27174
27173
27172
27168
27166
27162
27159
27157
27155
27142
27139
27134
27133
27130
27129
27129
27128
27123
27117
27117
27115
27113
27110
27106
27106
27105
27103
27103
27102
27099
27098
27098
27098
27097
27097
27094
27094
27091
27084
27081
27081
27079
27078
27072
27071
27068
27064
27060
27060
27060
27059
27056
27055
27050
27048
27045
27045
27044
27041
27041
27037
27036
27032
27024
27021
27001
26998
26997
26997
26994
26990
26990
26988
26984
26983
26982
26979
26978
26972
26963
26960
26960
26959
26958
26957
26955
26952
26952
26950
26947
26936
26923
26920
26919
26913
26911
26905
26905
26902
26897
26897
26892
26887
26884
26874
26874
26873
26873
26871
26870
26868
26864
26863
26862
26862
26859
26859
26854
26852
26847
26845
26844
26837
26823
26814
26811
26810
26809
26799
26797
26797
26797
26782
26776
26770
26763
26757
26756
26748
26738
26736
26728
26728
26724
26720
26711
26711
26709
26709
26708
26708
26708
26706
26703
26699
26694
26692
26683
26682
26682
26682
26669
26668
26666
26666
26664
26660
26656
26654
26651
26651
26644
26640
26632
26630
26626
26616
26613
26610
26610
26609
26604
26604
26603
26602
26602
26598
26594
26593
26587
26585
26585
26577
26566
26565
26564
26554
26554
26549
26540
26539
26532
26524
26523
26519
26517
26513
26512
26507
26501
26497
26476
26476
26467
26465
26464
26460
26453
26453
26453
26444
26443
26441
26439
26438
26437
26432
26431
26426
26418
26417
26415
26398
26398
26396
26396
26395
26395
26390
26390
26386
26384
26379
26378
26376
26375
26374
26373
26373
26364
26362
26353
26351
26351
26350
26349
26348
26348
26344
26341
26333
26319
26308
26307
26300
26300
26300
26299
26288
26288
26287
26286
26286
26284
26283
26283
26283
26282
26273
26269
26265
26264
26263
26254
26254
26250
26246
26245
26240
26238
26234
26232
26225
26221
26215
26214
26212
26212
26208
26207
26193
26186
26175
26171
26171
26167
26166
26164
26163
26160
26159
26157
26155
26149
26149
26147
26145
26144
26144
26134
26130
26130
26125
26125
26121
26113
26109
26106
26102
26096
26094
26094
26093
26093
26092
26088
26085
26074
26074
26071
26065
26061
26060
26054
26054
26054
26052
26052
26049
26048
26047
26047
26044
26044
26043
26039
26023
26023
26019
26016
26014
26013
26013
26011
26008
26006
26005
26004
25998
25998
25994
25984
25976
25967
25963
25956
25946
25937
25934
25933
25929
25929
25922
25918
25917
25915
25910
25910
25906
25905
25902
25902
25896
25887
25887
25873
25869
25869
25867
25866
25858
25856
25848
25846
25845
25845
25844
25829
25828
25827
25823
25819
25811
25810
25805
25803
25798
25798
25788
25781
25778
25777
25772
25772
25767
25757
25755
25752
25750
25749
25746
25746
25744
25741
25733
25727
25727
25720
25719
25718
25716
25707
25706
25697
25692
25687
25671
25670
25670
25669
25669
25662
25661
25660
25642
25636
25629
25623
25620
25619
25618
25617
25614
25610
25609
25605
25605
25601
25592
25591
25588
25582
25581
25574
25567
25565
25565
25552
25548
25546
25539
25536
25527
25526
25525
25523
25517
25516
25514
25511
25508
25505
25501
25499
25495
25494
25492
25488
25482
25476
25475
25475
25472
25470
25464
25461
25456
25453
25451
25448
25447
25442
25437
25436
25433
25432
25430
25427
25427
25427
25423
25418
25418
25416
25409
25404
25400
25393
25383
25379
25369
25368
25363
25361
25359
25358
25358
25354
25353
25348
25344
25341
25338
25335
25333
25328
25323
25316
25306
25305
25304
25290
25288
25280
25278
25276
25274
25261
25255
25254
25250
25241
25240
25233
25232
25231
25228
25228
25227
25224
25217
25217
25216
25210
25209
25208
25202
25201
25197
25190
25189
25188
25187
25185
25170
25165
25163
25160
25158
25155
25151
25151
25150
25146
25139
25137
25137
25133
25131
25129
25128
25128
25124
25122
25117
25115
25112
25105
25094
25092
25090
25090
25090
25086
25086
25085
25084
25078
25078
25071
25071
25069
25068
25064
25062
25060
25031
25031
25026
25015
25014
25014
25013
25011
25008
24998
24995
24987
24986
24985
24984
24984
24984
24981
24977
24977
24976
24974
24974
24973
24971
24968
24964
24959
24959
24955
24941
24940
24939
24939
24928
24928
24925
24922
24921
24913
24907
24905
24900
24895
24895
24891
24891
24891
24891
24888
24888
24882
24881
24864
24864
24864
24861
24837
24834
24834
24832
24831
24820
24819
24815
24813
24810
24804
24804
24799
24799
24799
24797
24794
24793
24793
24792
24788
24785
24784
24782
24775
24774
24769
24761
24760
24747
24736
24731
24730
24730
24730
24729
24723
24721
24705
24699
24687
24682
24676
24674
24671
24663
24660
24657
24648
24647
24643
24642
24635
24634
24632
24628
24626
24617
24613
24610
24600
24595
24593
24593
24593
24586
24585
24585
24583
24583
24572
24567
24563
24561
24559
24551
24549
24541
24533
24529
24528
24527
24525
24524
24522
24518
24516
24513
24506
24502
24497
24495
24494
24493
24485
24476
24476
24473
24472
24471
24467
24466
24463
24463
24460
24457
24454
24453
24449
24443
24442
24439
24432
24429
24426
24424
24422
24420
24419
24407
24403
24402
24396
24391
24387
24386
24385
24379
24378
24376
24375
24373
24371
24358
24357
24351
24348
24341
24339
24334
24333
24329
24320
24319
24316
24314
24311
24311
24302
24296
24295
24292
24290
24278
24275
24272
24269
24267
24259
24258
24257
24251
24246
24246
24238
24234
24221
24218
24215
24214
24212
24212
24210
24209
24202
24190
24181
24180
24173
24172
24169
24162
24161
24153
24148
24146
24146
24144
24140
24140
24123
24118
24115
24115
24109
24108
24097
24097
24093
24092
24092
24090
24089
24089
24085
24083
24083
24078
24078
24075
24074
24069
24069
24061
24057
24051
24051
24043
24040
24038
24037
24029
24029
24025
24019
24017
24010
24008
24001
23995
23993
23990
23989
23980
23979
23974
23971
23964
23959
23957
23953
23951
23945
23943
23936
23933
23930
23919
23914
23914
23914
23912
23910
23910
23907
23907
23906
23901
23901
23895
23890
23886
23878
23878
23869
23865
23862
23855
23855
23851
23850
23850
23845
23844
23842
23836
23834
23829
23820
23820
23819
23818
23816
23808
23807
23805
23805
23804
23802
23797
23793
23793
23786
23785
23784
23777
23776
23775
23775
23774
23773
23773
23772
23768
23766
23765
23765
23761
23759
23758
23755
23754
23747
23744
23742
23740
23739
23734
23726
23723
23723
23721
23719
23718
23714
23712
23700
23689
23685
23684
23678
23674
23669
23668
23666
23664
23663
23661
23659
23657
23655
23655
23653
23644
23635
23627
23624
23617
23616
23611
23608
23602
23593
23590
23589
23580
23579
23578
23566
23565
23564
23563
23558
23556
23556
23555
23537
23536
23533
23501
23499
23496
23495
23494
23488
23485
23481
23478
23473
23468
23450
23449
23446
23437
23433
23431
23428
23427
23427
23423
23410
23407
23406
23401
23399
23397
23396
23395
23390
23388
23384
23383
23377
23372
23370
23368
23363
23358
23357
23351
23351
23350
23340
23336
23333
23332
23331
23328
23322
23322
23322
23319
23313
23312
23312
23311
23302
23301
23299
23298
23290
23284
23280
23261
23259
23258
23258
23255
23255
23253
23252
23246
23238
23235
23234
23233
23230
23228
23228
23219
23218
23207
23203
23202
23200
23198
23196
23194
23192
23188
23186
23183
23164
23151
23148
23136
23132
23125
23124
23118
23115
23113
23110
23106
23104
23102
23100
23096
23096
23090
23088
23085
23066
23065
23059
23055
23046
23045
23033
23025
23024
23019
23018
23017
23015
23012
23012
23008
23006
23002
22996
22995
22989
22985
22984
22981
22978
22977
22969
22967
22965
22958
22933
22930
22914
22911
22908
22905
22904
22897
22886
22884
22883
22882
22879
22874
22870
22867
22861
22857
22852
22851
22847
22844
22843
22843
22843
22840
22839
22832
22831
22830
22829
22827
22825
22821
22819
22812
22807
22807
22802
22801
22799
22798
22797
22796
22793
22791
22780
22777
22775
22774
22772
22772
22763
22761
22755
22752
22741
22729
22720
22715
22713
22709
22709
22705
22698
22696
22695
22695
22686
22685
22680
22678
22677
22676
22675
22673
22670
22670
22662
22660
22658
22658
22655
22646
22643
22643
22638
22638
22633
22631
22628
22615
22611
22609
22607
22604
22598
22591
22588
22588
22582
22581
22576
22573
22572
22572
22568
22567
22566
22565
22564
22563
22563
22559
22559
22550
22548
22548
22547
22537
22529
22525
22523
22520
22518
22514
22513
22513
22509
22508
22502
22497
22497
22492
22481
22479
22478
22474
22471
22467
22465
22462
22460
22459
22458
22455
22441
22439
22438
22432
22429
22429
22424
22421
22418
22413
22401
22400
22390
22387
22375
22374
22373
22371
22359
22358
22347
22339
22336
22328
22319
22311
22307
22294
22291
22290
22288
22286
22286
22284
22282
22282
22277
22271
22270
22266
22264
22262
22257
22256
22256
22251
22249
22240
22238
22238
22236
22235
22229
22227
22224
22224
22224
22223
22219
22214
22209
22209
22206
22205
22198
22195
22193
22189
22189
22184
22178
22171
22169
22162
22160
22159
22148
22146
22137
22132
22129
22124
22119
22116
22115
22114
22114
22113
22113
22109
22104
22102
22102
22100
22091
22090
22090
22088
22084
22081
22079
22079
22077
22072
22065
22064
22062
22061
22060
22054
22043
22035
22035
22010
22005
22003
21999
21993
21993
21989
21981
21981
21976
21975
21962
21960
21957
21951
21946
21946
21938
21932
21926
21924
21924
21920
21918
21910
21906
21901
21901
21899
21896
21883
21874
21868
21863
21860
21859
21856
21851
21846
21845
21842
21836
21832
21832
21827
21820
21819
21816
21815
21815
21806
21800
21798
21795
21794
21789
21786
21778
21775
21772
21768
21764
21764
21764
21754
21746
21738
21722
21721
21713
21711
21710
21709
21704
21695
21690
21689
21684
21683
21678
21678
21668
21665
21663
21662
21655
21653
21647
21643
21642
21641
21640
21635
21629
21622
21619
21615
21614
21613
21612
21608
21607
21605
21599
21599
21593
21589
21579
21577
21575
21572
21566
21561
21557
21556
21553
21553
21551
21543
21540
21534
21532
21531
21528
21526
21523
21519
21518
21515
21511
21511
21497
21497
21497
21494
21490
21489
21487
21486
21483
21480
21470
21468
21465
21463
21459
21458
21456
21454
21446
21442
21440
21433
21432
21431
21419
21415
21413
21407
21405
21405
21404
21403
21402
21401
21400
21395
21394
21391
21390
21374
21373
21373
21372
21367
21361
21358
21356
21356
21355
21355
21350
21345
21343
21335
21330
21330
21322
21314
21314
21313
21312
21295
21290
21290
21275
21269
21261
21257
21253
21250
21249
21244
21241
21241
21240
21232
21221
21217
21214
21210
21210
21210
21209
21203
21203
21195
21188
21187
21186
21186
21180
21175
21174
21172
21165
21164
21161
21160
21148
21146
21143
21139
21136
21134
21133
21127
21126
21125
21124
21120
21119
21119
21110
21109
21107
21100
21100
21097
21090
21089
21085
21079
21073
21073
21068
21067
21061
21052
21048
21047
21045
21042
21040
21038
21031
21031
21027
21020
21019
21017
21015
21011
21004
21004
21002
20998
20996
20991
20990
20982
20981
20973
20970
20968
20961
20959
20957
20944
20942
20942
20937
20935
20934
20932
20930
20930
20929
20928
20928
20927
20922
20920
20920
20919
20914
20913
20910
20908
20907
20905
20900
20900
20898
20898
20897
20894
20891
20889
20878
20877
20874
20872
20871
20865
20864
20862
20858
20851
20851
20851
20846
20845
20841
20835
20826
20823
20816
20803
20802
20790
20786
20786
20783
20780
20778
20777
20776
20773
20771
20768
20768
20763
20761
20753
20750
20748
20737
20737
20735
20734
20732
20729
20727
20726
20720
20716
20714
20714
20705
20699
20698
20697
20693
20691
20690
20688
20688
20688
20673
20671
20668
20656
20650
20641
20634
20628
20627
20621
20620
20619
20613
20611
20608
20598
20590
20586
20586
20584
20584
20577
20570
20570
20569
20565
20560
20560
20558
20554
20554
20553
20546
20546
20543
20540
20535
20533
20532
20524
20521
20515
20514
20499
20497
20496
20491
20490
20487
20484
20478
20460
20458
20448
20444
20443
20440
20436
20434
20415
20412
20410
20400
20398
20397
20393
20392
20391
20389
20389
20386
20384
20380
20373
20371
20371
20369
20369
20368
20368
20367
20362
20352
20347
20344
20335
20330
20328
20316
20306
20305
20304
20304
20301
20297
20297
20296
20293
20280
20276
20274
20269
20267
20265
20265
20265
20264
20262
20261
20261
20259
20257
20255
20254
20252
20250
20245
20233
20230
20227
20226
20220
20216
20216
20212
20207
20206
20203
20198
20197
20193
20191
20188
20187
20183
20182
20179
20175
20173
20171
20171
20170
20169
20168
20165
20164
20162
20161
20160
20159
20159
20156
20152
20143
20138
20138
20136
20135
20132
20117
20109
20097
20096
20096
20094
20087
20085
20084
20083
20078
20078
20073
20070
20070
20067
20066
20064
20055
20053
20036
20031
20031
20030
20029
20028
20021
20020
20017
20015
20014
20012
20011
20009
20005
20001
19997
19995
19995
19991
19990
19985
19982
19980
19980
19979
19979
19977
19977
19976
19975
19971
19968
19965
19964
19963
19962
19960
19959
19951
19948
19941
19941
19935
19932
19932
19922
19922
19916
19911
19911
19900
19893
19884
19882
19879
19877
19875
19871
19866
19850
19848
19847
19845
19844
19842
19841
19840
19840
19839
19832
19829
19827
19817
19806
19802
19793
19788
19779
19775
19773
19772
19764
19759
19757
19755
19754
19749
19748
19747
19745
19743
19743
19736
19734
19727
19727
19719
19716
19715
19710
19702
19698
19697
19691
19691
19682
19681
19680
19663
19663
19662
19661
19650
19650
19648
19642
19633
19633
19632
19631
19629
19621
19620
19618
19616
19609
19609
19608
19603
19602
19594
19590
19589
19582
19574
19572
19564
19554
19553
19548
19545
19544
19542
19540
19535
19532
19532
19527
19526
19507
19504
19503
19502
19500
19490
19476
19469
19465
19458
19458
19454
19450
19449
19448
19446
19442
19437
19436
19435
19433
19430
19426
19422
19419
19416
19413
19399
19399
19394
19393
19393
19393
19390
19378
19369
19361
19358
19357
19353
19351
19349
19339
19333
19329
19328
19325
19323
19312
19310
19310
19309
19307
19297
19291
19290
19281
19279
19278
19278
19276
19271
19271
19268
19267
19265
19259
19253
19248
19245
19243
19243
19238
19233
19230
19227
19227
19221
19216
19214
19212
19211
19204
19186
19183
19172
19170
19147
19146
19128
19125
19115
19114
19112
19109
19108
19107
19107
19106
19104
19104
19103
19100
19100
19100
19098
19093
19089
19086
19082
19078
19074
19067
19062
19058
19058
19051
19049
19045
19028
19026
19022
19015
19013
19007
19004
19003
18998
18990
18988
18977
18977
18977
18961
18957
18947
18938
18930
18927
18925
18922
18921
18918
18917
18913
18913
18900
18897
18896
18893
18887
18886
18885
18884
18872
18871
18871
18871
18867
18864
18862
18859
18858
18853
18847
18845
18838
18833
18831
18822
18819
18818
18817
18815
18815
18809
18794
18793
18789
18787
18782
18778
18776
18769
18762
18756
18755
18754
18752
18748
18742
18738
18735
18735
18734
18728
18728
18725
18723
18721
18712
18707
18706
18704
18704
18702
18695
18692
18688
18679
18664
18661
18656
18652
18652
18649
18648
18647
18647
18646
18643
18635
18634
18632
18622
18619
18619
18618
18606
18605
18600
18593
18593
18591
18581
18574
18573
18568
18567
18563
18558
18557
18557
18545
18544
18542
18536
18534
18534
18528
18526
18526
18524
18523
18521
18521
18515
18511
18510
18509
18509
18509
18502
18499
18499
18488
18483
18482
18481
18473
18471
18467
18467
18465
18456
18447
18446
18442
18437
18434
18432
18431
18428
18409
18408
18407
18404
18401
18400
18397
18392
18388
18386
18384
18382
18375
18367
18360
18359
18359
18350
18350
18349
18336
18328
18317
18315
18311
18307
18304
18304
18302
18299
18297
18295
18288
18286
18283
18283
18281
18279
18279
18278
18265
18264
18257
18256
18255
18231
18223
18222
18221
18217
18213
18213
18206
18204
18198
18197
18195
18194
18192
18182
18177
18177
18174
18172
18172
18171
18171
18168
18167
18151
18150
18146
18143
18141
18141
18133
18130
18129
18121
18120
18120
18119
18111
18111
18109
18109
18106
18105
18103
18100
18099
18092
18091
18091
18091
18088
18086
18074
18067
18066
18065
18064
18064
18063
18054
18051
18033
18029
18025
18021
18011
18010
18008
18008
18004
18004
18002
18001
17992
17985
17984
17974
17964
17961
17955
17953
17951
17942
17942
17941
17939
17937
17936
17935
17927
17927
17926
17923
17922
17919
17915
17911
17908
17904
17898
17893
17892
17885
17884
17883
17878
17878
17876
17875
17865
17865
17862
17861
17861
17850
17845
17844
17842
17836
17835
17833
17833
17832
17823
17822
17821
17817
17813
17809
17809
17804
17804
17803
17801
17798
17796
17793
17793
17789
17787
17787
17786
17784
17776
17773
17771
17767
17757
17757
17756
17754
17753
17752
17751
17750
17749
17748
17746
17745
17740
17739
17738
17732
17730
17706
17701
17700
17690
17685
17684
17679
17676
17671
17668
17666
17663
17659
17658
17656
17655
17652
17632
17631
17631
17627
17623
17623
17622
17620
17619
17617
17617
17615
17612
17606
17604
17601
17600
17599
17598
17595
17589
17585
17582
17575
17572
17570
17570
17565
17562
17560
17559
17558
17557
17556
17546
17543
17542
17541
17541
17532
17531
17530
17529
17526
17526
17525
17518
17517
17514
17503
17494
17493
17489
17480
17476
17475
17474
17473
17473
17469
17467
17465
17465
17458
17457
17452
17447
17443
17438
17437
17434
17432
17424
17422
17420
17418
17417
17415
17415
17412
17404
17396
17392
17391
17388
17380
17379
17377
17374
17374
17371
17371
17371
17368
17368
17362
17361
17360
17359
17356
17355
17355
17350
17336
17335
17326
17324
17323
17319
17318
17315
17306
17306
17298
17295
17288
17280
17274
17267
17264
17262
17261
17259
17250
17249
17248
17247
17241
17234
17231
17231
17227
17227
17221
17213
17209
17200
17199
17197
17192
17192
17186
17184
17183
17172
17168
17164
17162
17158
17157
17153
17151
17150
17149
17149
17149
17145
17145
17135
17132
17132
17125
17122
17121
17100
17097
17097
17085
17077
17073
17071
17067
17063
17063
17062
17057
17055
17053
17041
17038
17036
17036
17032
17032
17031
17022
17020
17018
17016
17012
17005
17004
17003
17001
16983
16982
16980
16973
16971
16969
16968
16967
16966
16966
16959
16955
16948
16947
16947
16943
16941
16938
16937
16930
16927
16926
16924
16915
16905
16903
16900
16899
16895
16894
16890
16886
16882
16880
16879
16878
16877
16876
16876
16873
16868
16867
16865
16865
16861
16857
16855
16853
16851
16850
16847
16839
16838
16837
16830
16822
16822
16813
16803
16798
16787
16779
16779
16775
16764
16760
16759
16757
16755
16754
16744
16741
16740
16738
16737
16731
16730
16721
16718
16716
16716
16714
16711
16711
16710
16705
16700
16699
16693
16690
16685
16683
16679
16678
16678
16670
16667
16665
16660
16654
16652
16650
16643
16641
16638
16633
16629
16624
16620
16617
16615
16609
16608
16607
16606
16604
16602
16598
16586
16581
16578
16573
16571
16570
16568
16567
16566
16557
16556
16554
16552
16551
16550
16550
16545
16537
16537
16536
16534
16530
16528
16526
16524
16522
16518
16518
16517
16514
16513
16512
16506
16502
16499
16498
16497
16495
16495
16492
16490
16484
16482
16481
16469
16467
16464
16453
16449
16447
16446
16441
16436
16434
16430
16423
16419
16417
16417
16415
16412
16412
16411
16407
16396
16393
16383
16381
16371
16370
16370
16369
16369
16366
16365
16360
16352
16349
16349
16343
16343
16341
16338
16338
16333
16323
16322
16313
16313
16304
16283
16280
16276
16276
16274
16274
16274
16269
16268
16263
16250
16245
16244
16244
16243
16243
16242
16226
16222
16220
16220
16213
16208
16204
16198
16192
16192
16189
16187
16179
16176
16175
16173
16172
16170
16169
16166
16160
16153
16152
16152
16151
16150
16150
16146
16145
16140
16139
16137
16135
16129
16127
16126
16123
16122
16111
16111
16110
16103
16100
16096
16095
16090
16087
16079
16070
16064
16064
16056
16053
16051
16049
16048
16044
16043
16043
16038
16035
16032
16029
16022
16018
16015
16012
16010
16002
15996
15990
15977
15976
15976
15975
15969
15967
15965
15965
15959
15959
15956
15955
15938
15931
15923
15919
15915
15914
15913
15911
15910
15907
15907
15903
15902
15901
15895
15895
15888
15879
15877
15872
15872
15869
15866
15866
15861
15860
15848
15847
15847
15839
15832
15829
15827
15824
15819
15817
15816
15814
15807
15805
15801
15797
15781
15780
15779
15770
15764
15762
15754
15751
15750
15744
15737
15736
15736
15729
15724
15719
15693
15692
15691
15689
15687
15685
15684
15680
15671
15665
15665
15663
15659
15648
15641
15638
15637
15630
15628
15627
15625
15624
15624
15623
15618
15613
15612
15607
15605
15600
15589
15587
15586
15576
15569
15561
15558
15557
15553
15551
15550
15549
15545
15545
15540
15533
15531
15528
15526
15526
15525
15525
15519
15516
15508
15503
15497
15496
15495
15495
15490
15482
15481
15479
15479
15476
15475
15474
15473
15473
15470
15457
15457
15455
15454
15452
15452
15448
15448
15447
15446
15445
15444
15430
15422
15416
15411
15411
15406
15403
15396
15392
15391
15389
15388
15382
15379
15377
15376
15372
15369
15368
15368
15365
15364
15363
15359
15352
15349
15348
15346
15340
15334
15333
15332
15320
15320
15312
15310
15309
15309
15308
15306
15297
15297
15293
15291
15285
15283
15281
15277
15274
15269
15263
15263
15263
15256
15256
15256
15255
15252
15250
15250
15241
15240
15229
15225
15225
15223
15208
15199
15197
15196
15194
15192
15184
15181
15178
15178
15177
15175
15174
15165
15163
15142
15141
15137
15135
15135
15133
15131
15123
15120
15119
15118
15118
15117
15114
15109
15108
15099
15099
15098
15092
15090
15084
15081
15080
15074
15066
15064
15048
15048
15044
15043
15041
15040
15035
15034
15031
15029
15019
15019
15008
15007
15000
14998
14997
14993
14992
14988
14980
14979
14979
14978
14976
14975
14969
14968
14967
14966
14958
14955
14955
14950
14945
14944
14943
14941
14939
14939
14936
14935
14934
14933
14927
14926
14923
14922
14921
14919
14914
14911
14908
14904
14902
14902
14902
14898
14896
14893
14892
14890
14888
14882
14879
14876
14873
14862
14859
14859
14848
14837
14833
14833
14832
14830
14829
14825
14819
14816
14814
14810
14804
14803
14800
14796
14795
14790
14784
14775
14772
14767
14766
14761
14753
14746
14745
14744
14744
14744
14741
14738
14737
14732
14729
14729
14724
14717
14696
14693
14686
14683
14681
14681
14680
14673
14669
14669
14666
14660
14660
14656
14654
14647
14645
14645
14641
14629
14623
14620
14606
14605
14604
14601
14601
14594
14588
14581
14579
14570
14564
14563
14559
14545
14545
14533
14533
14532
14532
14528
14526
14526
14523
14517
14516
14493
14484
14477
14474
14463
14460
14458
14458
14457
14456
14455
14451
14439
14438
14438
14437
14435
14432
14427
14423
14410
14403
14400
14390
14386
14381
14375
14368
14363
14355
14354
14344
14343
14338
14330
14314
14310
14309
14306
14304
14295
14293
14286
14283
14273
14269
14267
14254
14246
14246
14241
14234
14229
14228
14216
14216
14215
14202
14199
14194
14192
14191
14191
14189
14187
14187
14181
14180
14173
14170
14157
14152
14150
14141
14141
14132
14132
14129
14126
14124
14121
14116
14114
14106
14106
14097
14096
14087
14083
14081
14071
14071
14069
14069
14066
14063
14059
14055
14053
14052
14052
14047
14045
14044
14044
14035
14035
14031
14027
14026
14014
14006
14005
14000
13998
13992
13989
13988
13978
13970
13963
13961
13959
13955
13953
13944
13942
13941
13934
13934
13933
13931
13923
13896
13895
13892
13889
13888
13882
13881
13879
13877
13875
13873
13869
13865
13865
13856
13856
13846
13840
13838
13833
13822
13815
13813
13808
13808
13799
13791
13790
13788
13787
13787
13781
13776
13770
13770
13762
13760
13755
13755
13742
13739
13737
13737
13735
13732
13730
13725
13717
13715
13710
13708
13707
13704
13689
13687
13683
13681
13679
13674
13672
13669
13668
13668
13667
13664
13664
13661
13655
13655
13651
13651
13649
13647
13642
13637
13637
13637
13637
13634
13621
13618
13617
13610
13609
13592
13590
13585
13580
13577
13566
13565
13564
13556
13550
13545
13544
13539
13532
13532
13531
13526
13523
13523
13522
13518
13515
13514
13512
13511
13508
13507
13506
13505
13505
13505
13503
13502
13501
13498
13493
13492
13491
13483
13474
13460
13459
13456
13435
13435
13433
13431
13429
13424
13420
13417
13413
13411
13409
13406
13406
13404
13403
13403
13401
13396
13396
13396
13395
13394
13390
13385
13381
13377
13372
13371
13370
13370
13369
13363
13360
13355
13354
13353
13348
13347
13346
13346
13336
13331
13330
13329
13320
13312
13309
13307
13305
13300
13298
13292
13283
13276
13275
13275
13272
13270
13267
13255
13253
13244
13244
13237
13228
13223
13221
13217
13210
13208
13202
13201
13196
13190
13183
13182
13181
13164
13145
13135
13133
13131
13130
13129
13127
13126
13120
13118
13115
13110
13101
13100
13099
13098
13098
13087
13085
13082
13073
13063
13061
13043
13042
13042
13040
13034
13033
13031
13029
13029
13027
13026
13023
13015
13010
13007
13007
13006
13004
12998
12990
12985
12982
12979
12975
12971
12966
12966
12962
12960
12955
12951
12950
12946
12943
12941
12940
12937
12936
12933
12929
12923
12914
12910
12907
12907
12906
12901
12896
12889
12883
12878
12876
12871
12869
12867
12860
12855
12854
12852
12846
12843
12842
12840
12839
12836
12833
12830
12830
12826
12824
12821
12818
12818
12801
12800
12797
12797
12796
12793
12792
12788
12787
12785
12785
12784
12772
12771
12764
12759
12751
12750
12748
12748
12740
12738
12736
12735
12735
12724
12724
12721
12720
12711
12709
12707
12704
12697
12695
12694
12687
12684
12681
12678
12678
12678
12669
12664
12660
12657
12655
12652
12638
12631
12630
12629
12625
12621
12615
12607
12603
12601
12600
12599
12597
12593
12592
12591
12591
12572
12555
12554
12540
12538
12531
12528
12510
12509
12508
12504
12501
12500
12500
12500
12498
12492
12491
12487
12482
12476
12474
12474
12468
12458
12451
12442
12433
12430
12427
12426
12422
12422
12422
12421
12406
12406
12403
12398
12393
12393
12392
12391
12391
12385
12383
12383
12378
12363
12360
12340
12332
12332
12331
12321
12318
12317
12313
12313
12306
12303
12287
12282
12282
12281
12276
12275
12274
12273
12270
12268
12265
12265
12260
12245
12239
12237
12236
12232
12229
12228
12223
12215
12211
12196
12194
12189
12177
12177
12175
12168
12161
12156
12154
12151
12142
12141
12140
12134
12132
12131
12125
12120
12120
12114
12099
12096
12094
12094
12092
12091
12090
12087
12080
12071
12069
12064
12058
12055
12052
12044
12042
12041
12039
12036
12036
12035
12033
12031
12030
12024
12023
12022
12022
12019
12017
12012
12009
12004
12004
12004
12001
11996
11993
11981
11978
11977
11974
11972
11969
11968
11968
11966
11963
11961
11954
11954
11953
11949
11945
11944
11943
11937
11936
11924
11923
11919
11918
11917
11915
11908
11906
11903
11899
11899
11897
11893
11893
11888
11885
11878
11873
11862
11841
11841
11838
11829
11826
11826
11825
11823
11821
11812
11805
11798
11792
11791
11786
11786
11785
11782
11775
11774
11774
11773
11767
11766
11765
11758
11751
11747
11742
11742
11741
11735
11733
11732
11732
11724
11720
11710
11710
11707
11704
11704
11698
11688
11686
11679
11660
11658
11652
11647
11646
11643
11641
11640
11634
11632
11632
11622
11619
11609
11607
11606
11604
11604
11601
11595
11595
11590
11589
11589
11588
11588
11577
11575
11573
11570
11567
11563
11553
11553
11545
11545
11543
11543
11542
11540
11539
11538
11529
11527
11527
11524
11523
11503
11503
11498
11491
11471
11461
11461
11458
11455
11452
11451
11443
11442
11440
11434
11432
11430
11429
11428
11421
11419
11409
11405
11405
11400
11398
11394
11388
11388
11385
11385
11379
11377
11375
11365
11365
11361
11354
11353
11350
11349
11349
11346
11343
11337
11336
11332
11327
11326
11323
11315
11311
11310
11309
11299
11297
11295
11286
11285
11282
11280
11277
11276
11268
11255
11253
11250
11249
11246
11242
11236
11235
11226
11223
11222
11221
11216
11213
11208
11207
11207
11204
11202
11197
11192
11186
11185
11178
11177
11176
11168
11160
11160
11160
11157
11149
11139
11134
11133
11133
11133
11130
11129
11126
11119
11112
11108
11104
11102
11098
11097
11095
11091
11087
11084
11083
11082
11081
11077
11072
11067
11059
11053
11051
11049
11046
11044
11043
11042
11034
11033
11028
11023
11021
11019
11012
11010
11008
11007
10996
10992
10991
10990
10990
10988
10981
10981
10975
10974
10974
10970
10969
10967
10967
10961
10954
10954
10953
10951
10934
10933
10932
10932
10927
10920
10913
10913
10913
10910
10906
10906
10905
10900
10894
10892
10890
10888
10884
10883
10883
10882
10880
10865
10860
10858
10857
10856
10847
10844
10839
10835
10825
10823
10821
10817
10807
10803
10802
10800
10796
10794
10789
10783
10781
10780
10777
10755
10753
10752
10748
10744
10744
10744
10742
10738
10737
10736
10736
10733
10730
10728
10724
10724
10721
10714
10711
10706
10705
10689
10688
10687
10687
10687
10683
10682
10681
10678
10675
10673
10670
10670
10668
10661
10657
10644
10634
10634
10633
10621
10621
10620
10619
10619
10609
10606
10599
10596
10584
10583
10581
10581
10579
10578
10575
10567
10566
10564
10562
10559
10559
10548
10541
10536
10524
10524
10519
10519
10519
10512
10511
10511
10503
10501
10501
10500
10500
10490
10488
10486
10477
10475
10473
10441
10435
10434
10431
10430
10428
10427
10423
10420
10420
10419
10410
10407
10402
10399
10394
10388
10388
10379
10377
10362
10362
10359
10348
10346
10342
10341
10339
10331
10329
10324
10324
10315
10313
10301
10300
10297
10288
10288
10280
10276
10275
10270
10265
10264
10261
10260
10256
10254
10249
10247
10245
10238
10236
10236
10236
10232
10226
10224
10213
10211
10210
10209
10207
10207
10205
10202
10193
10191
10191
10190
10188
10187
10186
10186
10182
10181
10181
10179
10176
10175
10172
10172
10170
10170
10169
10166
10165
10164
10156
10144
10138
10134
10131
10129
10128
10109
10106
10103
10103
10099
10098
10094
10084
10083
10080
10077
10075
10073
10072
10049
10048
10041
10039
10039
10028
10014
10007
10004
10000
9999
9998
9996
9996
9990
9982
9979
9978
9976
9973
9964
9963
9961
9957
9956
9948
9945
9943
9941
9939
9936
9933
9930
9928
9928
9927
9923
9921
9918
9916
9905
9902
9901
9900
9899
9897
9894
9889
9889
9880
9876
9867
9863
9863
9855
9855
9854
9849
9845
9843
9837
9837
9833
9829
9829
9825
9819
9817
9805
9800
9799
9798
9793
9792
9790
9785
9783
9781
9778
9770
9758
9758
9756
9754
9751
9748
9748
9740
9738
9737
9734
9733
9731
9730
9729
9727
9716
9712
9712
9710
9705
9705
9703
9696
9692
9683
9672
9670
9666
9662
9652
9650
9639
9639
9638
9636
9635
9630
9629
9628
9623
9621
9620
9619
9614
9612
9608
9607
9605
9601
9593
9593
9588
9584
9583
9580
9575
9567
9567
9565
9558
9557
9545
9537
9520
9514
9510
9509
9499
9494
9493
9490
9489
9488
9488
9487
9483
9479
9473
9465
9464
9464
9464
9454
9450
9441
9435
9425
9422
9418
9418
9417
9411
9410
9409
9401
9392
9390
9389
9389
9382
9378
9372
9370
9350
9345
9336
9334
9332
9329
9319
9317
9309
9305
9304
9294
9294
9291
9291
9288
9273
9272
9263
9263
9262
9260
9260
9259
9258
9256
9251
9246
9244
9244
9241
9234
9227
9224
9222
9216
9215
9210
9207
9205
9201
9200
9200
9194
9187
9186
9186
9183
9169
9168
9163
9161
9144
9142
9134
9127
9126
9108
9106
9103
9102
9096
9082
9081
9079
9078
9073
9070
9069
9063
9062
9061
9059
9056
9049
9048
9040
9034
9034
9033
9032
9029
9027
9026
9026
9026
9022
9021
9021
9015
9015
9014
9007
9005
9005
9005
9003
8996
8989
8988
8985
8984
8976
8974
8968
8960
8957
8952
8945
8944
8942
8940
8933
8930
8928
8918
8917
8913
8907
8899
8895
8893
8889
8887
8886
8886
8884
8884
8880
8878
8877
8874
8873
8866
8860
8859
8851
8851
8850
8843
8831
8818
8814
8812
8803
8797
8797
8796
8792
8787
8787
8786
8776
8766
8759
8756
8756
8752
8750
8734
8727
8724
8724
8722
8719
8714
8707
8707
8702
8698
8685
8673
8660
8660
8655
8643
8641
8640
8629
8626
8617
8617
8613
8611
8611
8605
8603
8602
8599
8590
8586
8573
8572
8570
8565
8559
8552
8550
8549
8541
8536
8534
8513
8512
8506
8506
8497
8486
8484
8482
8474
8474
8470
8463
8460
8454
8452
8449
8447
8446
8439
8438
8436
8435
8434
8431
8430
8429
8425
8421
8414
8413
8413
8412
8409
8406
8406
8406
8393
8391
8390
8383
8380
8378
8378
8377
8376
8372
8363
8362
8352
8339
8332
8330
8324
8320
8318
8312
8311
8310
8305
8302
8301
8300
8299
8298
8293
8282
8280
8276
8270
8269
8269
8257
8256
8238
8237
8235
8232
8231
8226
8223
8222
8220
8218
8215
8214
8211
8210
8200
8199
8199
8179
8178
8176
8172
8170
8169
8167
8164
8163
8155
8152
8150
8147
8144
8141
8138
8135
8126
8121
8117
8117
8116
8108
8092
8085
8085
8083
8078
8076
8074
8071
8068
8067
8066
8066
8065
8060
8056
8049
8048
8046
8044
8037
8033
8032
8031
8029
8028
8018
8015
8015
8001
7991
7985
7977
7975
7971
7970
7967
7961
7956
7940
7940
7932
7928
7923
7923
7922
7910
7903
7902
7896
7895
7894
7887
7877
7875
7874
7870
7866
7864
7861
7852
7849
7829
7827
7827
7819
7809
7805
7802
7794
7793
7790
7774
7771
7756
7756
7756
7755
7754
7753
7752
7749
7745
7738
7738
7733
7727
7722
7721
7713
7710
7709
7708
7698
7693
7675
7673
7673
7673
7671
7668
7665
7651
7642
7642
7642
7636
7632
7632
7629
7624
7623
7619
7612
7611
7602
7599
7594
7593
7584
7576
7573
7572
7565
7564
7564
7561
7550
7542
7540
7536
7535
7532
7531
7523
7522
7517
7516
7512
7511
7508
7500
7499
7495
7491
7489
7487
7486
7480
7477
7477
7463
7462
7460
7459
7452
7449
7448
7421
7421
7421
7416
7411
7408
7408
7402
7401
7396
7396
7395
7395
7392
7384
7382
7379
7378
7375
7368
7359
7355
7354
7348
7340
7332
7328
7324
7314
7303
7302
7301
7297
7288
7285
7284
7279
7274
7272
7267
7264
7261
7257
7257
7254
7251
7251
7245
7245
7245
7242
7238
7233
7231
7228
7224
7222
7222
7219
7218
7216
7208
7205
7201
7195
7185
7184
7180
7174
7173
7167
7165
7163
7159
7158
7158
7155
7154
7154
7147
7145
7133
7130
7128
7127
7125
7124
7120
7105
7070
7065
7064
7060
7058
7046
7045
7042
7039
7038
7037
7025
7021
7020
7020
6999
6998
6994
6981
6964
6950
6947
6946
6938
6937
6934
6933
6923
6913
6913
6903
6898
6898
6896
6896
6893
6893
6882
6881
6877
6876
6876
6874
6871
6871
6870
6867
6865
6862
6862
6859
6855
6843
6841
6837
6837
6826
6822
6820
6818
6815
6807
6797
6792
6788
6782
6779
6773
6773
6765
6763
6763
6762
6761
6761
6757
6751
6751
6751
6750
6740
6740
6730
6726
6724
6723
6717
6715
6715
6715
6709
6709
6706
6694
6691
6690
6688
6687
6683
6679
6673
6671
6670
6668
6667
6667
6666
6664
6663
6659
6655
6653
6649
6646
6643
6643
6640
6639
6631
6630
6629
6623
6623
6621
6620
6617
6614
6611
6606
6600
6598
6594
6594
6594
6591
6581
6578
6577
6567
6559
6551
6545
6534
6530
6526
6525
6518
6517
6516
6509
6507
6501
6500
6496
6494
6490
6485
6483
6472
6463
6463
6463
6460
6451
6446
6442
6432
6428
6427
6424
6415
6412
6410
6408
6406
6400
6400
6397
6391
6386
6382
6380
6379
6375
6372
6369
6368
6365
6364
6363
6359
6357
6349
6346
6341
6340
6330
6327
6322
6318
6315
6314
6313
6308
6301
6299
6296
6294
6290
6289
6279
6269
6268
6268
6261
6261
6260
6248
6247
6242
6241
6241
6240
6236
6232
6232
6229
6218
6218
6207
6206
6204
6202
6201
6199
6197
6195
6193
6189
6185
6184
6181
6172
6172
6168
6157
6154
6151
6150
6148
6146
6137
6125
6124
6124
6116
6115
6114
6107
6105
6101
6093
6084
6084
6083
6083
6079
6077
6076
6074
6067
6067
6065
6064
6063
6057
6051
6049
6046
6045
6044
6043
6041
6037
6036
6035
6025
6024
6013
6009
6008
6001
6000
5994
5979
5978
5978
5973
5972
5970
5969
5967
5966
5966
5962
5961
5955
5953
5951
5950
5945
5944
5943
5943
5942
5936
5933
5930
5928
5914
5913
5906
5904
5900
5888
5888
5885
5885
5885
5880
5877
5874
5865
5865
5863
5862
5861
5854
5850
5849
5848
5847
5845
5844
5835
5835
5834
5832
5827
5826
5825
5824
5822
5821
5813
5813
5811
5807
5806
5801
5796
5792
5789
5787
5784
5784
5780
5770
5767
5762
5756
5735
5725
5722
5707
5707
5705
5704
5693
5687
5687
5683
5680
5679
5679
5666
5663
5651
5648
5643
5638
5638
5633
5633
5630
5624
5623
5622
5621
5621
5609
5605
5603
5601
5589
5582
5582
5581
5574
5568
5558
5557
5550
5546
5539
5537
5536
5531
5528
5528
5519
5514
5514
5510
5505
5503
5496
5494
5493
5477
5475
5475
5467
5464
5463
5461
5456
5453
5452
5452
5450
5446
5440
5438
5435
5434
5429
5422
5422
5419
5417
5415
5409
5408
5406
5403
5394
5392
5391
5390
5388
5387
5376
5372
5368
5366
5363
5363
5357
5355
5355
5354
5352
5347
5347
5340
5337
5336
5328
5327
5326
5317
5312
5311
5307
5291
5289
5287
5286
5284
5280
5279
5276
5275
5274
5273
5271
5260
5260
5257
5256
5254
5253
5239
5239
5237
5236
5231
5223
5221
5219
5218
5206
5205
5204
5197
5193
5192
5180
5179
5178
5174
5170
5167
5164
5163
5162
5161
5158
5155
5149
5148
5139
5138
5137
5131
5130
5129
5128
5128
5126
5126
5120
5118
5117
5102
5100
5099
5099
5095
5093
5087
5084
5077
5068
5063
5059
5055
5054
5053
5052
5043
5037
5020
5006
5005
5005
5005
5003
5001
4983
4981
4981
4979
4979
4978
4977
4975
4967
4964
4964
4963
4962
4953
4946
4940
4938
4935
4930
4927
4927
4911
4907
4900
4898
4896
4896
4894
4894
4879
4877
4875
4872
4871
4870
4870
4869
4868
4865
4861
4861
4861
4849
4842
4836
4835
4834
4830
4830
4818
4817
4816
4810
4808
4804
4802
4799
4797
4793
4791
4788
4787
4786
4786
4784
4783
4780
4777
4776
4774
4774
4764
4761
4756
4755
4739
4729
4729
4728
4722
4715
4711
4711
4700
4693
4692
4686
4677
4671
4664
4663
4657
4657
4650
4647
4636
4634
4629
4626
4625
4619
4614
4608
4604
4598
4576
4575
4569
4568
4556
4535
4524
4524
4521
4519
4517
4516
4514
4512
4509
4506
4506
4505
4504
4501
4500
4497
4495
4494
4493
4492
4485
4481
4478
4466
4466
4460
4442
4438
4432
4431
4429
4417
4407
4405
4404
4403
4398
4394
4386
4383
4383
4382
4381
4370
4370
4370
4364
4359
4358
4358
4358
4356
4354
4354
4353
4348
4347
4337
4331
4326
4323
4315
4314
4311
4309
4308
4307
4304
4298
4293
4290
4290
4285
4269
4264
4263
4248
4248
4247
4244
4239
4234
4231
4231
4226
4226
4224
4217
4216
4209
4206
4206
4205
4202
4201
4198
4198
4197
4192
4189
4180
4179
4172
4165
4164
4162
4161
4158
4158
4157
4149
4147
4138
4126
4124
4124
4122
4117
4114
4113
4108
4106
4106
4102
4102
4087
4083
4082
4069
4068
4063
4060
4060
4060
4055
4053
4052
4049
4046
4040
4034
4032
4031
4028
4026
4025
4023
4021
4015
4011
4010
4004
4004
4000
3996
3995
3991
3988
3987
3987
3983
3981
3981
3974
3973
3970
3968
3968
3966
3960
3946
3944
3937
3921
3921
3920
3920
3914
3910
3908
3902
3901
3897
3896
3896
3894
3894
3893
3892
3891
3888
3882
3880
3879
3873
3869
3866
3864
3864
3858
3857
3854
3844
3842
3839
3839
3836
3836
3834
3832
3830
3826
3823
3818
3816
3816
3810
3806
3805
3795
3794
3788
3786
3784
3784
3782
3782
3781
3778
3776
3774
3771
3767
3761
3757
3752
3749
3747
3735
3733
3733
3729
3728
3725
3717
3712
3711
3709
3700
3695
3691
3685
3684
3683
3683
3672
3667
3666
3664
3664
3663
3663
3661
3660
3657
3654
3651
3648
3645
3643
3642
3637
3636
3634
3620
3619
3616
3614
3614
3605
3601
3599
3599
3598
3592
3583
3583
3574
3569
3567
3566
3563
3561
3560
3558
3548
3537
3537
3536
3534
3531
3522
3516
3508
3508
3501
3500
3498
3495
3487
3475
3470
3470
3468
3467
3467
3463
3462
3461
3457
3454
3451
3449
3447
3446
3443
3442
3440
3437
3432
3423
3421
3418
3414
3412
3401
3397
3393
3388
3386
3380
3379
3378
3377
3364
3363
3359
3356
3351
3342
3333
3326
3321
3313
3308
3303
3301
3301
3297
3295
3295
3292
3283
3279
3278
3275
3274
3273
3272
3272
3271
3264
3264
3257
3253
3235
3233
3226
3225
3220
3216
3216
3212
3205
3199
3197
3196
3193
3189
3180
3179
3168
3159
3157
3156
3149
3149
3147
3145
3140
3136
3132
3121
3121
3113
3101
3084
3083
3082
3082
3079
3067
3064
3057
3054
3049
3045
3042
3039
3035
3029
3027
3027
3025
3022
3012
3008
3006
3005
3004
2997
2997
2996
2996
2992
2992
2991
2991
2981
2976
2971
2969
2966
2963
2961
2958
2953
2951
2945
2941
2939
2938
2933
2928
2923
2922
2921
2918
2910
2908
2905
2905
2895
2893
2892
2892
2891
2889
2889
2888
2888
2886
2886
2885
2880
2880
2879
2877
2876
2874
2873
2870
2860
2859
2856
2855
2852
2850
2847
2845
2834
2829
2828
2826
2824
2821
2816
2809
2808
2807
2800
2800
2799
2795
2784
2784
2783
2777
2776
2774
2773
2771
2769
2764
2763
2760
2759
2756
2756
2755
2753
2748
2733
2731
2730
2728
2728
2727
2726
2716
2715
2713
2707
2705
2701
2700
2688
2680
2677
2676
2672
2670
2664
2664
2658
2655
2655
2650
2649
2640
2639
2639
2636
2627
2626
2624
2620
2618
2615
2612
2605
2605
2601
2600
2600
2599
2596
2592
2590
2587
2585
2584
2583
2582
2580
2573
2572
2571
2569
2567
2567
2565
2564
2563
2563
2562
2562
2560
2557
2552
2544
2543
2540
2540
2537
2525
2524
2516
2504
2500
2499
2493
2491
2485
2484
2481
2476
2465
2461
2446
2444
2439
2438
2434
2434
2432
2431
2431
2429
2427
2426
2422
2421
2420
2419
2417
2412
2411
2411
2404
2404
2390
2388
2382
2380
2375
2375
2370
2362
2356
2352
2352
2351
2349
2347
2344
2342
2339
2335
2327
2323
2319
2317
2309
2301
2298
2285
2281
2279
2275
2271
2268
2267
2263
2261
2258
2254
2244
2239
2238
2234
2229
2229
2225
2224
2216
2214
2213
2202
2198
2194
2193
2188
2187
2182
2180
2178
2171
2161
2159
2157
2157
2156
2156
2153
2146
2143
2139
2137
2136
2135
2134
2131
2126
2125
2124
2123
2122
2118
2117
2103
2102
2098
2095
2090
2081
2080
2077
2076
2076
2067
2043
2043
2042
2037
2035
2029
2027
2025
2025
2024
2024
2022
2020
2016
2015
2015
2010
2009
2003
1998
1996
1990
1984
1983
1977
1969
1968
1968
1964
1960
1959
1959
1953
1947
1945
1941
1941
1941
1940
1939
1938
1934
1931
1929
1923
1920
1904
1899
1897
1895
1892
1891
1891
1890
1889
1888
1885
1881
1876
1876
1870
1869
1869
1866
1866
1862
1856
1854
1853
1849
1844
1840
1836
1836
1830
1829
1824
1821
1817
1813
1810
1808
1799
1798
1798
1788
1785
1774
1774
1772
1771
1771
1766
1763
1760
1754
1753
1752
1751
1748
1747
1745
1737
1723
1713
1711
1700
1700
1697
1696
1693
1693
1691
1688
1687
1686
1685
1684
1672
1671
1671
1670
1663
1662
1660
1656
1649
1645
1643
1642
1641
1639
1639
1638
1635
1634
1632
1631
1625
1618
1618
1616
1616
1613
1611
1604
1596
1592
1590
1582
1579
1576
1569
1553
1552
1548
1532
1531
1530
1520
1517
1511
1505
1501
1494
1491
1489
1488
1481
1477
1467
1464
1462
1462
1455
1454
1451
1451
1446
1443
1442
1439
1436
1421
1419
1418
1416
1415
1411
1410
1407
1394
1393
1392
1391
1390
1389
1384
1381
1379
1372
1371
1364
1357
1349
1349
1342
1337
1337
1336
1336
1331
1327
1326
1324
1323
1309
1295
1283
1279
1279
1279
1273
1271
1269
1260
1259
1259
1258
1253
1247
1242
1235
1228
1215
1215
1205
1204
1202
1202
1183
1182
1179
1178
1176
1173
1170
1167
1163
1162
1159
1158
1152
1150
1149
1148
1148
1143
1141
1140
1138
1138
1138
1137
1136
1132
1131
1127
1126
1123
1117
1117
1114
1107
1104
1101
1101
1099
1094
1089
1088
1084
1082
1079
1066
1066
1065
1060
1057
1052
1049
1042
1040
1040
1029
1028
1025
1007
1000
1000
999
991
990
988
986
986
986
984
980
978
974
973
973
970
964
964
964
963
962
960
949
947
944
944
943
942
941
940
940
937
929
928
924
923
923
922
918
916
913
908
900
897
894
891
883
878
878
873
863
861
860
857
855
851
846
844
844
842
834
833
832
831
829
825
822
816
815
810
804
802
801
800
797
790
779
776
766
759
752
747
744
742
736
735
727
725
724
723
721
717
713
707
700
695
694
683
679
679
676
671
670
664
653
652
645
640
638
638
631
627
625
621
617
614
614
613
613
604
593
592
586
581
580
577
574
570
566
563
560
556
547
545
545
544
543
541
534
533
527
527
505
501
498
493
492
492
487
486
482
481
481
480
478
474
466
463
462
458
451
445
429
428
426
421
416
416
413
407
406
398
397
391
390
389
388
386
380
376
375
368
361
360
359
352
351
350
342
336
335
334
332
324
322
317
313
309
307
306
302
300
297
291
291
291
289
286
268
266
264
262
255
254
251
249
246
246
246
245
241
240
237
232
232
232
231
227
227
224
208
202
201
199
198
196
194
191
190
188
181
180
171
169
166
158
152
150
149
141
136
136
135
130
129
129
118
117
113
112
110
108
107
104
97
91
84
83
83
79
74
73
67
66
63
61
53
52
52
48
43
38
30
22
20
17
10
10
9
3
