32761
32759
32734
32725
32718
32716
32692
32691
32663
32660
32642
32641
32640
32594
32594
32590
32577
32568
32564
32562
32520
32514
32486
32486
32486
32481
32466
32442
32437
32436
32434
32413
32402
32401
32399
32347
32320
32317
32308
32300
32292
32285
32282
32281
32273
32244
32204
32190
32167
32163
32156
32153
32141
32140
32134
32102
32065
32057
32052
32051
32022
32021
32018
32015
32014
32010
32009
32005
32002
31984
31984
31972
31969
31961
31958
31943
31928
31924
31900
31896
31893
31882
31879
31870
31855
31853
31852
31848
31847
31833
31812
31802
31787
31780
31776
31774
31767
31758
31736
31719
31716
31714
31702
31700
31698
31695
31690
31669
31623
31619
31617
31615
31595
31580
31577
31558
31554
31542
31537
31531
31525
31503
31500
31498
31494
31439
31436
31429
31424
31420
31385
31365
31363
31346
31331
31328
31315
31308
31305
31299
31272
31237
31228
31219
31166
31154
31142
31138
31127
31121
31115
31115
31107
31092
31090
31088
31073
31072
31067
31056
31046
31032
31031
31007
30975
30967
30959
30957
30938
30929
30927
30927
30922
30921
30917
30915
30902
30901
30891
30890
30841
30833
30792
30728
30715
30715
30709
30697
30675
30672
30672
30670
30665
30664
30662
30656
30646
30640
30629
30624
30602
30600
30592
30592
30564
30554
30540
30534
30489
30482
30446
30446
30428
30427
30414
30413
30410
30408
30403
30398
30362
30357
30334
30332
30331
30324
30321
30320
30314
30313
30311
30307
30298
30297
30296
30287
30285
30282
30274
30269
30243
30236
30221
30214
30204
30189
30187
30164
30153
30150
30148
30127
30115
30111
30053
30046
30044
30043
30033
30008
29970
29969
29963
29937
29934
29908
29872
29870
29837
29830
29822
29814
29809
29797
29794
29753
29752
29747
29743
29741
29732
29713
29698
29697
29666
29662
29657
29657
29651
29643
29641
29639
29628
29620
29601
29597
29592
29589
29582
29549
29521
29507
29500
29496
29480
29479
29478
29475
29475
29475
29466
29443
29412
29403
29401
29389
29363
29356
29346
29344
29334
29334
29326
29308
29281
29269
29267
29236
29223
29211
29191
29179
29165
29160
29151
29136
29124
29113
29107
29103
29096
29089
29085
29055
29034
29032
29018
29017
28986
28969
28955
28951
28942
28939
28935
28873
28871
28867
28859
28856
28842
28835
28823
28815
28797
28792
28767
28751
28719
28708
28699
28692
28683
28671
28668
28653
28638
28614
28589
28588
28579
28574
28568
28555
28554
28551
28540
28534
28521
28516
28509
28487
28487
28443
28431
28405
28404
28403
28377
28369
28361
28341
28332
28301
28301
28300
28298
28281
28244
28232
28213
28208
28184
28183
28171
28161
28157
28157
28152
28125
28081
28072
28059
28059
28015
28011
28010
27994
27990
27966
27948
27940
27922
27895
27890
27870
27869
27861
27847
27805
27783
27761
27759
27749
27743
27739
27718
27718
27706
27698
27689
27684
27681
27646
27645
27641
27631
27626
27580
27575
27569
27564
27563
27534
27498
27496
27495
27495
27477
27476
27475
27471
27445
27430
27429
27407
27395
27389
27369
27354
27349
27337
27318
27317
27303
27292
27268
27257
27246
27246
27245
27241
27210
27204
27187
27169
27158
27150
27142
27118
27098
27095
27070
27062
27059
27058
27039
27020
27011
27011
27004
26997
26997
26987
26948
26943
26936
26934
26933
26928
26921
26896
26895
26885
26879
26877
26865
26860
26858
26850
26845
26845
26844
26841
26836
26835
26835
26831
26823
26823
26798
26797
26787
26786
26773
26773
26748
26740
26736
26725
26724
26717
26709
26708
26692
26682
26675
26664
26661
26660
26649
26648
26633
26632
26628
26619
26615
26613
26611
26606
26606
26596
26570
26570
26549
26535
26531
26531
26517
26516
26512
26511
26491
26488
26474
26467
26435
26404
26394
26390
26385
26379
26368
26365
26364
26357
26351
26283
26243
26186
26179
26165
26137
26133
26121
26116
26079
26076
26067
26035
26017
26009
26003
26000
25999
25991
25984
25973
25971
25955
25925
25909
25901
25873
25853
25846
25828
25826
25824
25818
25817
25795
25792
25777
25774
25772
25757
25751
25742
25741
25721
25704
25701
25683
25679
25662
25639
25636
25628
25615
25615
25605
25591
25586
25577
25569
25555
25554
25551
25546
25527
25494
25484
25448
25444
25440
25428
25397
25378
25376
25373
25351
25317
25280
25271
25270
25263
25254
25236
25192
25170
25154
25151
25115
25112
25107
25099
25089
25085
25076
25068
25062
25043
25030
25026
25009
25008
25008
25003
24998
24982
24981
24959
24956
24949
24946
24933
24928
24909
24902
24899
24870
24846
24818
24807
24793
24775
24752
24727
24683
24663
24658
24655
24648
24641
24635
24635
24613
24609
24600
24595
24592
24588
24587
24577
24563
24555
24531
24530
24443
24436
24416
24413
24407
24403
24403
24387
24382
24374
24355
24332
24332
24327
24321
24306
24303
24300
24298
24295
24288
24285
24283
24278
24266
24247
24215
24180
24179
24173
24173
24154
24143
24128
24118
24113
24088
24077
24071
24068
24061
24056
24028
24020
24019
23995
23973
23944
23937
23927
23925
23922
23912
23900
23883
23872
23871
23854
23841
23828
23820
23818
23816
23815
23807
23807
23804
23798
23797
23788
23788
23786
23780
23770
23767
23763
23762
23748
23741
23741
23739
23713
23706
23704
23699
23692
23679
23674
23666
23653
23632
23582
23579
23570
23568
23567
23566
23561
23502
23502
23495
23480
23472
23439
23437
23436
23431
23430
23426
23393
23391
23389
23380
23378
23377
23367
23363
23362
23362
23357
23356
23342
23333
23325
23313
23311
23307
23304
23303
23294
23286
23285
23281
23280
23264
23258
23229
23221
23219
23189
23178
23163
23162
23162
23156
23155
23141
23138
23130
23127
23118
23113
23102
23099
23090
23088
23078
23077
23054
23048
23044
23042
23037
23031
23029
23027
23026
23017
23004
23004
22999
22994
22991
22984
22983
22982
22981
22977
22973
22964
22958
22950
22926
22920
22916
22914
22911
22904
22884
22882
22881
22834
22827
22786
22773
22759
22758
22706
22696
22665
22664
22664
22655
22655
22651
22639
22637
22635
22633
22630
22627
22612
22554
22552
22541
22539
22537
22529
22523
22522
22518
22506
22487
22486
22475
22475
22470
22464
22453
22440
22409
22408
22398
22391
22382
22382
22380
22346
22341
22317
22292
22284
22268
22262
22254
22252
22211
22203
22172
22168
22154
22148
22146
22143
22132
22083
22064
22042
22042
22039
22028
21950
21936
21931
21917
21914
21912
21901
21899
21887
21869
21868
21858
21851
21843
21821
21813
21811
21804
21782
21782
21738
21725
21724
21718
21707
21707
21679
21673
21667
21648
21640
21629
21626
21617
21616
21605
21587
21569
21565
21565
21564
21555
21552
21529
21524
21502
21477
21473
21449
21434
21418
21413
21409
21395
21373
21363
21362
21354
21345
21335
21327
21322
21307
21292
21278
21266
21266
21255
21255
21253
21253
21251
21234
21219
21205
21200
21190
21168
21162
21156
21142
21133
21120
21061
21052
21048
21028
21023
21012
20986
20982
20956
20893
20889
20878
20871
20853
20836
20831
20789
20787
20742
20730
20718
20714
20706
20698
20692
20679
20677
20672
20648
20613
20585
20584
20531
20529
20478
20472
20469
20446
20441
20434
20434
20433
20428
20418
20389
20387
20377
20371
20365
20352
20346
20330
20320
20311
20307
20289
20275
20264
20259
20248
20245
20243
20242
20226
20200
20181
20172
20171
20164
20159
20136
20135
20118
20117
20110
20101
20092
20090
20080
20068
20065
20059
20059
20037
20016
19995
19981
19977
19973
19971
19968
19964
19962
19949
19944
19928
19915
19904
19893
19886
19884
19877
19877
19869
19868
19861
19854
19854
19854
19849
19817
19807
19768
19759
19752
19731
19713
19709
19709
19694
19694
19684
19666
19665
19653
19651
19601
19583
19579
19577
19552
19549
19531
19526
19525
19523
19520
19489
19482
19480
19479
19473
19448
19426
19405
19404
19400
19398
19377
19376
19374
19373
19373
19348
19330
19329
19316
19302
19300
19299
19270
19264
19260
19247
19222
19215
19206
19190
19181
19178
19165
19150
19143
19136
19133
19125
19110
19105
19101
19081
19076
19074
19069
19068
19067
19061
19053
19049
19027
19009
19005
18966
18948
18936
18935
18922
18898
18897
18895
18891
18883
18882
18864
18840
18833
18826
18817
18815
18809
18804
18784
18761
18757
18747
18723
18715
18712
18696
18686
18679
18675
18674
18666
18660
18637
18606
18606
18594
18589
18586
18586
18564
18560
18549
18547
18547
18543
18537
18518
18504
18490
18482
18455
18432
18429
18428
18428
18422
18421
18414
18402
18374
18350
18341
18334
18300
18299
18284
18275
18271
18267
18257
18228
18225
18202
18198
18197
18196
18196
18170
18168
18168
18145
18140
18080
18072
18046
18037
18023
18016
17987
17977
17952
17945
17941
17934
17918
17904
17889
17881
17859
17854
17852
17845
17826
17817
17811
17806
17784
17783
17753
17749
17726
17715
17691
17686
17686
17682
17673
17667
17664
17660
17654
17643
17639
17617
17574
17573
17559
17558
17557
17534
17531
17512
17493
17486
17483
17478
17456
17452
17415
17408
17374
17374
17362
17357
17344
17342
17322
17304
17303
17301
17296
17275
17274
17259
17235
17182
17167
17164
17106
17083
17070
17068
17046
17034
17024
16993
16992
16986
16975
16974
16974
16969
16969
16948
16942
16935
16931
16927
16925
16908
16906
16897
16887
16877
16871
16864
16862
16852
16836
16836
16826
16817
16816
16815
16814
16789
16781
16768
16765
16765
16758
16744
16736
16732
16701
16683
16674
16661
16659
16655
16648
16631
16621
16574
16573
16572
16555
16552
16548
16535
16508
16498
16494
16491
16487
16482
16445
16436
16422
16404
16398
16369
16363
16362
16290
16284
16282
16261
16258
16251
16205
16198
16192
16180
16173
16160
16159
16157
16150
16144
16142
16123
16123
16118
16115
16089
16087
16051
16025
16025
16015
15996
15970
15933
15931
15930
15905
15901
15886
15878
15875
15874
15858
15851
15839
15837
15837
15828
15824
15821
15815
15799
15787
15751
15731
15730
15718
15700
15687
15667
15646
15639
15630
15621
15607
15593
15589
15583
15579
15577
15549
15546
15537
15536
15534
15534
15531
15521
15501
15497
15489
15485
15480
15479
15472
15470
15460
15459
15454
15446
15438
15434
15426
15425
15422
15409
15392
15386
15384
15371
15363
15359
15355
15342
15319
15317
15307
15285
15280
15246
15224
15196
15178
15148
15135
15132
15125
15123
15095
15095
15082
15075
15070
15060
15055
15040
15017
14960
14955
14948
14948
14940
14937
14931
14910
14898
14896
14872
14867
14836
14812
14796
14790
14789
14786
14777
14766
14765
14761
14756
14753
14750
14732
14722
14719
14711
14700
14689
14684
14676
14674
14674
14661
14648
14643
14633
14630
14623
14607
14605
14597
14595
14588
14581
14569
14548
14548
14530
14527
14517
14509
14505
14494
14488
14486
14481
14454
14445
14442
14419
14410
14403
14402
14388
14375
14337
14336
14297
14281
14272
14268
14258
14256
14237
14233
14222
14222
14220
14206
14159
14158
14156
14117
14111
14107
14104
14104
14087
14083
14064
14061
14059
14058
14037
14036
13979
13972
13972
13969
13963
13952
13939
13931
13929
13910
13904
13903
13894
13890
13885
13876
13855
13843
13837
13835
13835
13818
13815
13803
13800
13789
13787
13764
13763
13758
13723
13715
13705
13655
13646
13641
13636
13635
13634
13624
13620
13588
13581
13573
13561
13544
13511
13497
13489
13484
13438
13438
13436
13425
13415
13379
13359
13357
13357
13340
13329
13287
13280
13275
13261
13235
13232
13227
13194
13193
13192
13192
13176
13148
13132
13130
13104
13101
13098
13081
13074
13060
13056
13050
13037
13037
13028
13027
13021
13021
13020
12988
12979
12976
12973
12971
12963
12941
12928
12927
12923
12909
12903
12903
12898
12880
12875
12857
12856
12848
12845
12843
12839
12838
12820
12818
12810
12805
12800
12769
12764
12745
12734
12731
12731
12725
12723
12715
12701
12694
12658
12657
12644
12623
12600
12580
12575
12546
12541
12535
12524
12521
12514
12512
12480
12472
12463
12455
12448
12444
12425
12407
12370
12361
12304
12293
12292
12278
12257
12256
12227
12195
12193
12193
12180
12169
12158
12149
12125
12105
12100
12094
12088
12082
12080
12056
12047
12014
11988
11987
11985
11972
11965
11950
11945
11938
11935
11933
11906
11906
11898
11885
11879
11863
11861
11855
11823
11806
11791
11790
11787
11778
11767
11766
11766
11733
11732
11714
11702
11685
11661
11653
11628
11614
11611
11610
11607
11597
11590
11588
11582
11575
11575
11558
11552
11535
11514
11512
11508
11500
11494
11480
11479
11455
11454
11446
11443
11410
11397
11388
11372
11367
11329
11327
11326
11321
11304
11278
11274
11264
11249
11224
11223
11215
11196
11195
11179
11174
11168
11168
11166
11165
11162
11161
11161
11148
11109
11087
11076
11070
11054
11048
11048
11035
11030
11012
10976
10972
10967
10947
10933
10929
10892
10885
10882
10867
10843
10800
10791
10750
10723
10699
10682
10680
10676
10638
10608
10589
10584
10565
10558
10524
10512
10484
10471
10453
10449
10441
10439
10426
10424
10422
10408
10404
10394
10393
10388
10385
10385
10373
10367
10318
10303
10275
10270
10268
10266
10263
10257
10190
10170
10164
10145
10142
10142
10135
10134
10134
10117
10106
10098
10093
10088
10085
10079
10018
9997
9988
9968
9963
9950
9949
9945
9944
9934
9907
9904
9901
9896
9894
9882
9875
9859
9846
9839
9822
9821
9816
9791
9782
9780
9751
9748
9746
9716
9710
9689
9686
9686
9676
9668
9660
9653
9651
9641
9631
9627
9623
9621
9607
9582
9577
9575
9553
9545
9545
9525
9516
9510
9510
9497
9494
9487
9484
9475
9462
9453
9440
9429
9427
9419
9408
9401
9395
9370
9344
9337
9332
9324
9321
9294
9288
9286
9277
9277
9260
9243
9235
9224
9212
9210
9202
9195
9165
9164
9156
9150
9123
9123
9122
9117
9100
9090
9083
9064
9058
9052
9044
9042
9038
9012
8998
8996
8981
8953
8953
8929
8928
8924
8906
8884
8881
8865
8847
8843
8839
8839
8824
8767
8763
8744
8729
8728
8722
8719
8714
8712
8705
8703
8696
8684
8675
8675
8672
8671
8670
8639
8633
8597
8595
8588
8584
8581
8564
8533
8510
8507
8499
8494
8493
8465
8463
8450
8434
8432
8430
8419
8417
8413
8411
8406
8394
8371
8366
8360
8358
8341
8340
8336
8327
8306
8301
8293
8283
8282
8280
8262
8260
8258
8253
8221
8221
8202
8197
8189
8180
8154
8147
8144
8137
8137
8128
8127
8127
8121
8104
8095
8089
8071
8068
8047
8046
8009
8001
7995
7974
7970
7960
7959
7956
7949
7908
7894
7885
7812
7803
7797
7785
7776
7768
7764
7764
7750
7740
7735
7690
7684
7672
7659
7648
7623
7601
7599
7595
7579
7577
7570
7543
7536
7528
7518
7517
7511
7467
7456
7451
7424
7399
7398
7384
7372
7367
7366
7361
7342
7324
7304
7279
7246
7240
7221
7213
7212
7207
7198
7198
7150
7146
7142
7130
7129
7118
7117
7104
7100
7092
7062
7060
7047
7026
7023
7016
7004
7002
7001
7000
6971
6958
6948
6945
6939
6935
6900
6888
6866
6861
6860
6856
6854
6815
6806
6805
6802
6799
6794
6791
6786
6781
6780
6756
6755
6749
6733
6723
6720
6716
6713
6700
6696
6693
6685
6681
6672
6663
6656
6638
6634
6615
6609
6592
6589
6586
6578
6556
6530
6515
6512
6511
6496
6496
6496
6492
6453
6435
6397
6395
6389
6388
6374
6368
6363
6356
6349
6337
6328
6327
6315
6315
6279
6255
6230
6230
6224
6220
6213
6212
6210
6160
6152
6142
6140
6135
6123
6119
6118
6101
6084
6075
6074
6066
6065
6053
6030
6028
6025
6014
6013
5965
5961
5952
5928
5909
5908
5898
5896
5883
5879
5873
5856
5855
5854
5852
5850
5831
5822
5794
5792
5790
5776
5773
5769
5759
5747
5733
5731
5711
5691
5690
5686
5684
5664
5650
5620
5615
5596
5595
5593
5585
5581
5580
5579
5543
5538
5537
5534
5534
5532
5531
5531
5531
5523
5521
5511
5509
5499
5496
5486
5451
5449
5447
5425
5363
5338
5333
5333
5315
5304
5302
5283
5278
5263
5238
5229
5227
5184
5175
5174
5168
5155
5149
5143
5136
5131
5129
5128
5108
5093
5091
5077
5070
5063
5058
5056
5028
5013
4997
4987
4981
4970
4961
4952
4934
4929
4929
4917
4895
4869
4846
4813
4813
4798
4788
4788
4783
4759
4755
4750
4740
4737
4726
4714
4700
4680
4670
4664
4662
4660
4655
4651
4647
4637
4624
4603
4597
4594
4577
4546
4526
4525
4524
4520
4500
4496
4481
4472
4453
4433
4427
4424
4413
4410
4399
4382
4371
4283
4267
4246
4241
4240
4238
4222
4219
4193
4189
4166
4157
4152
4150
4145
4135
4125
4112
4098
4096
4081
4079
4079
4075
4031
4029
4029
4025
4022
4022
4019
4012
4004
3995
3930
3922
3916
3911
3876
3863
3861
3858
3828
3828
3822
3809
3773
3772
3770
3769
3761
3753
3741
3726
3711
3706
3695
3674
3646
3633
3624
3622
3618
3617
3604
3599
3568
3546
3546
3536
3515
3510
3507
3507
3502
3489
3489
3489
3479
3479
3461
3442
3427
3416
3414
3406
3373
3356
3349
3346
3312
3303
3273
3256
3254
3249
3245
3236
3224
3216
3204
3189
3187
3183
3179
3160
3156
3138
3138
3119
3115
3111
3094
3083
3079
3068
3050
3030
2988
2967
2957
2951
2951
2937
2933
2931
2929
2909
2905
2900
2871
2870
2870
2869
2865
2847
2836
2833
2793
2779
2779
2779
2775
2772
2755
2751
2740
2732
2713
2712
2708
2701
2690
2672
2671
2667
2621
2621
2612
2591
2572
2569
2560
2536
2533
2454
2446
2441
2430
2400
2374
2351
2346
2345
2330
2324
2315
2285
2258
2256
2232
2231
2229
2206
2201
2183
2177
2165
2164
2160
2153
2147
2145
2141
2125
2120
2111
2085
2076
2071
2060
2052
2051
2049
2020
2006
1993
1988
1981
1955
1953
1951
1910
1905
1903
1894
1892
1888
1885
1877
1876
1859
1841
1837
1814
1792
1775
1772
1757
1752
1744
1743
1726
1712
1712
1693
1664
1620
1616
1608
1592
1569
1562
1561
1558
1535
1535
1526
1514
1504
1502
1480
1479
1477
1476
1471
1467
1464
1463
1452
1451
1449
1436
1422
1413
1374
1374
1360
1354
1352
1344
1329
1303
1294
1287
1213
1133
1115
1097
1081
1076
1071
1064
1058
1057
1044
1019
1009
999
998
991
980
977
968
967
928
920
904
902
900
880
855
844
836
826
820
813
811
785
751
750
727
712
697
687
655
654
650
647
636
616
605
602
597
597
581
576
570
564
533
528
510
501
496
462
457
449
438
408
401
396
394
393
385
369
343
340
338
315
299
284
280
263
240
234
217
214
199
190
177
170
169
153
152
136
131
126
94
80
74
72
70
66
58
9
5
