32747
32741
32737
32731
32728
32726
32723
32717
32714
32709
32706
32697
32670
32670
32669
32667
32665
32665
32662
32661
32658
32654
32650
32634
32632
32616
32604
32598
32592
32588
32588
32588
32584
32572
32567
32564
32562
32561
32540
32538
32535
32531
32524
32517
32514
32513
32513
32497
32490
32488
32485
32477
32476
32463
32459
32450
32449
32438
32430
32426
32416
32416
32410
32405
32399
32398
32396
32390
32387
32384
32383
32382
32372
32364
32347
32336
32333
32330
32330
32328
32326
32323
32322
32310
32307
32305
32305
32303
32300
32296
32294
32294
32292
32283
32281
32270
32265
32258
32256
32250
32249
32241
32239
32229
32226
32225
32222
32214
32212
32212
32210
32205
32203
32194
32193
32184
32181
32175
32175
32166
32158
32152
32142
32140
32126
32122
32118
32113
32104
32101
32091
32090
32089
32087
32085
32085
32081
32073
32066
32060
32056
32050
32043
32037
32023
32021
32021
32020
32019
32003
32003
31995
31991
31991
31988
31986
31962
31961
31956
31952
31950
31946
31945
31944
31937
31933
31930
31925
31918
31916
31906
31902
31897
31893
31892
31886
31870
31869
31861
31859
31853
31852
31851
31851
31841
31840
31840
31831
31829
31828
31826
31815
31809
31804
31802
31800
31800
31795
31794
31791
31787
31784
31784
31778
31765
31765
31756
31753
31745
31737
31726
31723
31716
31714
31712
31711
31706
31699
31689
31688
31683
31677
31676
31674
31661
31654
31649
31639
31637
31630
31630
31627
31626
31606
31599
31596
31582
31573
31573
31571
31568
31567
31551
31538
31523
31520
31518
31513
31501
31498
31494
31486
31479
31476
31472
31467
31460
31460
31456
31446
31439
31426
31422
31409
31408
31387
31387
31386
31383
31377
31375
31357
31348
31337
31332
31330
31329
31329
31326
31305
31295
31294
31288
31288
31279
31275
31275
31269
31246
31242
31240
31232
31232
31227
31211
31206
31186
31186
31183
31181
31172
31164
31158
31157
31142
31130
31130
31113
31110
31099
31098
31097
31096
31087
31081
31080
31077
31061
31055
31054
31033
31032
31030
31025
31021
31016
31015
31007
30999
30998
30998
30997
30996
30990
30989
30989
30985
30970
30968
30965
30964
30963
30940
30937
30935
30922
30919
30917
30906
30902
30877
30867
30867
30860
30856
30854
30851
30839
30828
30826
30824
30817
30816
30812
30801
30793
30792
30784
30778
30777
30774
30771
30769
30769
30756
30744
30738
30734
30732
30729
30724
30708
30707
30704
30702
30700
30695
30692
30690
30683
30664
30648
30647
30645
30644
30644
30642
30626
30624
30624
30615
30614
30605
30594
30593
30585
30585
30569
30564
30557
30548
30516
30512
30511
30510
30509
30508
30495
30495
30488
30478
30470
30470
30461
30453
30452
30445
30441
30433
30433
30431
30425
30420
30415
30412
30402
30399
30388
30369
30363
30360
30354
30334
30333
30323
30323
30310
30307
30302
30299
30298
30295
30285
30283
30278
30277
30273
30269
30262
30261
30255
30249
30242
30240
30237
30221
30219
30218
30215
30214
30211
30195
30190
30190
30186
30186
30181
30156
30147
30142
30141
30136
30132
30129
30123
30119
30105
30099
30096
30095
30091
30087
30067
30063
30057
30055
30045
30039
30032
30024
30020
30015
30013
30003
29979
29978
29971
29968
29963
29948
29947
29946
29933
29921
29920
29918
29906
29905
29897
29895
29895
29894
29887
29881
29874
29873
29872
29869
29865
29863
29860
29858
29852
29846
29842
29834
29818
29816
29815
29811
29810
29804
29801
29796
29796
29790
29785
29780
29764
29763
29761
29758
29746
29745
29745
29738
29735
29735
29734
29732
29725
29720
29715
29708
29702
29698
29696
29694
29690
29688
29684
29679
29677
29672
29672
29661
29654
29640
29638
29632
29625
29624
29623
29622
29617
29608
29607
29596
29591
29590
29586
29580
29579
29576
29575
29571
29562
29561
29558
29558
29553
29545
29544
29541
29539
29532
29522
29520
29503
29500
29494
29487
29485
29485
29481
29481
29480
29479
29479
29478
29473
29473
29457
29456
29441
29433
29427
29424
29415
29405
29405
29402
29401
29398
29397
29394
29372
29372
29370
29368
29365
29364
29361
29357
29340
29339
29330
29322
29321
29317
29314
29314
29303
29292
29284
29283
29280
29273
29271
29265
29264
29251
29248
29247
29239
29236
29234
29233
29227
29216
29214
29211
29198
29195
29195
29190
29186
29186
29178
29177
29177
29175
29168
29165
29150
29145
29139
29138
29136
29134
29130
29106
29101
29101
29101
29097
29090
29082
29069
29064
29058
29055
29054
29047
29047
29039
29028
29021
29017
29010
29000
28999
28995
28994
28987
28981
28981
28981
28957
28950
28941
28929
28921
28921
28920
28913
28912
28892
28889
28883
28876
28871
28857
28849
28849
28847
28845
28838
28829
28814
28812
28810
28787
28787
28784
28780
28773
28769
28767
28762
28760
28755
28753
28747
28746
28736
28733
28733
28732
28732
28731
28727
28722
28715
28713
28709
28708
28707
28701
28695
28690
28687
28686
28683
28670
28661
28659
28651
28646
28641
28638
28637
28631
28626
28620
28618
28614
28611
28610
28610
28609
28600
28599
28599
28599
28578
28567
28559
28550
28541
28538
28519
28516
28510
28499
28488
28483
28481
28478
28478
28476
28476
28474
28469
28447
28443
28442
28426
28413
28404
28394
28389
28359
28358
28345
28322
28316
28314
28313
28281
28274
28273
28268
28259
28254
28247
28243
28243
28238
28238
28236
28235
28234
28225
28218
28215
28202
28199
28185
28179
28173
28170
28170
28167
28164
28160
28159
28148
28147
28145
28145
28131
28128
28105
28101
28097
28097
28096
28094
28081
28079
28079
28074
28067
28067
28060
28060
28059
28058
28045
28043
28038
28018
28008
28007
27997
27991
27983
27980
27979
27972
27954
27947
27946
27945
27944
27942
27935
27928
27923
27921
27914
27911
27898
27897
27896
27882
27881
27877
27876
27876
27864
27852
27851
27848
27846
27845
27844
27842
27841
27822
27822
27814
27813
27805
27804
27800
27800
27796
27783
27781
27774
27770
27770
27765
27762
27757
27748
27742
27721
27720
27719
27716
27716
27714
27712
27711
27707
27701
27699
27698
27695
27692
27691
27685
27685
27675
27669
27661
27637
27628
27624
27608
27607
27605
27598
27597
27593
27592
27588
27587
27575
27567
27561
27550
27549
27545
27542
27537
27535
27515
27515
27513
27502
27499
27494
27487
27486
27477
27473
27472
27472
27471
27461
27460
27445
27441
27420
27414
27408
27408
27395
27393
27389
27375
27374
27363
27361
27360
27335
27328
27316
27315
27301
27298
27286
27281
27281
27276
27275
27268
27266
27266
27251
27251
27250
27243
27233
27230
27216
27203
27198
27182
27180
27174
27168
27167
27162
27157
27156
27149
27137
27134
27134
27122
27116
27116
27104
27095
27088
27074
27066
27042
27035
27023
27022
26969
26968
26968
26965
26950
26948
26942
26930
26930
26921
26918
26896
26896
26886
26876
26874
26871
26860
26849
26846
26844
26826
26824
26823
26822
26820
26818
26799
26798
26779
26774
26770
26769
26767
26752
26751
26742
26738
26719
26704
26701
26697
26688
26681
26673
26669
26667
26665
26663
26661
26652
26639
26635
26634
26623
26613
26611
26608
26595
26595
26594
26589
26585
26572
26570
26553
26548
26547
26537
26532
26529
26521
26500
26499
26485
26479
26476
26473
26472
26468
26467
26461
26444
26439
26430
26427
26393
26384
26381
26381
26377
26374
26368
26363
26360
26357
26351
26336
26335
26330
26317
26316
26311
26309
26309
26306
26305
26294
26293
26290
26282
26260
26256
26252
26241
26238
26234
26217
26217
26209
26208
26196
26194
26190
26189
26182
26169
26168
26165
26159
26149
26147
26146
26142
26136
26131
26126
26113
26099
26085
26083
26061
26061
26050
26049
26048
26047
26044
26041
26017
26017
26003
26001
25993
25993
25992
25986
25961
25938
25931
25925
25903
25901
25892
25889
25884
25881
25877
25871
25867
25861
25846
25846
25827
25825
25822
25820
25818
25816
25810
25788
25787
25787
25778
25776
25765
25761
25751
25748
25735
25727
25724
25716
25715
25714
25711
25710
25706
25706
25705
25702
25702
25696
25693
25688
25685
25678
25672
25671
25665
25659
25659
25657
25656
25656
25652
25652
25644
25610
25599
25598
25597
25593
25592
25586
25584
25580
25573
25569
25569
25565
25556
25555
25549
25546
25542
25541
25530
25528
25521
25517
25517
25517
25515
25509
25504
25476
25473
25470
25462
25462
25461
25455
25455
25453
25444
25443
25443
25438
25430
25426
25414
25409
25401
25385
25383
25379
25373
25368
25367
25365
25357
25350
25345
25344
25338
25336
25331
25329
25325
25324
25323
25316
25305
25295
25294
25293
25289
25289
25286
25285
25282
25282
25282
25272
25271
25271
25265
25264
25253
25252
25237
25237
25230
25225
25224
25222
25222
25221
25217
25212
25206
25203
25195
25188
25187
25180
25176
25176
25174
25173
25165
25159
25150
25149
25146
25142
25138
25135
25134
25132
25117
25107
25101
25098
25095
25094
25089
25089
25088
25086
25068
25066
25066
25054
25048
25045
25040
25020
25016
25011
24991
24980
24980
24973
24971
24969
24969
24965
24957
24956
24953
24951
24946
24943
24941
24939
24938
24935
24934
24934
24933
24916
24905
24896
24891
24889
24886
24885
24880
24873
24865
24865
24855
24850
24844
24831
24823
24819
24817
24813
24809
24807
24807
24797
24792
24790
24782
24774
24761
24758
24756
24756
24756
24741
24737
24735
24731
24728
24727
24726
24721
24713
24700
24697
24695
24689
24678
24677
24671
24666
24662
24661
24656
24647
24643
24643
24622
24612
24611
24603
24583
24582
24577
24575
24564
24556
24554
24548
24538
24520
24519
24505
24497
24493
24489
24479
24473
24473
24472
24471
24456
24446
24440
24434
24431
24403
24397
24383
24382
24381
24381
24378
24368
24366
24358
24353
24349
24345
24343
24343
24341
24334
24333
24329
24325
24313
24295
24288
24271
24268
24243
24238
24236
24226
24215
24213
24209
24205
24201
24193
24185
24177
24175
24172
24169
24168
24167
24165
24164
24153
24141
24140
24135
24131
24130
24127
24113
24107
24105
24091
24088
24087
24082
24081
24081
24071
24065
24056
24051
24049
24039
24035
24034
24030
24021
24016
24012
24009
24008
24008
23997
23993
23986
23986
23979
23978
23973
23972
23968
23963
23961
23951
23949
23948
23943
23941
23934
23921
23911
23908
23905
23893
23880
23874
23870
23863
23862
23859
23854
23853
23852
23849
23847
23844
23841
23839
23837
23830
23826
23820
23818
23801
23796
23791
23790
23781
23772
23754
23746
23745
23730
23728
23727
23723
23722
23716
23711
23701
23700
23698
23692
23681
23666
23658
23654
23642
23633
23631
23631
23628
23612
23586
23572
23569
23563
23562
23551
23543
23541
23524
23520
23513
23512
23499
23487
23469
23466
23461
23461
23457
23457
23447
23446
23446
23441
23441
23438
23438
23423
23421
23413
23405
23403
23391
23387
23386
23380
23379
23376
23376
23376
23375
23366
23355
23353
23348
23347
23347
23345
23335
23317
23311
23297
23296
23282
23273
23266
23258
23253
23253
23248
23247
23237
23234
23226
23219
23217
23211
23211
23209
23206
23199
23182
23179
23176
23168
23166
23164
23164
23147
23133
23130
23129
23128
23128
23127
23108
23106
23099
23094
23085
23082
23076
23074
23070
23067
23066
23055
23054
23043
23035
23035
23033
23032
23026
23021
23021
23020
23016
23015
23006
23005
23003
22998
22997
22996
22990
22990
22985
22984
22984
22971
22970
22969
22966
22956
22949
22935
22924
22922
22916
22914
22913
22906
22901
22895
22895
22892
22890
22887
22886
22884
22884
22882
22882
22880
22877
22872
22872
22866
22857
22857
22853
22852
22851
22847
22845
22839
22838
22830
22830
22826
22821
22817
22810
22802
22799
22798
22793
22791
22779
22767
22765
22764
22764
22756
22754
22748
22747
22725
22724
22723
22717
22715
22708
22707
22693
22684
22681
22679
22677
22674
22673
22667
22661
22655
22648
22641
22633
22630
22623
22622
22614
22612
22609
22606
22602
22592
22590
22586
22579
22575
22568
22567
22563
22560
22553
22546
22545
22531
22519
22518
22517
22511
22495
22495
22490
22486
22475
22473
22467
22457
22456
22455
22447
22446
22442
22438
22437
22436
22429
22417
22414
22412
22412
22410
22409
22408
22392
22392
22389
22385
22384
22379
22365
22365
22364
22363
22354
22345
22344
22343
22335
22334
22316
22315
22288
22278
22277
22276
22260
22259
22257
22257
22247
22244
22241
22234
22231
22231
22220
22211
22210
22204
22201
22194
22190
22190
22174
22172
22163
22162
22160
22160
22149
22136
22112
22109
22103
22096
22094
22093
22089
22086
22085
22082
22081
22077
22071
22063
22063
22046
22046
22040
22036
22034
22031
22030
22030
22023
22022
22010
22010
21999
21994
21987
21987
21968
21967
21960
21960
21958
21944
21937
21933
21928
21927
21927
21926
21919
21918
21916
21911
21908
21908
21897
21888
21884
21883
21879
21868
21852
21851
21850
21847
21839
21834
21825
21823
21785
21778
21757
21755
21752
21751
21749
21741
21728
21726
21725
21716
21713
21712
21712
21701
21696
21678
21678
21677
21670
21667
21666
21640
21638
21622
21616
21612
21609
21609
21603
21598
21595
21595
21585
21570
21568
21563
21549
21535
21523
21519
21511
21509
21506
21505
21503
21498
21495
21494
21492
21484
21484
21477
21477
21477
21471
21471
21458
21454
21448
21446
21438
21429
21422
21412
21410
21409
21409
21395
21393
21391
21386
21373
21370
21359
21351
21344
21328
21320
21315
21307
21304
21302
21296
21292
21289
21286
21279
21274
21271
21269
21268
21266
21260
21251
21250
21244
21241
21239
21232
21224
21209
21208
21207
21206
21196
21195
21193
21183
21182
21169
21168
21167
21162
21142
21138
21130
21128
21128
21126
21123
21112
21111
21107
21107
21106
21102
21095
21091
21086
21082
21077
21074
21066
21065
21056
21054
21043
21037
21033
21029
21019
21017
21017
21012
21003
21000
20998
20995
20990
20986
20985
20982
20976
20975
20972
20972
20970
20968
20967
20963
20960
20955
20947
20943
20941
20940
20936
20930
20926
20921
20920
20917
20910
20898
20896
20894
20890
20887
20884
20881
20866
20862
20861
20857
20853
20845
20837
20822
20818
20806
20806
20800
20795
20793
20791
20790
20774
20766
20760
20759
20759
20753
20752
20744
20718
20704
20698
20692
20676
20675
20666
20662
20660
20659
20658
20642
20636
20632
20632
20627
20621
20609
20607
20600
20593
20588
20564
20563
20559
20556
20554
20551
20549
20539
20534
20520
20514
20510
20509
20505
20504
20501
20494
20492
20489
20488
20480
20478
20473
20470
20469
20451
20446
20441
20434
20433
20417
20416
20416
20413
20407
20403
20401
20400
20398
20390
20388
20382
20377
20376
20346
20335
20328
20319
20316
20312
20311
20309
20308
20306
20298
20290
20290
20283
20276
20276
20274
20256
20254
20248
20244
20237
20234
20225
20219
20218
20211
20206
20195
20193
20186
20170
20170
20160
20154
20146
20139
20138
20135
20127
20118
20109
20106
20106
20105
20098
20096
20089
20085
20083
20081
20080
20075
20074
20048
20045
20033
20028
20015
19988
19980
19972
19955
19950
19933
19921
19920
19908
19892
19892
19891
19890
19889
19883
19877
19877
19870
19865
19862
19858
19830
19826
19821
19804
19796
19790
19786
19780
19780
19779
19778
19774
19768
19766
19764
19763
19753
19745
19743
19717
19710
19695
19686
19686
19681
19676
19676
19674
19670
19666
19657
19653
19652
19650
19641
19636
19633
19633
19626
19615
19612
19606
19602
19601
19601
19594
19589
19586
19583
19579
19575
19574
19573
19564
19554
19549
19548
19543
19535
19528
19527
19523
19521
19518
19506
19505
19500
19494
19493
19490
19477
19469
19460
19457
19452
19439
19438
19437
19427
19417
19405
19405
19404
19403
19403
19399
19398
19397
19395
19395
19390
19388
19370
19368
19366
19362
19359
19355
19353
19351
19351
19348
19331
19329
19324
19319
19317
19313
19306
19299
19294
19289
19288
19271
19269
19269
19252
19251
19251
19248
19239
19237
19221
19206
19203
19200
19200
19181
19172
19170
19159
19152
19146
19132
19130
19128
19117
19115
19086
19073
19066
19062
19057
19054
19048
19041
19029
19015
18999
18999
18994
18992
18991
18986
18984
18983
18976
18976
18965
18961
18959
18959
18950
18950
18949
18948
18943
18923
18914
18891
18889
18888
18873
18871
18863
18861
18860
18858
18850
18848
18845
18839
18839
18837
18834
18832
18829
18825
18825
18825
18818
18815
18814
18811
18808
18803
18802
18794
18789
18784
18781
18776
18771
18768
18766
18760
18757
18756
18744
18743
18738
18732
18729
18726
18718
18716
18708
18703
18693
18692
18691
18691
18677
18664
18659
18659
18655
18643
18641
18639
18636
18635
18627
18620
18620
18608
18605
18605
18599
18591
18588
18586
18582
18580
18568
18566
18558
18558
18557
18548
18547
18537
18528
18527
18525
18515
18498
18498
18496
18493
18469
18465
18448
18444
18443
18428
18424
18414
18408
18402
18402
18395
18393
18392
18386
18385
18361
18354
18348
18348
18346
18345
18344
18333
18327
18322
18320
18320
18313
18311
18310
18301
18301
18296
18293
18292
18291
18290
18278
18277
18274
18267
18264
18264
18258
18257
18256
18246
18246
18243
18235
18230
18230
18225
18222
18220
18210
18209
18208
18197
18186
18183
18182
18180
18177
18175
18175
18165
18164
18156
18147
18135
18118
18109
18102
18084
18083
18076
18076
18062
18058
18058
18043
18038
18032
18027
18017
18014
18009
18001
17990
17984
17983
17965
17953
17949
17942
17934
17924
17924
17921
17904
17902
17891
17883
17879
17875
17869
17867
17864
17863
17853
17850
17848
17838
17826
17824
17821
17792
17790
17789
17788
17786
17785
17782
17774
17772
17766
17758
17754
17752
17750
17746
17731
17730
17715
17709
17702
17699
17699
17698
17694
17682
17680
17661
17660
17652
17641
17640
17640
17611
17610
17608
17606
17598
17596
17595
17592
17590
17589
17587
17583
17570
17563
17553
17549
17546
17542
17542
17542
17541
17537
17536
17535
17519
17508
17504
17501
17498
17496
17492
17488
17484
17480
17468
17452
17451
17450
17446
17440
17438
17436
17430
17429
17426
17423
17417
17411
17407
17403
17396
17395
17391
17390
17390
17384
17377
17373
17371
17367
17353
17342
17338
17326
17325
17324
17317
17311
17310
17305
17305
17303
17302
17296
17291
17290
17284
17282
17279
17276
17275
17271
17253
17235
17227
17227
17224
17223
17214
17204
17193
17191
17183
17176
17172
17170
17160
17149
17148
17141
17131
17131
17119
17117
17112
17108
17097
17096
17095
17093
17088
17076
17069
17056
17044
17015
17009
17008
17004
17000
17000
16999
16990
16990
16984
16982
16965
16963
16962
16960
16948
16930
16928
16923
16919
16919
16916
16896
16895
16894
16893
16891
16889
16885
16881
16879
16873
16869
16868
16860
16849
16844
16841
16836
16834
16823
16822
16818
16813
16805
16794
16787
16785
16783
16782
16778
16775
16762
16744
16740
16739
16737
16733
16732
16719
16717
16710
16707
16706
16704
16699
16698
16697
16692
16684
16684
16675
16675
16672
16661
16648
16642
16634
16630
16625
16619
16613
16606
16593
16592
16587
16584
16583
16583
16583
16574
16568
16568
16562
16557
16555
16533
16533
16532
16530
16524
16522
16514
16512
16495
16469
16467
16467
16458
16455
16453
16449
16445
16439
16438
16437
16431
16430
16427
16425
16419
16409
16407
16405
16400
16399
16392
16386
16361
16354
16346
16342
16332
16328
16320
16300
16290
16286
16273
16268
16267
16258
16257
16256
16252
16243
16230
16228
16225
16217
16207
16205
16197
16189
16186
16180
16172
16145
16145
16140
16139
16135
16132
16130
16128
16126
16122
16109
16102
16101
16099
16096
16089
16081
16067
16062
16051
16051
16050
16039
16037
16034
16026
16023
16022
16016
16007
15999
15995
15992
15989
15986
15984
15983
15978
15972
15972
15952
15942
15938
15921
15918
15917
15906
15903
15902
15901
15897
15892
15890
15865
15861
15855
15855
15843
15837
15836
15833
15830
15814
15808
15797
15795
15794
15785
15780
15778
15777
15769
15757
15748
15733
15732
15715
15699
15696
15696
15694
15693
15691
15688
15685
15674
15672
15671
15670
15669
15666
15663
15660
15656
15653
15650
15643
15641
15638
15635
15630
15628
15607
15593
15592
15582
15578
15577
15577
15577
15572
15570
15569
15560
15550
15547
15543
15540
15527
15517
15510
15508
15502
15502
15501
15496
15494
15491
15470
15464
15456
15435
15430
15430
15426
15425
15421
15410
15386
15385
15385
15384
15379
15355
15355
15350
15339
15337
15335
15335
15327
15319
15284
15279
15258
15253
15248
15247
15244
15234
15225
15219
15218
15203
15202
15202
15202
15202
15201
15199
15190
15188
15180
15172
15162
15155
15155
15151
15140
15131
15126
15126
15124
15102
15102
15089
15077
15069
15064
15060
15056
15053
15051
15040
15033
15030
15026
15024
15014
15013
15009
15007
15006
14996
14987
14984
14983
14982
14979
14978
14973
14964
14957
14950
14950
14937
14926
14926
14918
14915
14906
14906
14903
14902
14899
14899
14894
14893
14888
14886
14881
14876
14869
14860
14855
14850
14847
14843
14842
14829
14821
14816
14815
14804
14804
14801
14798
14783
14737
14736
14733
14730
14728
14726
14723
14711
14710
14702
14702
14697
14691
14688
14688
14678
14674
14665
14664
14659
14658
14650
14626
14622
14618
14616
14613
14599
14595
14582
14564
14551
14528
14526
14520
14518
14513
14510
14499
14497
14496
14495
14492
14483
14478
14477
14476
14476
14472
14462
14457
14451
14449
14438
14436
14434
14424
14423
14413
14413
14395
14394
14385
14384
14381
14378
14375
14367
14364
14363
14357
14353
14350
14342
14332
14318
14303
14300
14293
14274
14268
14254
14243
14241
14240
14237
14227
14223
14219
14199
14191
14190
14187
14182
14173
14169
14167
14164
14159
14147
14138
14131
14128
14122
14115
14098
14090
14084
14082
14077
14076
14076
14075
14069
14064
14046
14041
14040
14036
14029
14022
14015
14013
13991
13989
13985
13976
13975
13974
13973
13968
13967
13948
13937
13930
13928
13918
13907
13902
13891
13890
13889
13882
13874
13873
13870
13865
13858
13854
13852
13848
13839
13834
13826
13823
13822
13817
13807
13805
13794
13790
13769
13766
13759
13749
13748
13739
13734
13729
13724
13723
13717
13707
13705
13699
13696
13686
13676
13672
13661
13653
13651
13647
13636
13620
13599
13594
13592
13573
13572
13570
13570
13567
13563
13562
13559
13557
13555
13538
13535
13526
13522
13521
13518
13516
13507
13506
13497
13490
13487
13482
13481
13464
13463
13461
13439
13431
13431
13426
13420
13413
13409
13408
13407
13406
13402
13392
13390
13376
13367
13361
13340
13337
13335
13305
13300
13298
13284
13281
13280
13277
13276
13260
13257
13253
13247
13247
13245
13230
13226
13226
13225
13224
13221
13217
13215
13211
13209
13199
13195
13194
13187
13178
13173
13169
13168
13166
13159
13156
13150
13114
13112
13112
13110
13108
13086
13080
13067
13054
13052
13052
13042
13041
13037
13035
13027
13016
13013
13002
12984
12982
12979
12968
12960
12954
12949
12948
12947
12939
12934
12930
12928
12927
12922
12920
12909
12908
12904
12899
12895
12889
12887
12884
12879
12871
12866
12865
12860
12854
12848
12841
12828
12813
12811
12810
12810
12808
12804
12802
12801
12792
12790
12783
12774
12773
12773
12767
12762
12755
12751
12750
12744
12738
12737
12728
12724
12710
12705
12703
12702
12696
12695
12683
12669
12667
12663
12655
12654
12651
12648
12647
12633
12632
12630
12630
12624
12624
12624
12614
12602
12595
12588
12582
12578
12574
12572
12570
12566
12560
12556
12552
12552
12550
12542
12536
12534
12524
12513
12500
12491
12478
12474
12472
12468
12466
12464
12459
12450
12445
12438
12430
12414
12414
12412
12409
12408
12405
12403
12396
12379
12378
12373
12369
12365
12365
12364
12363
12357
12345
12332
12331
12331
12325
12317
12316
12311
12306
12305
12302
12302
12299
12295
12292
12292
12292
12285
12267
12263
12261
12258
12254
12254
12253
12245
12240
12227
12226
12225
12221
12216
12215
12206
12199
12181
12179
12176
12167
12164
12159
12157
12155
12152
12146
12142
12129
12129
12108
12101
12099
12097
12083
12078
12077
12077
12074
12070
12055
12051
12043
12039
12033
12032
12029
12027
12027
12017
12013
12013
12012
12003
11995
11993
11985
11971
11960
11959
11957
11957
11950
11948
11946
11942
11932
11929
11923
11923
11913
11912
11910
11901
11896
11886
11883
11876
11873
11867
11856
11849
11846
11844
11842
11825
11814
11791
11791
11786
11782
11778
11778
11777
11775
11773
11769
11768
11758
11751
11746
11743
11737
11734
11729
11722
11719
11712
11710
11710
11702
11683
11674
11657
11653
11641
11633
11633
11629
11628
11626
11622
11612
11603
11598
11589
11588
11581
11577
11573
11567
11559
11556
11549
11536
11531
11529
11529
11519
11516
11515
11503
11497
11493
11484
11479
11477
11477
11475
11473
11472
11448
11442
11439
11435
11434
11425
11414
11406
11389
11388
11387
11383
11382
11378
11376
11374
11373
11372
11359
11356
11346
11345
11335
11334
11333
11331
11326
11324
11323
11321
11312
11306
11304
11297
11288
11281
11281
11274
11269
11268
11267
11267
11265
11261
11253
11253
11251
11245
11242
11238
11236
11223
11221
11217
11206
11206
11206
11199
11196
11196
11193
11186
11181
11178
11177
11165
11154
11147
11146
11124
11109
11092
11087
11079
11074
11070
11063
11048
11046
11043
11028
11028
11005
11005
11004
11003
10989
10987
10987
10985
10983
10978
10968
10968
10951
10947
10941
10938
10936
10930
10922
10919
10917
10917
10901
10896
10872
10869
10859
10857
10857
10849
10846
10846
10839
10834
10830
10828
10826
10824
10816
10813
10806
10793
10781
10771
10765
10762
10758
10752
10739
10737
10728
10712
10710
10695
10692
10692
10683
10681
10673
10673
10671
10671
10670
10667
10657
10650
10645
10640
10637
10631
10620
10618
10616
10615
10615
10609
10602
10597
10593
10591
10560
10557
10557
10545
10539
10530
10528
10522
10490
10483
10482
10482
10477
10473
10472
10468
10464
10463
10447
10445
10445
10423
10423
10417
10417
10416
10394
10391
10386
10385
10381
10381
10372
10368
10365
10363
10362
10360
10358
10358
10351
10350
10345
10345
10344
10341
10321
10316
10315
10307
10304
10292
10292
10290
10289
10283
10280
10276
10268
10267
10258
10257
10254
10243
10228
10223
10216
10215
10215
10214
10208
10205
10203
10202
10196
10191
10188
10186
10181
10179
10172
10171
10169
10162
10160
10155
10153
10151
10151
10143
10141
10139
10134
10134
10126
10120
10116
10107
10106
10095
10095
10091
10091
10086
10084
10075
10072
10053
10052
10015
10013
10007
9990
9990
9985
9984
9981
9975
9970
9970
9965
9959
9958
9946
9940
9935
9931
9929
9924
9920
9920
9908
9900
9896
9891
9891
9886
9879
9875
9874
9871
9862
9856
9855
9849
9825
9816
9816
9806
9805
9799
9790
9786
9785
9776
9774
9774
9756
9756
9753
9750
9746
9744
9743
9743
9728
9720
9711
9708
9708
9705
9698
9697
9689
9689
9686
9683
9677
9677
9665
9654
9648
9642
9639
9636
9632
9628
9622
9610
9598
9596
9595
9594
9579
9577
9575
9574
9574
9574
9567
9563
9559
9552
9548
9539
9535
9534
9532
9530
9524
9522
9497
9495
9494
9485
9479
9464
9461
9458
9448
9435
9433
9427
9420
9412
9408
9398
9394
9391
9390
9388
9385
9384
9369
9368
9368
9361
9358
9355
9354
9345
9340
9339
9338
9330
9322
9319
9310
9309
9282
9274
9273
9272
9269
9249
9244
9237
9222
9215
9207
9206
9201
9201
9175
9169
9160
9160
9153
9150
9148
9141
9139
9135
9130
9128
9124
9122
9122
9109
9109
9097
9096
9090
9090
9087
9083
9081
9080
9072
9067
9066
9047
9036
9034
9025
9017
9014
8999
8998
8996
8995
8989
8975
8970
8964
8954
8948
8947
8936
8933
8932
8923
8918
8918
8916
8910
8905
8902
8899
8894
8891
8889
8887
8882
8875
8871
8864
8863
8862
8862
8860
8858
8846
8836
8825
8817
8816
8808
8805
8804
8792
8785
8775
8766
8764
8759
8755
8741
8738
8726
8718
8711
8675
8673
8671
8670
8669
8667
8635
8629
8623
8621
8620
8619
8604
8602
8594
8589
8576
8570
8562
8560
8554
8554
8534
8534
8532
8531
8530
8527
8511
8508
8502
8492
8491
8487
8485
8477
8477
8476
8471
8470
8463
8462
8461
8442
8438
8437
8422
8420
8420
8405
8401
8375
8370
8369
8346
8344
8334
8332
8324
8317
8306
8301
8298
8295
8289
8272
8262
8259
8250
8247
8239
8223
8221
8210
8208
8202
8198
8164
8157
8157
8147
8142
8141
8137
8130
8098
8096
8096
8096
8095
8093
8091
8090
8073
8058
8057
8047
8045
8044
8044
8039
8039
8036
8031
8028
8027
8020
8020
8016
8016
8005
7991
7990
7971
7962
7951
7928
7919
7915
7914
7900
7899
7894
7888
7886
7886
7885
7880
7877
7875
7870
7868
7850
7845
7845
7844
7842
7841
7838
7838
7829
7826
7822
7817
7815
7811
7807
7805
7803
7801
7799
7795
7792
7790
7785
7779
7778
7774
7770
7767
7766
7764
7758
7754
7753
7744
7744
7738
7722
7721
7716
7714
7706
7701
7683
7681
7660
7649
7646
7633
7633
7624
7616
7596
7593
7590
7587
7581
7579
7574
7567
7567
7563
7561
7557
7557
7557
7552
7541
7534
7530
7522
7521
7518
7513
7509
7494
7489
7487
7478
7477
7475
7469
7462
7461
7460
7452
7437
7430
7428
7427
7422
7417
7413
7407
7393
7390
7386
7385
7382
7380
7374
7373
7359
7357
7356
7350
7349
7335
7335
7332
7328
7317
7315
7310
7306
7303
7302
7293
7292
7290
7285
7283
7279
7277
7264
7264
7253
7247
7246
7245
7228
7218
7215
7215
7213
7208
7203
7192
7188
7160
7153
7152
7150
7135
7130
7129
7120
7120
7118
7104
7086
7084
7080
7071
7059
7058
7053
7044
7031
7028
7027
7018
7016
7006
7001
6987
6987
6980
6966
6962
6956
6950
6933
6930
6928
6923
6912
6911
6900
6874
6871
6861
6858
6849
6846
6842
6835
6831
6818
6814
6810
6809
6807
6804
6801
6801
6795
6790
6788
6786
6786
6784
6779
6758
6730
6730
6728
6727
6718
6717
6713
6707
6698
6692
6685
6681
6679
6671
6667
6665
6658
6656
6655
6650
6648
6643
6637
6632
6630
6626
6596
6591
6586
6579
6572
6567
6565
6552
6547
6541
6533
6533
6533
6530
6526
6523
6522
6521
6518
6515
6503
6502
6493
6477
6467
6460
6455
6455
6442
6441
6423
6423
6420
6415
6415
6414
6407
6404
6401
6388
6386
6385
6367
6360
6359
6355
6353
6353
6341
6332
6321
6314
6312
6308
6307
6304
6304
6296
6289
6283
6278
6275
6267
6266
6263
6247
6243
6240
6237
6221
6205
6204
6201
6196
6195
6189
6168
6167
6160
6160
6156
6154
6148
6129
6112
6110
6100
6090
6090
6083
6078
6066
6063
6059
6053
6052
6041
6039
6023
6010
6007
5994
5989
5988
5983
5983
5982
5978
5963
5960
5949
5944
5944
5942
5927
5923
5912
5906
5898
5891
5889
5881
5881
5878
5878
5876
5873
5868
5860
5853
5851
5842
5841
5834
5830
5827
5827
5826
5813
5808
5796
5792
5788
5783
5775
5774
5771
5755
5746
5744
5738
5723
5721
5721
5717
5715
5704
5675
5673
5665
5665
5661
5661
5658
5656
5649
5638
5633
5629
5620
5618
5616
5613
5610
5607
5606
5587
5578
5577
5554
5551
5549
5542
5541
5538
5532
5532
5519
5517
5514
5513
5505
5499
5499
5491
5477
5472
5471
5470
5470
5463
5459
5457
5447
5443
5426
5424
5421
5421
5411
5404
5398
5398
5389
5388
5376
5370
5353
5351
5351
5348
5347
5338
5338
5337
5318
5316
5315
5307
5298
5297
5288
5286
5285
5284
5265
5258
5257
5243
5242
5239
5238
5230
5228
5224
5220
5219
5214
5213
5205
5187
5181
5179
5174
5168
5159
5155
5154
5148
5139
5131
5129
5112
5104
5089
5088
5087
5083
5082
5080
5079
5075
5074
5069
5064
5054
5046
5045
5028
5023
5016
5007
4999
4998
4996
4993
4992
4986
4985
4970
4969
4967
4959
4945
4944
4935
4933
4925
4921
4920
4916
4914
4910
4903
4899
4894
4892
4886
4879
4877
4860
4856
4854
4851
4837
4834
4830
4820
4819
4816
4814
4811
4807
4793
4783
4783
4777
4768
4766
4749
4749
4741
4734
4732
4729
4715
4712
4712
4694
4687
4684
4679
4674
4673
4663
4657
4653
4650
4648
4636
4634
4632
4628
4621
4619
4611
4608
4599
4597
4581
4577
4574
4572
4564
4546
4543
4527
4510
4508
4507
4506
4505
4497
4491
4484
4484
4477
4473
4473
4457
4454
4446
4443
4441
4439
4426
4411
4406
4405
4404
4400
4389
4389
4369
4361
4355
4355
4346
4342
4329
4320
4319
4309
4309
4307
4303
4302
4292
4292
4290
4283
4282
4281
4279
4277
4276
4270
4269
4264
4256
4239
4236
4232
4228
4228
4213
4212
4211
4205
4200
4197
4193
4192
4187
4186
4184
4181
4179
4177
4159
4156
4142
4125
4122
4121
4119
4112
4112
4112
4111
4108
4107
4106
4103
4101
4096
4090
4089
4088
4081
4078
4075
4066
4049
4042
4035
4035
4034
4034
4028
4023
4010
4008
4005
4005
4004
4000
3996
3991
3991
3987
3976
3967
3966
3956
3953
3953
3952
3946
3946
3944
3940
3939
3936
3935
3930
3925
3925
3924
3915
3913
3911
3909
3907
3902
3892
3879
3878
3875
3875
3872
3870
3865
3860
3855
3853
3848
3831
3827
3825
3822
3810
3778
3775
3767
3766
3763
3763
3761
3752
3751
3748
3747
3738
3737
3729
3725
3724
3722
3713
3710
3705
3703
3698
3698
3698
3695
3685
3671
3670
3665
3663
3661
3660
3658
3657
3656
3650
3649
3648
3647
3646
3642
3641
3634
3633
3633
3630
3621
3617
3616
3612
3610
3593
3592
3574
3565
3561
3559
3557
3555
3555
3548
3544
3542
3529
3520
3516
3514
3512
3509
3509
3505
3504
3498
3498
3487
3474
3458
3439
3435
3433
3432
3429
3425
3422
3421
3416
3415
3402
3399
3395
3394
3393
3392
3387
3387
3370
3368
3357
3348
3346
3343
3335
3333
3329
3326
3323
3321
3318
3304
3300
3296
3293
3288
3284
3280
3270
3262
3256
3255
3249
3246
3242
3241
3234
3230
3229
3222
3214
3203
3200
3196
3192
3191
3190
3176
3174
3168
3164
3162
3151
3149
3131
3130
3126
3112
3107
3106
3104
3099
3096
3091
3089
3081
3077
3075
3065
3065
3051
3043
3040
3038
3038
3029
3021
3017
3017
3011
3010
3005
3003
2999
2998
2992
2992
2990
2980
2978
2977
2956
2956
2950
2944
2937
2933
2931
2922
2921
2920
2904
2902
2902
2896
2884
2874
2861
2849
2841
2841
2837
2829
2827
2824
2823
2822
2821
2820
2819
2810
2809
2807
2803
2803
2801
2792
2790
2789
2786
2766
2760
2755
2754
2754
2748
2744
2741
2734
2734
2727
2719
2718
2709
2696
2687
2684
2679
2678
2674
2665
2664
2663
2656
2633
2626
2622
2610
2601
2600
2596
2589
2585
2577
2574
2560
2555
2550
2548
2544
2543
2539
2525
2520
2514
2513
2496
2496
2494
2494
2491
2486
2482
2475
2469
2452
2448
2433
2429
2418
2416
2416
2414
2410
2394
2363
2349
2349
2349
2348
2347
2344
2341
2336
2333
2330
2325
2320
2310
2303
2294
2289
2284
2277
2266
2264
2251
2249
2245
2228
2226
2222
2219
2217
2190
2188
2185
2163
2161
2156
2153
2143
2138
2137
2134
2122
2119
2114
2112
2108
2107
2100
2099
2072
2070
2063
2045
2045
2039
2030
2024
2023
2017
2012
2011
2006
2006
2004
2003
1994
1993
1991
1988
1977
1972
1959
1958
1953
1950
1946
1944
1941
1937
1929
1925
1925
1925
1922
1920
1910
1889
1886
1884
1880
1872
1872
1858
1857
1855
1851
1846
1835
1826
1820
1818
1818
1816
1815
1811
1803
1792
1789
1784
1783
1779
1778
1771
1770
1767
1762
1742
1733
1731
1714
1707
1705
1704
1698
1698
1694
1687
1685
1668
1665
1659
1655
1650
1648
1648
1638
1634
1628
1607
1604
1601
1598
1587
1584
1583
1583
1571
1569
1569
1568
1559
1555
1554
1543
1534
1524
1521
1521
1519
1514
1513
1513
1512
1503
1495
1491
1491
1466
1453
1441
1440
1431
1421
1418
1413
1403
1401
1395
1388
1386
1385
1384
1382
1380
1375
1374
1374
1372
1367
1366
1358
1345
1338
1335
1329
1328
1328
1314
1312
1309
1309
1303
1302
1296
1295
1279
1271
1270
1270
1267
1262
1260
1259
1255
1254
1252
1252
1247
1242
1233
1231
1223
1212
1211
1207
1204
1197
1196
1196
1195
1193
1190
1183
1183
1171
1165
1145
1145
1119
1113
1108
1108
1101
1088
1086
1069
1062
1055
1055
1053
1035
1023
1022
1018
1015
1015
1013
1013
1003
993
993
989
980
973
972
967
963
959
958
955
953
948
937
929
915
904
895
892
885
881
879
870
870
866
865
861
858
846
845
839
835
832
829
801
800
800
791
790
790
783
773
767
754
743
734
725
717
710
707
707
697
680
676
674
664
661
658
652
652
643
638
629
626
620
620
611
603
598
596
575
562
559
555
551
550
550
546
542
541
539
533
533
505
505
497
491
478
471
470
469
469
468
457
448
446
444
439
436
427
424
423
421
421
417
410
408
407
402
398
395
385
381
380
376
368
366
361
349
347
345
339
336
328
325
319
317
316
292
285
285
284
282
279
278
273
268
266
264
264
245
243
229
212
211
211
210
204
204
183
179
162
144
143
139
136
130
129
121
119
110
106
105
100
95
59
57
54
50
34
26
22
21
18
16
6
4
0
