32766
32759
32752
32741
32734
32734
32732
32728
32727
32726
32725
32725
32723
32722
32716
32706
32704
32704
32703
32701
32695
32694
32690
32687
32683
32663
32659
32655
32654
32645
32642
32629
32627
32620
32620
32610
32608
32604
32602
32599
32597
32582
32580
32579
32564
32558
32556
32553
32548
32530
32525
32524
32522
32519
32506
32499
32484
32484
32481
32469
32466
32464
32463
32459
32457
32452
32449
32446
32445
32439
32436
32424
32423
32422
32418
32414
32413
32412
32399
32398
32392
32391
32390
32389
32382
32371
32365
32362
32362
32359
32358
32356
32352
32344
32343
32342
32335
32335
32334
32331
32328
32326
32324
32320
32317
32310
32300
32286
32283
32282
32277
32277
32270
32259
32252
32251
32249
32246
32244
32232
32226
32224
32208
32206
32195
32194
32191
32190
32188
32186
32183
32180
32177
32177
32175
32173
32172
32172
32170
32162
32144
32137
32135
32131
32130
32128
32128
32118
32111
32105
32105
32104
32100
32096
32095
32086
32077
32077
32074
32066
32056
32047
32044
32044
32037
32024
32023
32008
32000
31988
31980
31978
31976
31975
31972
31971
31967
31960
31955
31951
31950
31948
31941
31924
31915
31914
31909
31907
31892
31890
31889
31885
31876
31872
31872
31868
31867
31865
31853
31842
31840
31829
31812
31810
31804
31795
31788
31783
31776
31775
31773
31773
31769
31761
31759
31758
31757
31749
31741
31739
31731
31713
31708
31705
31705
31703
31702
31694
31690
31687
31683
31682
31682
31679
31675
31675
31674
31665
31657
31653
31648
31645
31639
31638
31637
31635
31633
31630
31630
31628
31626
31618
31610
31603
31601
31594
31593
31584
31580
31575
31574
31569
31565
31558
31553
31551
31549
31548
31546
31545
31543
31542
31542
31541
31530
31520
31519
31517
31514
31514
31511
31510
31505
31500
31495
31493
31483
31483
31477
31464
31461
31442
31441
31441
31441
31435
31422
31418
31417
31408
31406
31399
31390
31384
31383
31378
31374
31373
31365
31360
31360
31351
31343
31332
31330
31329
31328
31323
31321
31317
31307
31306
31305
31297
31293
31288
31271
31269
31266
31264
31264
31257
31254
31253
31243
31241
31239
31236
31236
31233
31222
31217
31214
31193
31193
31186
31183
31172
31171
31164
31162
31161
31160
31152
31146
31145
31145
31143
31142
31141
31112
31106
31102
31095
31087
31086
31083
31083
31070
31055
31055
31046
31046
31045
31042
31041
31037
31032
31030
31028
31026
31019
31016
31005
30999
30997
30996
30995
30989
30988
30987
30985
30985
30980
30966
30964
30955
30954
30948
30947
30947
30945
30941
30935
30926
30926
30920
30920
30920
30919
30919
30917
30909
30903
30901
30899
30895
30893
30893
30890
30889
30881
30881
30880
30878
30869
30859
30839
30831
30825
30823
30817
30815
30815
30810
30805
30802
30790
30789
30786
30785
30783
30781
30778
30764
30754
30754
30753
30753
30751
30746
30744
30743
30742
30741
30737
30733
30722
30721
30719
30716
30712
30705
30699
30692
30687
30676
30676
30674
30670
30664
30661
30661
30657
30635
30635
30633
30622
30616
30611
30597
30595
30593
30589
30588
30585
30577
30575
30572
30572
30571
30570
30567
30559
30559
30556
30554
30551
30546
30536
30536
30528
30525
30523
30519
30512
30510
30509
30508
30507
30507
30498
30494
30485
30485
30482
30479
30478
30466
30463
30462
30460
30458
30452
30451
30430
30416
30415
30414
30411
30408
30408
30407
30387
30386
30386
30371
30369
30369
30368
30365
30361
30357
30353
30346
30338
30336
30330
30328
30326
30320
30320
30314
30313
30303
30301
30294
30293
30283
30283
30283
30279
30279
30276
30271
30270
30236
30224
30223
30219
30218
30218
30208
30205
30201
30198
30188
30188
30187
30185
30176
30168
30159
30158
30146
30138
30135
30133
30130
30129
30116
30113
30113
30112
30112
30112
30111
30102
30100
30100
30093
30091
30091
30087
30082
30076
30075
30075
30072
30070
30065
30056
30048
30046
30046
30041
30036
30024
30023
30014
30011
30008
30006
30004
30000
29991
29984
29981
29979
29974
29974
29974
29973
29966
29966
29963
29956
29954
29954
29953
29953
29946
29943
29931
29928
29923
29921
29920
29918
29910
29908
29907
29900
29900
29896
29894
29891
29889
29887
29886
29878
29873
29866
29866
29860
29857
29852
29849
29835
29822
29819
29819
29802
29802
29794
29783
29771
29764
29763
29760
29758
29742
29740
29729
29722
29718
29717
29714
29710
29709
29708
29700
29699
29698
29692
29684
29682
29676
29671
29661
29659
29656
29653
29644
29643
29626
29625
29616
29614
29613
29612
29607
29607
29605
29603
29601
29598
29594
29594
29588
29586
29584
29582
29582
29570
29569
29567
29554
29552
29546
29543
29542
29534
29532
29527
29518
29515
29508
29484
29469
29459
29459
29457
29448
29446
29446
29445
29441
29436
29432
29427
29426
29398
29394
29393
29392
29392
29390
29385
29385
29385
29384
29377
29374
29374
29373
29373
29371
29364
29349
29345
29343
29341
29334
29330
29328
29325
29322
29320
29319
29319
29312
29311
29305
29279
29277
29277
29264
29257
29256
29255
29249
29246
29240
29240
29236
29230
29230
29228
29227
29223
29211
29206
29204
29197
29197
29194
29190
29176
29176
29163
29157
29155
29141
29133
29129
29127
29122
29115
29112
29111
29110
29090
29084
29083
29081
29065
29064
29061
29057
29055
29052
29049
29043
29031
29023
29015
29013
29009
29008
29005
29001
28994
28984
28983
28979
28978
28968
28956
28953
28952
28950
28947
28945
28943
28942
28940
28940
28933
28930
28921
28899
28897
28894
28888
28884
28884
28880
28877
28871
28871
28865
28861
28853
28851
28847
28844
28842
28840
28838
28837
28835
28834
28831
28827
28825
28823
28822
28819
28815
28814
28810
28806
28798
28795
28794
28789
28777
28772
28769
28766
28765
28762
28752
28743
28742
28737
28735
28725
28712
28711
28709
28704
28704
28702
28701
28693
28690
28687
28681
28678
28669
28669
28665
28656
28648
28632
28628
28626
28622
28622
28621
28615
28611
28588
28587
28586
28585
28579
28574
28565
28557
28557
28544
28542
28531
28528
28526
28525
28524
28519
28517
28503
28501
28499
28496
28493
28491
28488
28475
28465
28460
28455
28444
28439
28435
28417
28416
28414
28406
28404
28404
28403
28401
28398
28397
28395
28389
28389
28387
28386
28383
28373
28369
28367
28364
28363
28361
28359
28358
28354
28351
28349
28339
28336
28330
28327
28325
28321
28317
28316
28316
28312
28307
28295
28293
28292
28290
28289
28283
28281
28273
28271
28259
28257
28244
28241
28238
28237
28230
28227
28225
28210
28206
28196
28194
28193
28184
28181
28178
28177
28175
28171
28166
28159
28150
28150
28146
28141
28139
28126
28125
28124
28121
28116
28115
28106
28091
28090
28088
28085
28081
28080
28072
28060
28054
28043
28042
28023
28023
28021
28016
28013
28012
28008
28003
27999
27980
27976
27972
27971
27965
27961
27956
27954
27943
27942
27941
27938
27937
27935
27931
27926
27922
27921
27914
27905
27895
27893
27885
27882
27869
27867
27862
27854
27847
27843
27835
27835
27833
27831
27828
27793
27793
27788
27787
27783
27780
27777
27775
27769
27767
27765
27764
27763
27759
27743
27742
27722
27720
27718
27713
27711
27709
27695
27693
27687
27687
27684
27681
27679
27671
27671
27668
27664
27657
27655
27651
27645
27622
27615
27615
27614
27609
27609
27607
27603
27602
27600
27600
27583
27577
27576
27572
27571
27566
27565
27558
27555
27555
27554
27543
27540
27540
27524
27517
27512
27512
27508
27507
27507
27502
27502
27492
27490
27484
27467
27464
27462
27460
27459
27459
27459
27458
27443
27439
27430
27430
27428
27423
27415
27414
27413
27412
27407
27407
27393
27390
27389
27387
27386
27384
27377
27373
27365
27363
27359
27357
27354
27344
27343
27341
27334
27334
27332
27322
27322
27321
27321
27319
27317
27317
27308
27305
27303
27300
27299
27291
27290
27282
27279
27275
27263
27261
27260
27255
27250
27244
27244
27240
27225
27224
27221
27221
27218
27213
27213
27212
27212
27196
27190
27182
27177
27173
27170
27150
27144
27133
27106
27105
27103
27100
27097
27094
27093
27091
27085
27075
27069
27066
27059
27056
27054
27053
27049
27044
27027
27024
27021
27020
27010
27010
27008
27003
27003
26996
26996
26996
26993
26987
26977
26975
26972
26966
26962
26959
26954
26953
26951
26946
26942
26936
26933
26932
26931
26931
26923
26917
26909
26899
26897
26897
26897
26890
26887
26885
26876
26869
26867
26864
26864
26863
26862
26862
26858
26853
26851
26845
26843
26842
26839
26837
26837
26831
26824
26824
26817
26809
26806
26800
26796
26794
26790
26784
26783
26781
26762
26755
26753
26749
26749
26743
26742
26729
26725
26707
26706
26704
26701
26698
26697
26690
26683
26679
26671
26666
26665
26658
26658
26656
26645
26645
26640
26639
26638
26633
26630
26629
26627
26626
26623
26618
26617
26617
26614
26613
26606
26597
26594
26588
26584
26559
26557
26557
26545
26544
26544
26543
26542
26539
26527
26509
26509
26499
26487
26475
26471
26469
26462
26460
26446
26440
26439
26439
26435
26435
26430
26430
26426
26415
26410
26410
26409
26408
26403
26398
26387
26379
26372
26362
26355
26355
26352
26348
26336
26334
26330
26325
26324
26319
26312
26308
26306
26305
26291
26291
26288
26285
26281
26280
26275
26270
26263
26257
26249
26233
26231
26206
26204
26202
26196
26194
26192
26185
26183
26167
26166
26161
26155
26148
26142
26136
26133
26131
26128
26124
26118
26107
26100
26100
26097
26094
26094
26074
26073
26066
26064
26060
26056
26056
26056
26042
26037
26033
26032
26031
26026
26026
26021
26018
26010
26005
26004
26001
26000
25996
25991
25984
25979
25975
25975
25964
25963
25962
25961
25952
25947
25947
25937
25937
25937
25917
25911
25910
25907
25901
25899
25898
25894
25890
25887
25887
25885
25862
25856
25836
25833
25814
25809
25808
25806
25806
25805
25792
25788
25786
25775
25771
25756
25753
25749
25747
25730
25727
25725
25716
25709
25708
25704
25703
25686
25682
25675
25669
25662
25644
25642
25640
25635
25620
25618
25611
25610
25608
25603
25603
25587
25584
25583
25578
25576
25573
25572
25554
25552
25549
25539
25536
25532
25519
25509
25491
25487
25479
25478
25471
25468
25460
25451
25445
25445
25444
25442
25439
25434
25432
25425
25409
25408
25406
25394
25392
25390
25388
25388
25388
25388
25383
25380
25377
25362
25361
25357
25356
25355
25349
25348
25346
25345
25345
25344
25340
25334
25329
25318
25313
25312
25307
25303
25301
25282
25277
25277
25273
25271
25268
25261
25256
25255
25255
25251
25250
25239
25237
25230
25219
25218
25207
25203
25194
25180
25178
25178
25158
25156
25145
25143
25133
25131
25116
25106
25103
25098
25095
25094
25070
25070
25067
25065
25060
25058
25053
25051
25050
25049
25046
25045
25043
25030
25017
25015
25014
25001
24997
24978
24974
24970
24968
24960
24934
24932
24923
24921
24918
24916
24915
24912
24905
24900
24897
24886
24885
24885
24876
24869
24869
24855
24855
24854
24852
24852
24850
24848
24846
24842
24840
24835
24835
24831
24827
24826
24825
24823
24819
24805
24800
24798
24798
24795
24794
24784
24781
24781
24777
24764
24760
24757
24746
24745
24738
24717
24714
24713
24711
24704
24702
24701
24683
24683
24682
24681
24681
24678
24677
24670
24662
24659
24654
24644
24642
24642
24638
24638
24636
24631
24627
24623
24621
24615
24605
24604
24602
24594
24593
24590
24587
24560
24552
24550
24543
24542
24531
24530
24528
24521
24519
24518
24513
24513
24513
24509
24502
24500
24494
24491
24484
24482
24480
24479
24478
24475
24474
24468
24461
24453
24452
24447
24445
24445
24436
24432
24432
24428
24421
24419
24416
24414
24411
24408
24404
24399
24398
24395
24389
24383
24379
24365
24364
24362
24350
24344
24339
24336
24335
24333
24333
24320
24311
24307
24307
24305
24304
24303
24290
24286
24284
24273
24267
24255
24249
24248
24244
24234
24232
24225
24222
24222
24219
24206
24205
24205
24204
24199
24198
24196
24195
24195
24189
24181
24176
24176
24171
24169
24167
24166
24160
24157
24152
24144
24144
24136
24133
24127
24125
24114
24110
24095
24090
24082
24080
24079
24068
24062
24054
24046
24045
24043
24039
24038
24027
24025
24024
24016
24013
24012
24006
23996
23991
23989
23983
23979
23978
23968
23956
23947
23941
23941
23938
23920
23920
23916
23914
23913
23906
23901
23895
23894
23891
23890
23885
23884
23883
23882
23882
23881
23876
23869
23866
23865
23864
23862
23852
23851
23844
23843
23843
23842
23828
23828
23826
23808
23800
23800
23787
23785
23784
23783
23773
23768
23767
23763
23762
23755
23754
23753
23752
23750
23741
23734
23732
23728
23722
23711
23708
23706
23700
23699
23695
23692
23692
23684
23683
23673
23672
23661
23659
23652
23649
23645
23639
23636
23628
23625
23618
23617
23599
23589
23584
23572
23571
23567
23538
23537
23518
23510
23509
23508
23497
23496
23490
23490
23487
23486
23483
23483
23477
23471
23469
23468
23459
23456
23456
23453
23449
23426
23420
23419
23416
23415
23412
23409
23401
23400
23396
23392
23384
23379
23377
23375
23362
23353
23350
23342
23341
23336
23335
23328
23327
23325
23318
23312
23304
23298
23294
23291
23291
23290
23289
23287
23281
23270
23264
23252
23249
23243
23243
23241
23221
23220
23214
23206
23204
23202
23201
23198
23193
23192
23184
23179
23174
23170
23168
23153
23151
23148
23134
23123
23122
23120
23119
23118
23114
23112
23112
23108
23107
23106
23104
23104
23103
23098
23089
23088
23088
23087
23086
23085
23085
23082
23081
23078
23076
23074
23071
23057
23054
23047
23043
23040
23036
23035
23019
23005
22989
22985
22985
22974
22971
22965
22964
22956
22955
22951
22946
22945
22943
22938
22935
22934
22929
22928
22923
22917
22910
22908
22894
22890
22886
22878
22874
22873
22872
22870
22861
22847
22846
22837
22829
22817
22814
22813
22805
22796
22794
22789
22784
22783
22779
22777
22775
22771
22752
22748
22743
22736
22733
22732
22731
22728
22720
22719
22717
22714
22702
22700
22697
22688
22679
22671
22668
22666
22662
22661
22661
22660
22660
22654
22651
22650
22648
22642
22637
22631
22627
22626
22621
22616
22614
22597
22587
22574
22574
22573
22569
22568
22565
22564
22564
22560
22554
22553
22549
22543
22542
22528
22527
22525
22516
22516
22516
22516
22513
22507
22495
22494
22489
22465
22450
22449
22447
22442
22430
22422
22406
22398
22397
22393
22392
22390
22387
22385
22383
22377
22375
22375
22375
22373
22368
22368
22363
22344
22342
22335
22329
22322
22320
22318
22308
22295
22287
22287
22287
22266
22263
22254
22254
22252
22243
22241
22238
22234
22234
22232
22227
22227
22223
22223
22221
22205
22203
22201
22196
22195
22186
22185
22171
22168
22167
22164
22161
22154
22154
22153
22148
22148
22146
22144
22142
22140
22135
22126
22122
22116
22111
22105
22103
22101
22090
22075
22072
22067
22065
22060
22058
22054
22052
22049
22048
22036
22030
22025
22023
22018
22014
22003
21998
21985
21983
21975
21967
21966
21961
21961
21960
21953
21945
21944
21942
21936
21935
21934
21925
21917
21884
21882
21877
21870
21864
21863
21861
21858
21849
21847
21844
21841
21840
21836
21834
21833
21828
21826
21814
21806
21806
21798
21774
21770
21769
21765
21757
21755
21754
21753
21751
21749
21746
21742
21741
21728
21723
21722
21719
21706
21704
21702
21694
21692
21690
21683
21683
21677
21673
21665
21662
21641
21634
21631
21630
21630
21629
21619
21612
21611
21611
21609
21608
21603
21595
21593
21586
21586
21576
21572
21571
21567
21563
21554
21549
21539
21534
21528
21521
21520
21516
21504
21495
21494
21490
21488
21479
21473
21471
21467
21461
21456
21454
21453
21452
21448
21441
21437
21429
21421
21414
21414
21404
21400
21400
21394
21373
21371
21366
21362
21357
21353
21352
21348
21348
21345
21343
21328
21327
21321
21318
21317
21313
21312
21310
21308
21306
21304
21297
21293
21288
21284
21278
21277
21274
21266
21263
21257
21250
21238
21236
21235
21235
21231
21223
21220
21219
21215
21212
21210
21208
21206
21201
21199
21194
21182
21179
21178
21174
21174
21161
21159
21159
21151
21149
21122
21121
21117
21114
21111
21111
21108
21103
21103
21101
21099
21098
21089
21088
21082
21080
21079
21075
21062
21061
21056
21055
21051
21044
21038
21038
21034
21026
21018
21015
21014
20961
20960
20960
20954
20951
20945
20943
20943
20937
20935
20930
20927
20924
20924
20920
20918
20909
20905
20904
20902
20898
20898
20897
20896
20893
20891
20890
20889
20888
20882
20869
20863
20856
20849
20849
20848
20847
20845
20842
20840
20836
20834
20830
20829
20822
20814
20810
20809
20803
20799
20794
20791
20786
20779
20769
20765
20761
20760
20760
20754
20754
20753
20748
20743
20727
20725
20725
20720
20719
20709
20703
20702
20697
20694
20693
20687
20682
20678
20672
20659
20657
20647
20646
20641
20640
20639
20632
20626
20618
20610
20604
20597
20588
20583
20572
20571
20570
20567
20566
20564
20558
20556
20552
20546
20546
20545
20542
20541
20538
20520
20519
20519
20499
20499
20487
20482
20479
20474
20471
20470
20466
20462
20451
20450
20449
20444
20444
20431
20430
20427
20423
20416
20413
20412
20402
20401
20400
20391
20384
20372
20370
20366
20364
20361
20342
20339
20322
20321
20320
20318
20295
20294
20290
20288
20287
20284
20283
20282
20278
20277
20273
20267
20262
20260
20258
20258
20258
20253
20245
20243
20243
20240
20232
20229
20218
20215
20212
20204
20199
20188
20185
20183
20182
20181
20180
20175
20172
20163
20162
20159
20133
20133
20132
20129
20127
20125
20111
20107
20104
20104
20101
20095
20085
20082
20078
20062
20058
20058
20057
20056
20056
20043
20038
20035
20030
20022
20021
20018
20009
20009
20008
19988
19986
19980
19973
19970
19963
19961
19961
19957
19954
19947
19941
19938
19923
19921
19912
19909
19905
19903
19898
19897
19890
19889
19887
19875
19875
19872
19866
19863
19862
19849
19846
19845
19834
19827
19822
19819
19812
19806
19798
19796
19785
19784
19784
19777
19776
19772
19772
19769
19758
19755
19753
19747
19743
19743
19739
19733
19733
19731
19720
19717
19717
19694
19692
19691
19690
19687
19686
19667
19666
19638
19614
19603
19596
19590
19590
19587
19585
19576
19571
19570
19568
19558
19548
19535
19523
19515
19509
19506
19505
19504
19502
19500
19487
19476
19468
19458
19454
19453
19451
19449
19444
19437
19437
19436
19427
19417
19415
19414
19411
19410
19407
19405
19402
19393
19393
19387
19384
19380
19380
19379
19376
19366
19364
19356
19349
19342
19339
19327
19324
19320
19314
19312
19308
19308
19308
19305
19301
19298
19285
19283
19279
19275
19272
19269
19262
19258
19251
19250
19247
19237
19235
19230
19214
19214
19211
19211
19210
19202
19195
19189
19188
19181
19180
19176
19170
19169
19168
19165
19161
19158
19153
19148
19143
19135
19135
19132
19132
19113
19110
19109
19107
19105
19104
19103
19099
19097
19092
19090
19084
19081
19080
19075
19071
19070
19068
19061
19056
19054
19054
19048
19045
19043
19043
19039
19035
19034
19032
19020
19018
19000
18999
18993
18980
18967
18966
18962
18962
18959
18955
18952
18952
18948
18943
18940
18914
18910
18903
18896
18895
18895
18895
18889
18884
18881
18871
18867
18866
18866
18858
18858
18849
18843
18835
18834
18834
18833
18830
18819
18813
18811
18799
18787
18785
18783
18768
18762
18747
18746
18743
18742
18737
18728
18728
18727
18726
18723
18718
18716
18709
18709
18707
18700
18694
18693
18688
18685
18682
18674
18667
18660
18650
18650
18648
18641
18636
18634
18616
18613
18611
18604
18600
18593
18588
18588
18581
18580
18579
18576
18572
18571
18571
18570
18568
18568
18561
18553
18548
18547
18546
18534
18534
18531
18530
18516
18490
18489
18488
18483
18475
18474
18469
18462
18455
18441
18441
18433
18433
18431
18431
18428
18424
18422
18422
18420
18416
18415
18410
18408
18403
18402
18401
18399
18395
18390
18387
18381
18366
18347
18344
18341
18337
18331
18329
18325
18314
18305
18297
18296
18292
18279
18274
18268
18259
18249
18245
18243
18242
18233
18231
18225
18221
18219
18219
18212
18197
18195
18194
18194
18187
18184
18183
18176
18168
18162
18152
18148
18147
18142
18138
18133
18128
18127
18120
18117
18117
18116
18112
18097
18091
18089
18075
18069
18069
18058
18054
18053
18046
18045
18041
18037
18037
18024
18019
18018
18018
18015
18003
18003
18001
17990
17989
17988
17985
17982
17975
17974
17962
17957
17950
17947
17944
17944
17938
17930
17929
17928
17926
17920
17909
17907
17899
17889
17879
17866
17863
17861
17855
17843
17841
17829
17826
17825
17810
17809
17808
17806
17803
17802
17790
17788
17782
17780
17777
17772
17768
17766
17766
17765
17763
17758
17757
17747
17734
17731
17730
17729
17718
17717
17717
17708
17708
17692
17685
17682
17672
17670
17665
17662
17661
17660
17655
17652
17651
17648
17648
17645
17640
17639
17634
17633
17618
17615
17609
17603
17588
17583
17566
17562
17558
17556
17549
17549
17538
17535
17532
17529
17527
17527
17525
17524
17524
17522
17521
17521
17516
17516
17512
17503
17496
17494
17492
17489
17481
17469
17468
17466
17464
17461
17461
17461
17457
17453
17451
17448
17447
17446
17438
17435
17432
17418
17416
17415
17411
17409
17408
17400
17398
17396
17391
17385
17381
17376
17376
17363
17363
17361
17347
17344
17341
17341
17339
17338
17335
17331
17326
17317
17309
17309
17307
17302
17289
17288
17286
17286
17285
17273
17270
17270
17263
17263
17262
17257
17256
17255
17254
17252
17248
17240
17226
17216
17214
17213
17204
17198
17188
17185
17184
17180
17180
17174
17173
17172
17165
17161
17159
17159
17155
17142
17130
17130
17116
17116
17108
17107
17102
17097
17094
17083
17080
17074
17067
17065
17063
17059
17058
17056
17055
17054
17047
17030
17022
17017
17011
17004
16998
16996
16994
16992
16986
16984
16982
16978
16969
16960
16959
16958
16951
16949
16943
16937
16935
16934
16929
16928
16921
16919
16918
16914
16900
16899
16897
16892
16892
16887
16883
16879
16878
16873
16867
16867
16856
16853
16843
16832
16829
16824
16821
16816
16813
16807
16807
16803
16802
16801
16799
16797
16796
16796
16793
16784
16781
16776
16771
16765
16759
16759
16758
16755
16751
16727
16725
16725
16723
16722
16712
16711
16708
16706
16702
16701
16696
16690
16689
16683
16682
16680
16680
16679
16674
16668
16668
16663
16661
16653
16652
16649
16648
16648
16646
16645
16634
16632
16632
16625
16619
16611
16607
16605
16603
16597
16589
16580
16578
16574
16572
16570
16567
16563
16559
16555
16554
16549
16547
16546
16545
16540
16540
16540
16532
16527
16526
16523
16521
16521
16521
16520
16507
16505
16504
16503
16486
16484
16477
16466
16465
16458
16457
16445
16421
16410
16406
16402
16391
16388
16387
16384
16376
16375
16373
16364
16361
16354
16351
16348
16342
16332
16326
16323
16321
16312
16312
16307
16302
16300
16297
16295
16289
16269
16266
16260
16256
16254
16248
16248
16247
16244
16244
16242
16242
16235
16234
16234
16229
16227
16223
16222
16216
16192
16190
16188
16185
16180
16178
16172
16167
16166
16165
16161
16160
16147
16142
16136
16135
16125
16121
16113
16113
16087
16087
16082
16082
16064
16060
16051
16051
16044
16039
16037
16033
16026
16025
16012
16010
16004
15999
15996
15991
15987
15984
15979
15972
15972
15969
15969
15964
15955
15955
15953
15951
15950
15940
15936
15935
15935
15935
15925
15920
15919
15912
15909
15900
15897
15892
15887
15884
15883
15874
15866
15865
15853
15850
15848
15846
15844
15831
15823
15822
15816
15801
15800
15794
15787
15778
15771
15769
15757
15742
15736
15727
15724
15722
15718
15716
15706
15705
15697
15694
15693
15689
15684
15682
15680
15679
15671
15665
15664
15657
15648
15646
15640
15637
15636
15631
15631
15624
15621
15618
15617
15603
15599
15593
15588
15584
15580
15570
15568
15567
15563
15559
15550
15549
15545
15543
15543
15533
15532
15531
15527
15524
15524
15519
15515
15511
15508
15498
15497
15497
15495
15485
15483
15482
15468
15464
15460
15453
15453
15452
15451
15440
15440
15425
15418
15416
15414
15411
15401
15399
15376
15371
15367
15361
15348
15345
15338
15338
15337
15320
15314
15313
15304
15295
15295
15292
15289
15288
15281
15280
15267
15264
15255
15248
15245
15245
15240
15239
15236
15235
15232
15227
15223
15222
15216
15211
15211
15210
15209
15206
15203
15201
15200
15200
15195
15186
15180
15166
15165
15160
15157
15150
15150
15146
15139
15130
15125
15118
15117
15112
15100
15088
15082
15073
15071
15071
15067
15066
15062
15059
15058
15056
15050
15041
15039
15036
15028
15024
15006
15005
15005
14996
14995
14995
14994
14994
14991
14982
14976
14971
14964
14949
14948
14947
14936
14930
14919
14917
14901
14901
14890
14887
14884
14880
14874
14872
14871
14870
14868
14861
14860
14854
14835
14827
14823
14815
14802
14797
14789
14777
14774
14772
14767
14756
14750
14746
14722
14721
14712
14710
14707
14706
14706
14703
14690
14686
14680
14674
14673
14672
14669
14666
14655
14654
14652
14652
14646
14645
14642
14642
14640
14637
14631
14625
14623
14621
14620
14607
14606
14602
14600
14598
14595
14591
14590
14588
14585
14583
14577
14576
14575
14571
14560
14556
14545
14536
14529
14526
14523
14519
14518
14507
14501
14499
14487
14481
14458
14457
14456
14453
14450
14441
14430
14424
14422
14418
14417
14410
14404
14402
14397
14394
14382
14376
14370
14356
14353
14353
14347
14339
14330
14327
14323
14315
14313
14311
14304
14304
14304
14303
14300
14299
14292
14285
14273
14262
14258
14249
14245
14239
14238
14225
14225
14218
14215
14213
14212
14212
14200
14199
14193
14189
14188
14180
14179
14175
14173
14172
14167
14165
14160
14157
14151
14146
14134
14129
14129
14128
14124
14123
14121
14120
14117
14114
14103
14087
14081
14076
14062
14057
14051
14050
14048
14036
14032
14021
14012
14008
14002
14000
13998
13991
13983
13977
13972
13964
13960
13950
13945
13945
13929
13914
13913
13905
13904
13896
13888
13883
13878
13878
13876
13872
13872
13867
13863
13859
13855
13852
13850
13847
13846
13832
13831
13829
13826
13817
13816
13812
13812
13811
13810
13807
13795
13794
13794
13789
13782
13779
13768
13763
13757
13754
13746
13743
13741
13734
13732
13726
13721
13714
13712
13698
13696
13689
13688
13682
13679
13662
13655
13652
13651
13650
13649
13648
13645
13641
13641
13640
13639
13627
13616
13609
13608
13605
13605
13603
13595
13595
13594
13594
13590
13585
13574
13569
13565
13563
13558
13558
13554
13552
13533
13532
13531
13529
13528
13528
13527
13526
13520
13512
13510
13507
13507
13498
13493
13487
13470
13469
13463
13461
13461
13460
13459
13458
13442
13441
13436
13419
13418
13417
13413
13410
13409
13409
13408
13377
13376
13376
13376
13363
13360
13355
13338
13336
13333
13333
13330
13313
13310
13306
13302
13299
13296
13291
13288
13287
13286
13280
13276
13276
13275
13275
13257
13255
13254
13254
13252
13249
13248
13245
13234
13232
13226
13218
13216
13208
13203
13185
13184
13177
13165
13160
13155
13153
13142
13139
13137
13137
13134
13125
13117
13112
13095
13092
13086
13082
13082
13081
13081
13080
13079
13075
13068
13059
13058
13042
13037
13035
13034
13032
13031
13025
13024
13018
13012
13007
13005
13003
13002
12999
12993
12989
12975
12973
12971
12970
12968
12966
12965
12965
12958
12955
12951
12948
12943
12943
12942
12940
12938
12938
12937
12925
12909
12909
12895
12893
12891
12875
12874
12870
12867
12851
12836
12834
12826
12819
12819
12818
12801
12800
12800
12792
12790
12787
12774
12769
12767
12766
12765
12761
12760
12756
12743
12734
12730
12730
12727
12724
12717
12708
12706
12696
12694
12672
12666
12657
12656
12656
12652
12651
12643
12637
12632
12611
12606
12605
12602
12601
12597
12592
12590
12590
12590
12588
12569
12565
12562
12562
12553
12542
12538
12530
12522
12510
12492
12484
12475
12474
12471
12469
12467
12462
12450
12449
12437
12431
12428
12426
12426
12424
12422
12421
12408
12406
12405
12403
12393
12385
12380
12372
12372
12369
12364
12363
12358
12355
12343
12340
12339
12338
12327
12313
12312
12304
12287
12285
12283
12271
12270
12268
12265
12262
12250
12242
12241
12235
12229
12226
12219
12217
12215
12212
12194
12190
12186
12184
12184
12183
12182
12181
12174
12173
12172
12171
12171
12170
12166
12163
12161
12159
12146
12142
12136
12134
12133
12128
12128
12127
12126
12112
12112
12103
12099
12098
12091
12090
12078
12074
12064
12054
12052
12045
12042
12039
12037
12030
12018
12013
12011
12009
12006
12004
12003
11996
11994
11993
11991
11990
11988
11986
11982
11981
11979
11975
11974
11969
11965
11965
11958
11958
11953
11953
11952
11935
11933
11928
11928
11926
11926
11922
11915
11914
11909
11906
11903
11900
11893
11891
11886
11875
11871
11871
11865
11841
11840
11836
11826
11824
11821
11819
11819
11816
11811
11810
11798
11796
11792
11792
11786
11784
11783
11781
11780
11773
11769
11758
11757
11743
11740
11737
11736
11729
11726
11722
11715
11715
11714
11711
11697
11691
11676
11670
11669
11655
11651
11636
11625
11622
11614
11613
11598
11596
11594
11588
11577
11577
11573
11560
11558
11557
11553
11547
11544
11531
11529
11526
11523
11522
11519
11505
11504
11503
11502
11502
11501
11494
11488
11483
11480
11471
11471
11462
11454
11453
11452
11449
11447
11442
11440
11437
11431
11429
11411
11410
11408
11407
11393
11388
11386
11385
11385
11380
11378
11377
11376
11375
11367
11364
11359
11359
11359
11352
11351
11348
11333
11329
11327
11325
11324
11317
11317
11317
11316
11313
11312
11301
11300
11291
11287
11287
11285
11282
11281
11278
11263
11262
11262
11255
11253
11241
11239
11236
11236
11234
11208
11203
11189
11184
11182
11179
11176
11165
11165
11163
11158
11157
11154
11152
11151
11147
11145
11137
11129
11120
11114
11092
11089
11089
11083
11081
11081
11071
11068
11068
11064
11063
11052
11051
11051
11049
11045
11044
11043
11041
11041
11027
11010
11006
11004
11002
11001
10998
10998
10993
10991
10988
10984
10984
10982
10979
10975
10975
10972
10967
10965
10964
10943
10939
10934
10926
10925
10922
10920
10917
10909
10905
10902
10902
10886
10886
10884
10882
10871
10864
10861
10853
10844
10835
10829
10829
10822
10820
10815
10813
10810
10803
10798
10782
10776
10773
10770
10767
10765
10760
10753
10750
10746
10740
10737
10736
10733
10731
10726
10726
10723
10722
10712
10711
10711
10694
10693
10691
10687
10686
10685
10684
10669
10665
10665
10662
10660
10649
10643
10643
10643
10642
10641
10640
10637
10636
10629
10619
10619
10609
10605
10602
10591
10583
10580
10576
10575
10570
10568
10567
10553
10544
10542
10537
10529
10525
10522
10515
10514
10512
10509
10509
10507
10505
10483
10482
10463
10458
10454
10442
10433
10423
10420
10419
10418
10407
10399
10394
10374
10368
10362
10361
10359
10357
10352
10349
10344
10341
10340
10339
10333
10326
10322
10320
10318
10305
10304
10303
10295
10287
10280
10272
10271
10269
10263
10261
10248
10248
10231
10220
10217
10216
10212
10209
10206
10205
10204
10200
10186
10184
10183
10170
10168
10164
10148
10137
10135
10134
10133
10132
10130
10126
10125
10124
10122
10121
10112
10107
10106
10104
10100
10098
10097
10089
10089
10088
10082
10079
10065
10060
10058
10057
10050
10048
10048
10038
10032
10031
10027
10026
10023
10011
10011
10002
9998
9995
9994
9989
9985
9984
9984
9979
9967
9967
9966
9963
9960
9945
9942
9939
9939
9938
9935
9930
9930
9925
9906
9905
9903
9884
9882
9879
9878
9876
9869
9862
9855
9848
9847
9836
9836
9809
9804
9801
9793
9789
9786
9785
9782
9781
9749
9745
9740
9737
9735
9732
9726
9719
9715
9710
9698
9697
9693
9687
9686
9684
9680
9674
9670
9669
9662
9658
9657
9651
9651
9647
9643
9617
9605
9603
9597
9581
9575
9572
9572
9572
9571
9566
9559
9558
9556
9553
9550
9548
9545
9544
9538
9532
9525
9515
9512
9508
9505
9505
9498
9494
9488
9484
9481
9469
9460
9459
9459
9454
9443
9441
9425
9414
9405
9404
9403
9398
9397
9396
9392
9392
9392
9391
9391
9381
9380
9377
9375
9349
9349
9346
9345
9345
9336
9331
9331
9325
9323
9320
9318
9303
9291
9283
9275
9275
9272
9263
9262
9254
9243
9242
9234
9234
9224
9223
9222
9217
9212
9204
9203
9198
9196
9186
9180
9177
9176
9172
9170
9167
9155
9152
9150
9149
9146
9146
9142
9134
9133
9120
9120
9110
9108
9098
9091
9090
9090
9087
9081
9078
9076
9072
9069
9067
9065
9048
9048
9047
9046
9044
9042
9042
9039
9038
9032
9028
9024
9021
9021
9020
9018
9018
9016
9014
9014
9006
9003
9003
9001
9000
8998
8998
8996
8991
8985
8973
8969
8967
8963
8961
8959
8959
8958
8958
8954
8952
8950
8944
8940
8937
8927
8923
8923
8920
8913
8913
8899
8897
8879
8879
8870
8870
8867
8867
8862
8859
8858
8846
8841
8839
8839
8837
8835
8828
8825
8823
8822
8816
8807
8805
8799
8794
8793
8782
8778
8772
8771
8770
8768
8766
8759
8757
8745
8740
8739
8738
8729
8727
8722
8713
8703
8698
8680
8678
8677
8676
8674
8669
8667
8666
8662
8661
8661
8656
8643
8642
8621
8617
8609
8603
8602
8577
8576
8572
8570
8564
8541
8539
8536
8533
8528
8525
8524
8523
8514
8513
8505
8499
8495
8494
8490
8487
8480
8472
8470
8468
8464
8455
8455
8454
8453
8453
8437
8436
8435
8434
8425
8418
8417
8415
8406
8403
8395
8388
8383
8381
8374
8370
8364
8347
8340
8339
8326
8319
8304
8297
8292
8291
8287
8287
8287
8286
8285
8285
8279
8251
8245
8239
8235
8226
8222
8218
8216
8199
8198
8196
8191
8188
8187
8187
8184
8184
8181
8177
8170
8163
8162
8159
8159
8158
8155
8152
8151
8151
8144
8141
8132
8127
8126
8125
8114
8109
8107
8098
8095
8091
8090
8083
8081
8071
8060
8060
8057
8050
8044
8043
8042
8042
8041
8037
8037
8036
8035
8032
8021
8019
8005
8004
7998
7996
7986
7983
7973
7966
7963
7958
7945
7944
7942
7940
7930
7927
7920
7913
7912
7909
7907
7902
7902
7901
7900
7899
7884
7881
7867
7861
7860
7851
7831
7819
7817
7801
7796
7788
7784
7784
7782
7781
7770
7765
7764
7758
7756
7753
7752
7745
7743
7733
7732
7731
7730
7728
7727
7723
7720
7710
7709
7704
7703
7689
7684
7682
7674
7668
7657
7651
7650
7646
7640
7635
7631
7626
7626
7625
7624
7621
7621
7621
7614
7613
7604
7599
7599
7595
7593
7587
7581
7579
7578
7569
7567
7563
7562
7555
7555
7551
7550
7533
7518
7517
7512
7499
7492
7491
7490
7485
7484
7477
7474
7472
7469
7466
7457
7454
7449
7445
7441
7441
7436
7432
7427
7427
7425
7421
7419
7417
7417
7406
7398
7398
7394
7394
7393
7387
7385
7382
7380
7380
7378
7375
7373
7370
7366
7357
7352
7348
7345
7339
7336
7335
7327
7324
7323
7316
7315
7311
7310
7309
7300
7297
7296
7285
7282
7271
7268
7262
7260
7255
7251
7245
7243
7239
7218
7217
7211
7211
7211
7200
7198
7190
7185
7181
7181
7177
7177
7176
7170
7169
7167
7157
7152
7151
7146
7141
7138
7134
7134
7130
7121
7105
7104
7100
7092
7090
7088
7074
7074
7066
7065
7063
7054
7053
7053
7044
7044
7041
7040
7037
7036
7028
7022
7017
7017
7016
7004
6995
6993
6993
6990
6982
6979
6977
6976
6975
6973
6961
6958
6956
6955
6953
6953
6953
6938
6937
6936
6935
6933
6932
6926
6924
6921
6921
6907
6901
6899
6895
6894
6894
6890
6890
6887
6885
6878
6874
6869
6863
6860
6860
6858
6856
6855
6845
6840
6836
6835
6833
6828
6827
6818
6809
6806
6803
6802
6799
6799
6793
6790
6780
6778
6778
6771
6765
6763
6751
6749
6745
6741
6732
6728
6722
6689
6679
6676
6676
6673
6673
6672
6670
6667
6660
6659
6651
6640
6635
6623
6621
6611
6605
6602
6571
6569
6562
6562
6560
6558
6552
6546
6539
6538
6536
6529
6529
6524
6518
6511
6509
6497
6490
6490
6489
6489
6487
6485
6475
6475
6469
6440
6440
6436
6436
6435
6426
6424
6414
6411
6407
6405
6398
6398
6393
6388
6388
6382
6376
6362
6360
6356
6343
6339
6338
6333
6331
6330
6325
6323
6319
6315
6315
6310
6306
6296
6293
6278
6271
6264
6245
6233
6229
6222
6222
6220
6196
6189
6180
6179
6175
6175
6173
6172
6172
6167
6166
6165
6164
6153
6152
6138
6136
6131
6126
6123
6121
6121
6115
6102
6092
6091
6089
6084
6074
6071
6071
6065
6063
6054
6053
6053
6051
6051
6050
6022
6021
6016
6015
6010
6009
5988
5988
5984
5978
5969
5965
5958
5958
5958
5950
5948
5937
5937
5936
5932
5931
5928
5925
5918
5918
5911
5908
5899
5884
5874
5873
5872
5871
5867
5867
5859
5852
5838
5837
5835
5834
5831
5830
5824
5824
5820
5817
5815
5799
5795
5789
5789
5782
5781
5780
5777
5765
5763
5756
5752
5747
5744
5742
5737
5731
5730
5719
5703
5688
5687
5679
5675
5671
5670
5669
5669
5668
5667
5666
5664
5662
5660
5646
5644
5643
5640
5639
5638
5630
5626
5625
5621
5607
5605
5598
5589
5577
5572
5556
5553
5542
5542
5533
5526
5514
5511
5502
5500
5493
5480
5474
5473
5472
5458
5440
5428
5421
5419
5416
5416
5414
5405
5403
5401
5398
5395
5391
5390
5390
5388
5388
5387
5386
5383
5381
5381
5367
5360
5358
5356
5347
5343
5341
5340
5337
5332
5330
5329
5325
5322
5309
5308
5299
5296
5285
5280
5276
5275
5271
5256
5253
5250
5238
5237
5232
5232
5217
5214
5205
5189
5186
5185
5181
5173
5170
5159
5156
5153
5152
5151
5142
5141
5139
5137
5133
5133
5130
5124
5124
5121
5116
5097
5092
5046
5036
5028
5026
5014
5013
5012
5009
5009
5007
5004
5000
4999
4999
4999
4992
4990
4987
4979
4974
4965
4965
4956
4949
4945
4940
4939
4929
4926
4917
4914
4908
4903
4903
4900
4897
4884
4883
4878
4878
4869
4868
4867
4864
4857
4850
4848
4836
4834
4832
4832
4830
4828
4828
4827
4826
4821
4808
4807
4792
4787
4777
4756
4755
4746
4743
4740
4736
4732
4731
4728
4727
4718
4718
4715
4712
4708
4708
4691
4687
4685
4683
4679
4666
4663
4662
4649
4648
4642
4641
4641
4637
4634
4625
4612
4609
4606
4602
4599
4589
4587
4576
4575
4556
4542
4540
4529
4526
4525
4519
4516
4509
4503
4503
4489
4486
4482
4476
4470
4470
4470
4468
4468
4468
4466
4465
4461
4458
4450
4440
4440
4433
4432
4424
4422
4389
4384
4381
4377
4375
4371
4365
4360
4358
4357
4357
4339
4332
4330
4311
4311
4296
4296
4293
4291
4288
4274
4253
4251
4250
4243
4240
4238
4224
4224
4222
4218
4218
4214
4207
4206
4206
4205
4200
4196
4194
4194
4193
4192
4190
4184
4179
4166
4162
4158
4156
4152
4151
4151
4150
4147
4136
4133
4130
4126
4109
4109
4105
4097
4088
4080
4078
4078
4076
4074
4068
4037
4026
4019
4017
4013
4013
4012
4009
4006
4000
3999
3992
3992
3990
3973
3963
3961
3955
3954
3946
3925
3923
3917
3914
3906
3901
3897
3896
3896
3885
3881
3879
3874
3861
3854
3849
3833
3830
3829
3829
3827
3825
3823
3818
3816
3808
3787
3782
3775
3771
3771
3764
3757
3756
3755
3751
3745
3743
3742
3731
3722
3710
3710
3701
3701
3700
3699
3693
3693
3687
3686
3684
3684
3683
3675
3674
3674
3668
3667
3666
3665
3662
3658
3651
3651
3644
3636
3631
3629
3625
3620
3609
3609
3600
3598
3596
3589
3584
3579
3573
3568
3567
3566
3562
3559
3551
3549
3547
3535
3534
3528
3523
3522
3521
3518
3517
3513
3513
3504
3504
3497
3494
3494
3482
3476
3474
3459
3446
3441
3438
3438
3433
3432
3425
3419
3417
3401
3398
3395
3383
3383
3368
3368
3363
3359
3357
3355
3347
3337
3327
3312
3297
3290
3284
3279
3277
3262
3261
3257
3256
3252
3247
3241
3239
3238
3237
3237
3236
3235
3226
3216
3215
3212
3207
3205
3200
3197
3188
3188
3183
3182
3173
3169
3157
3155
3145
3132
3130
3122
3112
3111
3105
3088
3088
3081
3068
3065
3059
3047
3036
3036
3036
3033
3023
3023
3022
3020
3014
3008
3007
3003
2997
2989
2982
2982
2981
2978
2977
2975
2969
2969
2967
2966
2956
2949
2945
2943
2941
2940
2933
2929
2925
2922
2917
2910
2894
2893
2884
2879
2877
2872
2866
2857
2854
2852
2851
2850
2847
2840
2836
2825
2821
2799
2790
2789
2788
2785
2779
2776
2770
2763
2761
2758
2757
2757
2752
2744
2741
2740
2739
2734
2733
2731
2729
2728
2718
2717
2716
2715
2708
2704
2693
2686
2680
2679
2679
2676
2670
2663
2656
2655
2639
2638
2637
2631
2620
2619
2610
2604
2592
2574
2570
2558
2535
2535
2530
2519
2507
2474
2469
2467
2453
2453
2452
2448
2446
2442
2440
2433
2427
2420
2408
2406
2398
2396
2390
2388
2387
2385
2382
2382
2375
2372
2351
2338
2328
2327
2324
2321
2320
2319
2319
2316
2316
2307
2306
2294
2293
2293
2281
2275
2273
2261
2255
2242
2240
2230
2226
2226
2223
2216
2215
2214
2209
2189
2183
2182
2180
2161
2160
2158
2156
2156
2155
2148
2144
2144
2140
2135
2131
2130
2130
2126
2123
2119
2108
2099
2095
2091
2091
2086
2075
2056
2055
2037
2027
2018
2017
2016
2013
2013
2011
2007
2001
1998
1994
1993
1984
1970
1970
1968
1968
1964
1952
1944
1941
1931
1927
1927
1919
1918
1917
1917
1915
1911
1909
1907
1901
1901
1900
1898
1898
1896
1896
1889
1877
1871
1866
1865
1853
1842
1840
1837
1835
1835
1834
1823
1808
1807
1806
1801
1799
1791
1787
1786
1776
1768
1766
1766
1764
1760
1755
1737
1728
1726
1725
1717
1709
1708
1696
1691
1691
1691
1688
1680
1660
1653
1649
1645
1637
1635
1632
1616
1601
1601
1597
1593
1592
1589
1582
1576
1567
1567
1561
1556
1547
1545
1542
1538
1532
1525
1524
1517
1504
1496
1496
1494
1473
1471
1471
1469
1468
1468
1458
1442
1435
1432
1429
1428
1426
1419
1416
1403
1402
1402
1400
1396
1396
1396
1395
1392
1389
1386
1381
1365
1359
1355
1354
1344
1331
1327
1306
1299
1298
1295
1295
1284
1284
1273
1267
1263
1253
1249
1243
1239
1237
1237
1232
1231
1227
1227
1220
1218
1213
1204
1202
1195
1195
1194
1190
1183
1180
1172
1168
1166
1161
1161
1153
1150
1150
1145
1145
1136
1118
1104
1102
1102
1097
1087
1087
1087
1080
1079
1077
1062
1058
1057
1055
1049
1047
1043
1030
1029
1023
1019
1014
998
998
996
990
980
962
962
947
946
945
938
930
930
926
923
916
914
914
906
906
901
891
889
883
875
870
860
848
845
844
827
827
825
823
822
814
809
805
801
794
793
792
789
780
778
774
771
765
764
751
751
744
737
736
719
719
717
709
707
698
694
692
690
688
686
668
667
655
647
639
637
620
617
616
614
606
601
597
595
581
580
576
569
559
546
544
540
538
534
531
526
525
523
512
508
505
502
494
491
489
488
487
483
483
477
475
469
456
451
449
448
442
440
434
433
412
397
397
384
384
384
381
377
365
362
356
355
353
352
336
331
330
326
310
310
289
270
268
265
252
250
248
242
238
233
232
229
216
213
213
209
203
199
198
191
186
185
162
150
145
138
132
130
120
120
116
112
112
111
102
102
98
94
94
89
78
71
70
66
60
56
44
39
32
29
13
13
8
