32764
32764
32760
32755
32752
32749
32743
32742
32740
32735
32734
32732
32731
32726
32726
32723
32720
32719
32707
32707
32697
32695
32692
32686
32683
32668
32668
32668
32657
32650
32650
32647
32646
32645
32637
32634
32633
32628
32627
32626
32624
32623
32621
32610
32596
32595
32593
32587
32569
32566
32565
32560
32560
32557
32547
32544
32540
32540
32536
32535
32530
32529
32528
32526
32525
32524
32520
32510
32510
32508
32507
32506
32506
32506
32505
32504
32502
32491
32490
32484
32481
32477
32476
32471
32468
32463
32463
32461
32459
32458
32458
32456
32456
32452
32440
32439
32433
32428
32423
32414
32410
32406
32404
32402
32398
32396
32387
32385
32381
32378
32368
32368
32366
32363
32359
32348
32341
32338
32331
32330
32325
32320
32306
32305
32304
32288
32286
32286
32285
32274
32270
32258
32256
32252
32249
32246
32243
32236
32235
32232
32229
32228
32225
32217
32212
32211
32208
32207
32200
32192
32188
32186
32186
32180
32180
32179
32178
32177
32173
32172
32169
32166
32159
32156
32148
32146
32145
32140
32132
32131
32130
32129
32125
32124
32116
32115
32112
32110
32108
32103
32102
32095
32093
32085
32083
32082
32081
32081
32080
32073
32053
32051
32048
32041
32032
32031
32022
32012
32011
32010
32006
31993
31991
31985
31984
31982
31980
31980
31968
31965
31959
31951
31950
31941
31936
31922
31917
31915
31906
31906
31904
31904
31903
31898
31891
31891
31885
31883
31881
31877
31875
31875
31873
31867
31867
31866
31865
31863
31859
31859
31857
31847
31839
31839
31836
31831
31824
31824
31820
31816
31816
31808
31806
31790
31786
31785
31775
31774
31774
31774
31766
31764
31763
31762
31758
31757
31757
31753
31749
31738
31735
31732
31729
31724
31721
31713
31712
31708
31706
31699
31694
31691
31684
31661
31647
31645
31642
31642
31637
31632
31628
31617
31611
31609
31608
31605
31601
31601
31599
31599
31595
31584
31582
31580
31579
31569
31567
31564
31562
31562
31560
31555
31550
31549
31545
31543
31541
31540
31540
31538
31534
31529
31528
31520
31520
31516
31514
31514
31511
31507
31503
31496
31487
31487
31484
31484
31473
31472
31471
31461
31459
31452
31449
31444
31442
31442
31442
31440
31438
31436
31432
31426
31419
31416
31416
31416
31416
31415
31413
31410
31406
31403
31394
31393
31391
31388
31378
31376
31373
31351
31346
31345
31345
31343
31341
31338
31337
31337
31332
31332
31328
31321
31321
31319
31312
31312
31310
31309
31304
31302
31300
31295
31291
31291
31289
31285
31280
31278
31274
31264
31264
31262
31260
31260
31258
31256
31252
31252
31248
31248
31242
31241
31237
31234
31232
31227
31224
31219
31218
31217
31216
31212
31212
31206
31205
31201
31183
31179
31178
31175
31172
31171
31170
31170
31165
31162
31159
31146
31141
31133
31133
31133
31132
31132
31126
31124
31121
31121
31119
31117
31116
31115
31114
31112
31101
31098
31080
31078
31074
31055
31038
31035
31033
31026
31025
31021
31006
31003
30994
30967
30967
30965
30963
30961
30957
30943
30942
30942
30940
30940
30939
30938
30936
30936
30934
30931
30929
30928
30924
30915
30910
30902
30901
30899
30896
30885
30883
30881
30880
30879
30872
30871
30868
30865
30865
30859
30858
30857
30849
30847
30847
30844
30836
30826
30818
30818
30818
30814
30800
30797
30795
30791
30786
30780
30777
30774
30772
30768
30768
30763
30759
30756
30740
30735
30726
30724
30723
30715
30706
30706
30703
30702
30701
30699
30694
30689
30686
30683
30682
30669
30663
30662
30660
30660
30658
30657
30652
30650
30649
30647
30647
30642
30640
30639
30632
30619
30618
30617
30612
30612
30612
30608
30604
30603
30603
30593
30583
30581
30581
30577
30577
30576
30574
30572
30569
30562
30561
30548
30541
30535
30530
30530
30525
30521
30513
30513
30510
30508
30501
30501
30499
30498
30492
30485
30483
30483
30481
30461
30460
30459
30448
30441
30439
30437
30426
30426
30420
30414
30413
30413
30411
30411
30411
30405
30402
30400
30398
30394
30392
30391
30385
30384
30378
30377
30373
30371
30369
30361
30358
30357
30357
30357
30354
30353
30348
30348
30341
30340
30337
30336
30327
30322
30318
30308
30299
30299
30291
30290
30288
30283
30279
30274
30268
30264
30260
30253
30246
30246
30242
30241
30233
30232
30226
30219
30218
30212
30210
30205
30200
30190
30175
30173
30164
30159
30159
30154
30151
30149
30146
30146
30142
30141
30138
30134
30133
30128
30125
30124
30123
30121
30115
30109
30106
30100
30097
30095
30079
30077
30077
30073
30073
30066
30064
30062
30060
30051
30051
30047
30046
30044
30040
30036
30032
30027
30025
30025
30024
30022
30022
30021
30013
30011
30006
30005
30001
29997
29995
29987
29974
29971
29964
29962
29947
29947
29941
29936
29924
29908
29908
29906
29905
29901
29890
29885
29884
29878
29874
29869
29867
29866
29862
29861
29860
29844
29839
29834
29833
29829
29827
29823
29822
29809
29807
29806
29806
29800
29787
29778
29777
29776
29773
29773
29773
29771
29770
29760
29760
29756
29748
29748
29746
29741
29740
29739
29736
29728
29724
29723
29717
29711
29708
29700
29685
29684
29675
29669
29668
29664
29663
29659
29658
29653
29650
29647
29647
29646
29641
29637
29632
29632
29625
29624
29610
29606
29603
29603
29601
29594
29590
29579
29575
29575
29569
29560
29557
29556
29546
29541
29532
29523
29521
29521
29509
29508
29504
29503
29502
29497
29496
29495
29488
29468
29466
29459
29453
29453
29452
29449
29447
29447
29440
29426
29420
29416
29406
29400
29397
29389
29388
29388
29388
29387
29381
29380
29375
29370
29369
29369
29362
29359
29357
29355
29347
29341
29338
29333
29331
29329
29326
29323
29319
29312
29309
29306
29296
29293
29292
29278
29274
29273
29270
29266
29261
29254
29234
29233
29232
29231
29229
29228
29221
29221
29217
29214
29212
29210
29195
29188
29184
29180
29179
29169
29160
29150
29140
29137
29135
29120
29117
29109
29105
29103
29101
29078
29076
29064
29058
29049
29047
29025
29014
29013
29008
29002
29001
28996
28985
28983
28980
28980
28976
28974
28973
28966
28964
28955
28944
28940
28938
28936
28929
28916
28915
28913
28905
28905
28905
28903
28901
28900
28899
28893
28890
28888
28883
28880
28878
28876
28875
28874
28869
28865
28862
28862
28859
28858
28857
28842
28840
28839
28836
28835
28834
28830
28827
28824
28823
28820
28816
28810
28809
28807
28803
28803
28795
28774
28774
28768
28767
28767
28744
28740
28737
28733
28732
28729
28727
28727
28726
28696
28686
28680
28675
28672
28664
28660
28657
28656
28653
28644
28644
28637
28628
28621
28616
28613
28601
28593
28591
28589
28584
28574
28574
28566
28566
28562
28558
28551
28547
28546
28542
28541
28532
28532
28524
28523
28522
28515
28510
28505
28500
28498
28498
28497
28496
28487
28487
28483
28481
28478
28460
28458
28454
28450
28444
28443
28435
28433
28428
28414
28410
28409
28409
28407
28398
28394
28390
28389
28388
28383
28380
28377
28368
28366
28366
28363
28362
28355
28349
28343
28335
28325
28322
28320
28311
28311
28299
28299
28297
28287
28285
28285
28283
28283
28283
28281
28279
28279
28277
28270
28262
28251
28249
28246
28246
28233
28232
28229
28225
28224
28224
28220
28212
28212
28203
28202
28201
28200
28195
28186
28183
28166
28159
28143
28141
28141
28123
28123
28119
28117
28106
28100
28097
28097
28084
28082
28076
28070
28069
28067
28066
28062
28055
28053
28053
28047
28043
28041
28037
28037
28036
28034
28025
28013
28011
28010
28009
28004
27990
27988
27987
27981
27975
27959
27956
27955
27953
27953
27950
27937
27932
27931
27916
27916
27910
27906
27888
27886
27884
27878
27864
27857
27856
27855
27854
27848
27837
27836
27834
27833
27824
27823
27820
27803
27795
27792
27789
27784
27779
27775
27775
27774
27770
27767
27765
27765
27759
27757
27755
27753
27753
27750
27741
27737
27734
27733
27724
27723
27721
27703
27702
27700
27698
27694
27687
27681
27681
27678
27668
27664
27660
27655
27652
27648
27647
27642
27640
27639
27629
27623
27614
27608
27605
27600
27596
27585
27584
27582
27581
27577
27574
27574
27573
27571
27564
27564
27563
27562
27557
27556
27554
27552
27546
27540
27538
27537
27536
27533
27522
27521
27516
27509
27507
27506
27501
27489
27487
27486
27485
27484
27483
27481
27480
27461
27461
27457
27456
27447
27444
27442
27440
27424
27418
27416
27411
27407
27390
27390
27380
27380
27379
27363
27349
27349
27348
27345
27340
27338
27333
27332
27326
27320
27317
27317
27315
27315
27313
27313
27307
27305
27303
27301
27296
27296
27295
27290
27289
27288
27288
27286
27286
27285
27282
27282
27278
27270
27268
27268
27267
27266
27262
27260
27260
27259
27258
27254
27254
27251
27248
27242
27238
27230
27225
27223
27222
27208
27207
27202
27198
27190
27174
27171
27168
27160
27160
27158
27150
27149
27145
27139
27119
27113
27113
27111
27103
27098
27080
27079
27075
27070
27070
27069
27068
27061
27061
27060
27059
27059
27057
27052
27047
27042
27021
27018
27004
26999
26994
26993
26992
26989
26986
26984
26982
26979
26972
26972
26970
26969
26969
26966
26960
26957
26956
26955
26948
26945
26939
26939
26937
26934
26931
26920
26912
26909
26907
26906
26904
26903
26901
26900
26897
26896
26895
26890
26889
26888
26888
26888
26880
26876
26863
26862
26861
26856
26848
26845
26843
26843
26838
26837
26837
26835
26827
26823
26823
26810
26807
26802
26802
26801
26798
26788
26787
26785
26783
26783
26781
26778
26770
26766
26765
26764
26761
26754
26751
26750
26748
26746
26746
26736
26735
26732
26723
26720
26718
26716
26709
26707
26697
26697
26693
26690
26681
26679
26678
26678
26671
26664
26653
26651
26650
26643
26641
26633
26632
26631
26623
26621
26610
26609
26609
26605
26585
26581
26580
26576
26568
26568
26560
26559
26558
26544
26538
26537
26532
26526
26522
26513
26511
26510
26509
26506
26499
26496
26496
26495
26494
26492
26489
26483
26472
26472
26465
26454
26454
26433
26425
26420
26419
26412
26402
26399
26399
26397
26391
26389
26387
26386
26379
26361
26359
26358
26358
26355
26347
26343
26336
26335
26332
26331
26328
26322
26321
26317
26309
26301
26298
26294
26294
26293
26292
26290
26284
26284
26282
26269
26264
26259
26256
26256
26254
26246
26241
26238
26237
26235
26235
26232
26223
26216
26214
26206
26206
26205
26199
26198
26196
26193
26185
26184
26177
26175
26167
26165
26163
26156
26154
26153
26149
26145
26143
26142
26141
26141
26138
26137
26136
26129
26127
26126
26124
26124
26121
26117
26111
26100
26096
26093
26091
26088
26084
26080
26078
26075
26069
26067
26051
26047
26043
26037
26036
26035
26034
26033
26030
26025
26023
26017
26008
26005
26004
26000
25996
25995
25991
25981
25980
25978
25977
25974
25960
25947
25946
25932
25927
25915
25913
25911
25910
25908
25893
25893
25893
25890
25872
25867
25865
25863
25861
25860
25855
25854
25854
25842
25841
25840
25830
25824
25823
25815
25815
25807
25805
25802
25799
25796
25793
25791
25789
25787
25786
25781
25780
25778
25778
25774
25771
25765
25762
25760
25757
25750
25747
25733
25731
25724
25721
25719
25717
25709
25706
25690
25690
25686
25686
25682
25680
25679
25674
25672
25668
25665
25657
25657
25655
25645
25641
25640
25638
25633
25631
25629
25628
25625
25614
25613
25611
25609
25599
25599
25591
25580
25561
25561
25559
25559
25543
25541
25539
25528
25527
25527
25526
25510
25506
25505
25492
25489
25487
25483
25483
25480
25478
25477
25472
25464
25457
25453
25452
25445
25435
25434
25430
25409
25389
25379
25376
25334
25327
25322
25319
25310
25303
25298
25297
25290
25286
25286
25281
25281
25280
25278
25272
25271
25269
25259
25256
25255
25251
25250
25242
25237
25231
25226
25224
25220
25217
25210
25206
25200
25198
25197
25196
25196
25196
25195
25194
25186
25184
25178
25172
25171
25170
25168
25166
25166
25163
25156
25152
25144
25129
25123
25122
25120
25115
25111
25106
25105
25104
25102
25101
25098
25092
25087
25087
25069
25067
25056
25055
25055
25046
25045
25035
25029
25024
25009
24999
24994
24990
24982
24982
24975
24975
24971
24968
24967
24959
24958
24951
24948
24948
24946
24937
24935
24923
24921
24915
24910
24906
24905
24903
24902
24898
24896
24889
24884
24881
24870
24869
24867
24865
24861
24861
24860
24853
24851
24850
24847
24842
24842
24842
24839
24837
24834
24834
24826
24826
24818
24809
24805
24803
24801
24801
24796
24796
24795
24789
24779
24779
24778
24775
24772
24766
24765
24764
24764
24760
24758
24757
24756
24745
24742
24739
24738
24737
24734
24733
24733
24731
24724
24721
24717
24716
24706
24705
24703
24698
24696
24695
24692
24689
24678
24653
24653
24649
24644
24636
24633
24632
24624
24623
24620
24618
24615
24611
24608
24598
24593
24586
24583
24576
24575
24575
24574
24572
24564
24564
24555
24554
24552
24544
24544
24542
24541
24540
24537
24533
24530
24530
24526
24522
24521
24515
24514
24512
24512
24510
24506
24498
24497
24493
24493
24493
24492
24485
24483
24472
24466
24465
24464
24463
24457
24451
24447
24440
24433
24426
24425
24416
24414
24409
24393
24383
24376
24376
24373
24368
24361
24361
24360
24359
24358
24356
24352
24344
24343
24343
24342
24340
24339
24335
24330
24294
24289
24289
24288
24287
24287
24281
24281
24280
24275
24269
24269
24257
24254
24254
24250
24249
24244
24235
24225
24222
24221
24218
24217
24213
24213
24212
24212
24207
24201
24199
24198
24196
24188
24186
24179
24178
24176
24172
24170
24168
24167
24163
24163
24153
24151
24148
24144
24131
24128
24121
24115
24114
24107
24101
24099
24095
24089
24088
24087
24080
24079
24077
24067
24064
24062
24059
24056
24055
24053
24052
24052
24048
24046
24041
24039
24032
24029
24027
24020
24017
24015
24005
24001
23998
23992
23987
23986
23980
23978
23971
23962
23959
23958
23953
23952
23950
23946
23925
23924
23918
23916
23907
23906
23900
23896
23893
23893
23891
23889
23889
23886
23884
23882
23881
23876
23870
23869
23865
23864
23863
23862
23860
23853
23847
23839
23838
23837
23833
23831
23830
23827
23825
23811
23809
23808
23803
23796
23794
23794
23786
23776
23776
23763
23759
23758
23755
23752
23747
23746
23745
23744
23743
23733
23731
23724
23719
23717
23714
23703
23697
23697
23696
23694
23693
23688
23688
23681
23678
23674
23661
23661
23647
23642
23636
23632
23632
23624
23622
23619
23611
23609
23609
23599
23597
23596
23595
23593
23588
23586
23582
23577
23573
23570
23567
23566
23565
23562
23561
23556
23553
23551
23538
23534
23531
23531
23524
23521
23518
23516
23510
23496
23493
23488
23488
23487
23486
23483
23479
23475
23472
23472
23467
23454
23450
23448
23445
23441
23438
23432
23425
23419
23416
23414
23409
23405
23403
23392
23389
23388
23387
23383
23382
23382
23378
23375
23374
23374
23372
23371
23368
23360
23348
23346
23345
23342
23340
23337
23332
23330
23327
23326
23323
23322
23321
23319
23313
23311
23308
23302
23301
23300
23298
23289
23257
23254
23254
23249
23247
23245
23241
23235
23229
23229
23221
23214
23212
23202
23196
23191
23181
23180
23176
23172
23171
23169
23165
23163
23160
23160
23154
23153
23152
23152
23151
23150
23148
23144
23141
23137
23135
23130
23126
23120
23116
23116
23115
23109
23097
23096
23090
23090
23080
23077
23067
23066
23064
23060
23058
23055
23044
23043
23041
23039
23014
23012
23012
23012
23010
22997
22997
22990
22984
22984
22980
22976
22974
22967
22961
22959
22945
22935
22927
22918
22918
22916
22904
22897
22892
22887
22878
22875
22873
22866
22853
22853
22849
22846
22837
22834
22823
22816
22809
22807
22806
22801
22798
22791
22776
22760
22754
22751
22748
22739
22731
22720
22719
22708
22708
22702
22697
22697
22692
22687
22678
22678
22674
22672
22670
22664
22657
22642
22637
22635
22629
22625
22625
22623
22621
22605
22605
22600
22575
22567
22567
22567
22557
22556
22554
22540
22533
22532
22531
22531
22531
22528
22526
22519
22513
22506
22504
22504
22499
22499
22494
22488
22486
22484
22482
22476
22473
22465
22465
22462
22457
22454
22453
22451
22451
22435
22434
22434
22432
22428
22428
22428
22427
22417
22403
22401
22398
22393
22391
22385
22380
22374
22368
22367
22365
22355
22353
22352
22351
22348
22348
22346
22341
22334
22329
22329
22323
22320
22317
22316
22315
22312
22309
22301
22299
22298
22294
22293
22293
22292
22291
22288
22277
22273
22267
22255
22253
22245
22235
22227
22207
22205
22201
22199
22194
22182
22178
22176
22175
22174
22174
22170
22168
22163
22156
22150
22149
22148
22144
22131
22130
22127
22124
22123
22122
22111
22105
22104
22101
22098
22098
22095
22088
22088
22086
22082
22080
22080
22078
22065
22062
22052
22051
22034
22032
22026
22012
22008
22007
22006
22002
22000
21990
21989
21981
21980
21976
21972
21970
21970
21967
21965
21960
21956
21950
21948
21945
21941
21939
21938
21937
21937
21935
21933
21931
21921
21916
21913
21908
21908
21904
21902
21899
21895
21894
21886
21884
21879
21872
21867
21862
21862
21856
21856
21849
21825
21825
21817
21813
21812
21810
21798
21797
21794
21793
21793
21792
21776
21772
21772
21761
21756
21754
21746
21739
21738
21731
21730
21727
21726
21725
21724
21710
21703
21700
21698
21697
21685
21683
21682
21680
21664
21645
21640
21639
21634
21631
21623
21620
21611
21610
21610
21589
21584
21582
21578
21574
21570
21568
21567
21566
21556
21549
21548
21541
21537
21537
21535
21534
21532
21531
21530
21528
21524
21523
21522
21510
21509
21506
21505
21505
21494
21493
21491
21488
21488
21481
21481
21480
21477
21473
21470
21470
21469
21464
21464
21461
21458
21452
21442
21442
21441
21441
21423
21421
21421
21407
21402
21400
21398
21396
21393
21392
21392
21388
21379
21377
21370
21369
21369
21367
21366
21365
21364
21357
21355
21347
21342
21340
21330
21328
21328
21321
21320
21312
21312
21308
21306
21300
21299
21299
21291
21291
21290
21289
21288
21283
21272
21263
21263
21259
21255
21254
21254
21253
21252
21252
21242
21241
21221
21204
21204
21204
21199
21196
21190
21186
21180
21178
21175
21169
21165
21151
21146
21145
21145
21144
21142
21136
21134
21133
21132
21131
21130
21125
21124
21124
21118
21111
21102
21089
21082
21072
21066
21063
21061
21056
21053
21052
21039
21035
21033
21026
21026
21022
21021
21020
21019
21013
21002
21002
21001
21000
21000
20999
20998
20998
20993
20991
20990
20986
20985
20982
20979
20969
20959
20958
20956
20951
20944
20939
20937
20935
20934
20931
20929
20925
20920
20919
20919
20910
20907
20897
20892
20888
20884
20884
20880
20878
20876
20873
20872
20871
20871
20865
20864
20864
20864
20861
20860
20859
20854
20851
20843
20842
20841
20837
20835
20824
20824
20822
20821
20819
20818
20801
20800
20790
20788
20787
20783
20771
20766
20765
20763
20763
20760
20755
20751
20748
20748
20740
20738
20723
20720
20718
20717
20713
20706
20700
20698
20697
20693
20691
20683
20680
20680
20668
20655
20644
20642
20641
20641
20639
20639
20638
20634
20634
20617
20614
20609
20593
20592
20590
20588
20584
20583
20582
20579
20576
20576
20572
20567
20567
20563
20555
20550
20549
20546
20544
20541
20541
20538
20537
20537
20528
20525
20518
20514
20512
20511
20506
20505
20504
20503
20502
20500
20490
20490
20488
20488
20480
20470
20466
20464
20454
20453
20450
20450
20443
20443
20439
20438
20436
20435
20433
20426
20424
20421
20417
20414
20413
20408
20405
20401
20401
20397
20397
20395
20390
20390
20390
20388
20387
20386
20384
20381
20381
20371
20368
20366
20364
20358
20355
20354
20351
20347
20347
20343
20340
20333
20330
20328
20326
20319
20317
20311
20309
20307
20298
20296
20280
20278
20276
20275
20263
20262
20257
20255
20254
20249
20249
20236
20228
20225
20224
20223
20221
20219
20215
20214
20210
20210
20205
20202
20202
20200
20199
20187
20183
20178
20176
20173
20170
20165
20164
20164
20161
20158
20153
20152
20144
20138
20125
20124
20122
20111
20110
20107
20104
20095
20095
20094
20090
20086
20069
20069
20065
20064
20057
20056
20054
20054
20052
20051
20049
20047
20046
20038
20037
20037
20030
20029
20027
20022
20021
20017
20005
20001
19999
19994
19994
19993
19987
19986
19982
19982
19981
19980
19979
19975
19975
19974
19972
19970
19967
19959
19958
19949
19947
19940
19938
19937
19935
19933
19933
19930
19929
19924
19906
19899
19890
19887
19882
19874
19873
19866
19863
19862
19861
19856
19854
19850
19849
19846
19845
19843
19832
19824
19817
19808
19795
19792
19786
19783
19777
19776
19770
19767
19767
19760
19754
19745
19744
19744
19737
19737
19732
19732
19728
19725
19711
19709
19706
19698
19696
19695
19688
19687
19683
19678
19674
19669
19663
19662
19662
19661
19661
19659
19657
19656
19651
19643
19641
19633
19625
19617
19613
19608
19599
19598
19596
19588
19586
19581
19576
19571
19562
19558
19556
19554
19551
19549
19547
19540
19539
19535
19533
19532
19529
19515
19514
19513
19512
19499
19498
19496
19482
19474
19468
19464
19463
19461
19460
19459
19455
19452
19450
19448
19440
19427
19423
19422
19415
19412
19401
19396
19395
19394
19392
19388
19383
19383
19378
19378
19366
19354
19354
19340
19339
19332
19325
19324
19315
19313
19313
19311
19311
19310
19307
19304
19303
19291
19281
19280
19276
19262
19259
19257
19249
19244
19238
19232
19224
19214
19209
19205
19204
19204
19195
19189
19189
19189
19173
19171
19166
19159
19158
19153
19150
19149
19145
19144
19143
19136
19129
19120
19117
19110
19103
19098
19096
19093
19090
19089
19083
19074
19063
19063
19060
19060
19058
19046
19043
19042
19041
19036
19036
19034
19027
19019
19018
19016
19012
19012
19003
19001
18997
18994
18994
18994
18993
18991
18972
18963
18962
18960
18959
18957
18950
18935
18933
18919
18913
18912
18908
18900
18899
18886
18885
18885
18881
18880
18879
18874
18872
18872
18860
18858
18854
18851
18848
18847
18846
18843
18840
18837
18833
18827
18826
18820
18819
18818
18818
18818
18817
18803
18797
18795
18791
18788
18787
18785
18785
18785
18780
18776
18763
18761
18758
18758
18748
18748
18746
18745
18745
18741
18740
18739
18723
18717
18713
18710
18710
18707
18700
18675
18667
18666
18664
18658
18658
18656
18649
18633
18631
18622
18618
18617
18615
18604
18604
18596
18591
18583
18579
18576
18567
18561
18558
18556
18556
18555
18554
18554
18552
18545
18533
18530
18521
18511
18509
18508
18503
18502
18500
18488
18482
18478
18472
18472
18469
18468
18467
18461
18459
18453
18449
18449
18446
18446
18434
18430
18424
18424
18416
18414
18405
18399
18396
18389
18386
18383
18382
18381
18377
18376
18373
18371
18361
18361
18353
18350
18347
18345
18330
18330
18324
18319
18314
18313
18312
18300
18297
18297
18297
18290
18290
18287
18284
18284
18282
18280
18276
18269
18261
18256
18255
18249
18240
18238
18237
18234
18225
18216
18215
18194
18193
18181
18181
18179
18178
18178
18174
18164
18161
18154
18153
18151
18147
18133
18128
18124
18116
18114
18113
18093
18077
18076
18076
18075
18069
18059
18058
18054
18042
18039
18035
18034
18031
18030
18021
18015
18015
18015
18006
18004
18003
17997
17993
17992
17992
17976
17964
17962
17956
17948
17944
17944
17941
17941
17933
17929
17926
17923
17916
17915
17911
17911
17907
17904
17904
17899
17895
17891
17886
17886
17881
17881
17878
17870
17866
17866
17865
17845
17827
17826
17823
17820
17809
17809
17808
17806
17805
17804
17799
17799
17797
17796
17796
17795
17793
17793
17779
17779
17772
17771
17770
17769
17765
17765
17763
17759
17749
17747
17737
17730
17720
17718
17716
17713
17710
17708
17707
17705
17701
17685
17685
17668
17667
17666
17664
17658
17657
17641
17640
17635
17634
17633
17631
17625
17621
17617
17616
17614
17613
17611
17610
17608
17606
17600
17593
17586
17586
17584
17584
17581
17577
17577
17575
17571
17558
17556
17546
17544
17541
17539
17537
17533
17531
17527
17527
17523
17516
17513
17513
17513
17513
17503
17501
17500
17499
17498
17497
17496
17485
17480
17478
17476
17475
17474
17472
17470
17461
17451
17446
17437
17431
17428
17418
17416
17414
17414
17410
17409
17408
17404
17403
17398
17397
17395
17393
17387
17387
17386
17385
17384
17376
17375
17374
17371
17361
17358
17354
17351
17341
17335
17334
17319
17309
17308
17306
17296
17294
17290
17290
17286
17281
17280
17269
17261
17260
17259
17254
17245
17243
17241
17232
17232
17229
17224
17223
17211
17205
17200
17198
17195
17192
17189
17189
17188
17183
17179
17176
17163
17160
17159
17154
17147
17143
17141
17139
17137
17123
17115
17109
17100
17098
17093
17091
17090
17088
17086
17078
17075
17075
17066
17063
17061
17055
17055
17051
17046
17046
17045
17044
17038
17038
17038
17035
17029
17021
17019
17018
17017
17015
17000
16999
16989
16987
16986
16982
16982
16979
16971
16971
16957
16957
16950
16942
16924
16921
16920
16919
16918
16914
16913
16911
16909
16906
16898
16896
16894
16891
16883
16877
16875
16873
16871
16869
16861
16855
16850
16849
16847
16845
16844
16842
16841
16840
16839
16838
16832
16828
16828
16823
16820
16817
16816
16811
16807
16799
16796
16790
16789
16782
16777
16777
16777
16771
16766
16760
16760
16750
16748
16746
16745
16743
16740
16739
16739
16732
16729
16727
16724
16723
16721
16721
16713
16710
16705
16702
16676
16672
16670
16663
16658
16655
16654
16648
16648
16643
16638
16633
16629
16623
16614
16613
16611
16611
16610
16602
16600
16596
16580
16579
16578
16575
16571
16570
16566
16565
16563
16561
16560
16557
16555
16547
16545
16542
16537
16537
16536
16524
16522
16521
16517
16517
16517
16515
16514
16513
16506
16506
16503
16498
16494
16491
16489
16489
16489
16488
16483
16476
16469
16467
16462
16455
16453
16450
16440
16440
16431
16428
16427
16423
16414
16408
16405
16403
16399
16397
16390
16366
16363
16361
16361
16360
16353
16343
16337
16333
16326
16325
16323
16320
16316
16315
16311
16301
16301
16300
16299
16281
16279
16274
16269
16255
16253
16250
16247
16240
16238
16236
16236
16235
16233
16226
16225
16225
16221
16219
16218
16213
16206
16196
16185
16185
16181
16166
16159
16156
16146
16142
16139
16138
16137
16137
16132
16127
16122
16121
16116
16114
16109
16105
16101
16100
16097
16095
16069
16057
16056
16052
16050
16048
16048
16048
16046
16042
16041
16038
16027
16026
16018
16017
16011
16011
16008
16007
16005
16003
15995
15989
15988
15983
15977
15966
15964
15963
15961
15959
15958
15954
15953
15950
15946
15946
15942
15929
15926
15923
15916
15915
15909
15903
15901
15898
15891
15885
15874
15868
15867
15862
15855
15851
15850
15848
15847
15836
15834
15832
15829
15822
15821
15811
15810
15809
15797
15796
15793
15777
15769
15769
15767
15761
15759
15746
15739
15738
15728
15724
15722
15721
15712
15709
15705
15705
15691
15688
15687
15686
15685
15684
15683
15682
15680
15669
15665
15664
15663
15661
15660
15658
15655
15652
15644
15635
15634
15621
15610
15609
15605
15603
15597
15596
15587
15586
15581
15579
15576
15575
15574
15565
15564
15563
15562
15554
15535
15535
15520
15512
15508
15506
15501
15488
15486
15483
15478
15473
15466
15459
15458
15446
15444
15440
15439
15438
15437
15437
15434
15433
15430
15419
15417
15414
15409
15406
15400
15392
15392
15390
15385
15381
15379
15374
15373
15371
15361
15358
15351
15351
15348
15347
15346
15338
15338
15337
15336
15331
15327
15324
15316
15315
15310
15298
15295
15291
15288
15285
15280
15280
15275
15264
15260
15257
15253
15250
15250
15240
15231
15229
15225
15220
15214
15213
15203
15200
15199
15197
15186
15182
15181
15174
15171
15170
15167
15159
15158
15151
15148
15138
15137
15136
15136
15132
15131
15128
15117
15117
15114
15110
15104
15103
15093
15083
15082
15080
15064
15063
15061
15059
15058
15048
15045
15031
15024
15024
15018
15018
15014
15013
15010
15008
15001
14995
14994
14992
14991
14986
14986
14978
14974
14971
14970
14967
14965
14963
14954
14954
14950
14945
14942
14938
14931
14930
14919
14916
14911
14906
14904
14904
14900
14899
14898
14895
14886
14867
14866
14863
14856
14855
14850
14828
14826
14824
14821
14812
14809
14805
14803
14800
14800
14796
14796
14796
14792
14789
14787
14786
14785
14775
14774
14771
14768
14764
14762
14760
14755
14752
14749
14746
14743
14739
14735
14726
14720
14719
14715
14700
14697
14692
14691
14689
14683
14677
14665
14665
14658
14652
14639
14636
14634
14632
14626
14621
14609
14600
14599
14596
14595
14588
14587
14586
14584
14583
14580
14579
14573
14572
14570
14547
14541
14533
14532
14530
14530
14530
14528
14525
14525
14521
14499
14496
14468
14462
14462
14458
14451
14449
14448
14445
14443
14440
14430
14429
14427
14422
14414
14409
14404
14401
14401
14399
14399
14398
14396
14384
14381
14376
14366
14362
14360
14360
14357
14356
14349
14349
14346
14346
14345
14343
14340
14330
14328
14327
14324
14323
14313
14306
14301
14300
14299
14291
14290
14281
14279
14276
14274
14273
14268
14266
14260
14258
14257
14256
14249
14248
14247
14244
14240
14227
14224
14224
14224
14222
14222
14221
14221
14220
14209
14205
14184
14175
14171
14167
14161
14153
14150
14150
14149
14146
14142
14138
14136
14136
14128
14124
14123
14116
14115
14107
14105
14102
14097
14095
14094
14092
14091
14087
14082
14080
14074
14074
14072
14072
14067
14065
14063
14048
14045
14044
14039
14033
14031
14030
14025
14025
14023
14022
14005
14001
13998
13995
13992
13990
13989
13977
13977
13973
13970
13959
13936
13933
13931
13931
13927
13926
13926
13917
13916
13915
13914
13913
13911
13904
13903
13901
13894
13893
13890
13889
13888
13884
13880
13875
13866
13864
13862
13861
13857
13854
13845
13844
13834
13829
13823
13820
13815
13809
13805
13801
13800
13800
13798
13793
13787
13786
13784
13776
13774
13762
13761
13759
13744
13743
13738
13725
13719
13714
13713
13711
13700
13699
13690
13687
13682
13678
13661
13660
13657
13655
13653
13647
13642
13638
13636
13635
13634
13627
13620
13614
13612
13608
13604
13601
13586
13583
13578
13567
13559
13554
13552
13551
13551
13546
13543
13538
13533
13531
13529
13528
13515
13513
13512
13511
13498
13496
13495
13488
13487
13487
13484
13481
13477
13477
13466
13453
13449
13447
13440
13434
13434
13430
13428
13422
13412
13410
13409
13397
13390
13384
13382
13372
13371
13370
13370
13368
13361
13359
13357
13351
13350
13339
13336
13336
13333
13319
13317
13304
13299
13298
13298
13292
13287
13283
13280
13278
13273
13271
13266
13265
13264
13257
13255
13254
13248
13247
13243
13242
13242
13239
13235
13231
13231
13229
13224
13219
13219
13213
13208
13206
13206
13205
13202
13198
13191
13190
13188
13184
13180
13180
13169
13152
13149
13145
13127
13124
13123
13121
13120
13118
13117
13110
13108
13106
13103
13098
13097
13092
13087
13084
13079
13073
13064
13062
13059
13058
13057
13057
13055
13053
13047
13046
13045
13037
13029
13021
13013
13013
13009
13008
12997
12993
12992
12984
12983
12981
12980
12978
12971
12969
12967
12951
12932
12911
12908
12906
12898
12894
12885
12879
12870
12861
12860
12846
12843
12842
12838
12837
12834
12824
12822
12813
12801
12800
12798
12795
12793
12790
12788
12783
12782
12778
12777
12772
12763
12761
12753
12741
12730
12730
12728
12728
12728
12725
12718
12714
12714
12713
12706
12704
12698
12698
12697
12695
12693
12691
12691
12680
12664
12655
12653
12652
12648
12642
12642
12631
12629
12625
12625
12620
12613
12611
12605
12597
12587
12584
12580
12577
12575
12574
12568
12562
12559
12558
12549
12546
12545
12544
12543
12540
12539
12538
12536
12535
12530
12527
12522
12522
12521
12518
12515
12513
12511
12508
12503
12498
12497
12496
12491
12490
12489
12488
12480
12478
12476
12471
12470
12463
12462
12459
12458
12456
12450
12450
12444
12436
12427
12425
12412
12409
12402
12401
12391
12390
12390
12389
12387
12387
12384
12382
12380
12379
12375
12375
12374
12367
12360
12355
12348
12344
12326
12326
12318
12308
12301
12297
12295
12288
12287
12286
12285
12282
12270
12269
12262
12260
12256
12255
12253
12252
12250
12249
12243
12235
12234
12232
12225
12221
12211
12199
12194
12194
12184
12182
12165
12160
12158
12158
12156
12153
12152
12149
12146
12143
12137
12136
12133
12132
12128
12126
12125
12123
12121
12118
12112
12109
12109
12098
12096
12088
12081
12079
12071
12071
12068
12064
12059
12055
12053
12051
12046
12035
12033
12021
12020
12014
12004
12003
12002
12000
11998
11997
11982
11982
11977
11963
11963
11958
11949
11947
11941
11936
11931
11921
11918
11918
11915
11913
11906
11900
11897
11892
11890
11878
11875
11872
11869
11868
11861
11860
11859
11858
11857
11848
11847
11846
11831
11827
11820
11818
11813
11813
11806
11804
11801
11780
11778
11777
11776
11776
11755
11752
11750
11749
11749
11747
11743
11741
11738
11737
11732
11729
11729
11728
11716
11715
11713
11701
11693
11692
11684
11679
11676
11676
11669
11667
11660
11658
11657
11648
11643
11638
11635
11634
11624
11623
11621
11612
11611
11582
11581
11580
11569
11566
11561
11558
11558
11550
11545
11545
11533
11532
11530
11526
11518
11518
11514
11511
11509
11509
11508
11505
11498
11496
11495
11494
11492
11489
11488
11486
11463
11455
11452
11451
11438
11431
11429
11416
11409
11403
11400
11397
11389
11379
11374
11372
11366
11366
11359
11357
11352
11344
11334
11334
11331
11330
11330
11329
11323
11318
11314
11314
11313
11305
11303
11302
11302
11301
11299
11295
11292
11283
11280
11273
11271
11269
11268
11263
11262
11259
11253
11251
11250
11249
11246
11246
11243
11237
11236
11230
11229
11215
11208
11207
11205
11201
11200
11191
11185
11184
11183
11177
11171
11170
11170
11169
11168
11164
11163
11163
11158
11152
11152
11151
11151
11151
11149
11147
11144
11142
11136
11133
11132
11130
11129
11127
11122
11119
11115
11109
11107
11107
11106
11103
11098
11098
11095
11092
11076
11069
11063
11058
11045
11043
11036
11018
11016
11015
11004
11003
10999
10999
10996
10992
10990
10988
10988
10983
10975
10973
10972
10945
10935
10933
10931
10926
10925
10924
10920
10918
10918
10913
10913
10907
10898
10890
10889
10886
10874
10859
10853
10851
10849
10843
10831
10820
10820
10816
10809
10806
10804
10803
10794
10789
10787
10779
10776
10774
10774
10771
10768
10764
10762
10762
10760
10757
10755
10753
10749
10748
10748
10748
10745
10734
10732
10731
10729
10718
10716
10714
10713
10703
10700
10696
10692
10688
10686
10680
10675
10663
10661
10660
10656
10650
10648
10646
10644
10640
10635
10632
10628
10623
10621
10618
10616
10614
10614
10613
10609
10605
10596
10594
10579
10578
10578
10572
10572
10571
10567
10567
10561
10556
10549
10544
10531
10527
10522
10520
10517
10504
10504
10503
10493
10487
10485
10485
10485
10482
10476
10474
10474
10470
10459
10458
10457
10455
10455
10452
10450
10441
10437
10436
10436
10427
10425
10416
10411
10407
10407
10404
10400
10397
10385
10383
10364
10364
10362
10359
10359
10344
10340
10339
10337
10337
10328
10327
10321
10315
10314
10310
10295
10294
10289
10281
10268
10262
10260
10253
10252
10250
10248
10245
10244
10238
10229
10228
10223
10221
10203
10198
10184
10179
10177
10168
10164
10157
10155
10153
10144
10140
10140
10140
10139
10135
10132
10132
10123
10119
10115
10113
10112
10107
10102
10093
10093
10088
10079
10078
10073
10071
10066
10059
10056
10052
10051
10048
10047
10047
10046
10046
10045
10037
10033
10027
10024
10004
10004
10003
9998
9994
9991
9991
9979
9979
9978
9977
9975
9974
9973
9971
9970
9965
9964
9963
9961
9958
9956
9952
9942
9939
9936
9936
9927
9925
9924
9915
9911
9911
9904
9891
9888
9882
9878
9877
9875
9872
9871
9862
9847
9845
9843
9839
9837
9837
9832
9826
9823
9821
9819
9818
9816
9812
9792
9784
9781
9779
9778
9775
9769
9769
9768
9767
9761
9757
9756
9754
9753
9751
9751
9736
9733
9730
9730
9728
9727
9727
9719
9719
9717
9715
9710
9699
9698
9696
9694
9693
9689
9689
9686
9683
9681
9677
9656
9656
9653
9653
9648
9647
9642
9639
9638
9636
9635
9629
9627
9623
9620
9619
9619
9604
9603
9601
9595
9594
9591
9586
9582
9581
9573
9569
9566
9565
9564
9564
9563
9555
9545
9532
9531
9522
9517
9512
9512
9510
9509
9507
9497
9496
9494
9492
9490
9488
9483
9479
9477
9474
9471
9468
9467
9462
9453
9448
9442
9442
9440
9439
9433
9429
9425
9421
9415
9412
9411
9409
9401
9389
9384
9382
9372
9371
9367
9366
9365
9363
9354
9353
9351
9335
9332
9331
9330
9328
9323
9323
9323
9306
9290
9282
9280
9276
9273
9271
9268
9256
9255
9255
9252
9223
9222
9220
9220
9213
9212
9212
9196
9192
9191
9186
9178
9172
9168
9167
9163
9161
9160
9160
9152
9150
9148
9143
9138
9137
9134
9134
9132
9131
9125
9107
9099
9097
9095
9094
9094
9093
9086
9084
9084
9082
9081
9067
9062
9061
9060
9059
9049
9045
9042
9032
9023
9022
9022
9014
9010
9010
9010
9005
8996
8990
8984
8978
8968
8967
8967
8964
8945
8945
8937
8920
8917
8915
8912
8908
8903
8895
8892
8892
8890
8878
8875
8873
8869
8862
8859
8853
8851
8848
8848
8847
8842
8842
8835
8822
8818
8811
8808
8806
8803
8800
8794
8791
8782
8781
8777
8774
8772
8770
8768
8763
8759
8748
8747
8747
8747
8746
8742
8742
8739
8727
8726
8722
8718
8718
8717
8707
8700
8697
8693
8692
8689
8688
8681
8669
8663
8656
8650
8649
8646
8641
8637
8632
8630
8630
8625
8625
8622
8603
8602
8599
8597
8586
8584
8584
8577
8570
8566
8561
8557
8551
8546
8546
8543
8541
8537
8537
8531
8531
8529
8527
8515
8514
8509
8499
8498
8497
8490
8488
8478
8477
8464
8460
8456
8434
8431
8429
8423
8418
8415
8412
8412
8405
8402
8398
8398
8396
8393
8386
8385
8378
8368
8367
8364
8362
8356
8352
8350
8349
8347
8339
8336
8332
8332
8329
8325
8325
8322
8313
8308
8305
8302
8298
8283
8273
8272
8264
8263
8261
8261
8260
8259
8258
8256
8255
8252
8242
8240
8235
8234
8232
8220
8218
8207
8206
8205
8195
8186
8185
8184
8181
8158
8157
8154
8152
8144
8141
8137
8136
8135
8133
8123
8116
8115
8114
8109
8101
8095
8095
8094
8080
8079
8077
8077
8067
8066
8062
8061
8053
8049
8037
8037
8029
8020
8016
8013
8011
8008
8008
8003
7988
7979
7975
7973
7971
7971
7968
7957
7953
7949
7946
7945
7943
7936
7933
7933
7926
7925
7921
7915
7915
7912
7908
7889
7887
7886
7869
7864
7863
7860
7857
7854
7854
7850
7846
7830
7829
7814
7806
7798
7798
7791
7790
7789
7788
7787
7787
7775
7773
7769
7767
7766
7759
7758
7751
7749
7747
7741
7741
7740
7738
7724
7716
7714
7712
7710
7706
7704
7703
7702
7702
7696
7695
7695
7689
7688
7687
7682
7679
7675
7661
7648
7634
7629
7626
7624
7623
7617
7605
7594
7594
7592
7586
7573
7565
7559
7559
7554
7554
7553
7552
7549
7547
7547
7542
7541
7537
7534
7531
7525
7524
7524
7516
7513
7512
7502
7497
7495
7493
7493
7490
7488
7478
7475
7471
7468
7461
7460
7459
7451
7450
7434
7428
7421
7413
7410
7410
7407
7405
7403
7399
7399
7393
7392
7385
7379
7379
7377
7373
7367
7366
7360
7344
7340
7329
7325
7322
7319
7317
7317
7314
7313
7311
7304
7293
7285
7279
7279
7278
7263
7244
7244
7242
7242
7239
7236
7231
7230
7226
7221
7221
7216
7213
7206
7202
7202
7198
7193
7193
7190
7185
7182
7176
7169
7169
7166
7163
7160
7155
7153
7153
7151
7143
7142
7138
7132
7131
7130
7127
7126
7126
7120
7115
7113
7110
7105
7104
7102
7100
7093
7089
7087
7081
7075
7070
7067
7060
7059
7057
7051
7048
7042
7041
7040
7036
7030
7030
7029
7026
7024
7012
7007
7004
7003
7002
6999
6988
6985
6983
6980
6979
6978
6974
6960
6959
6955
6947
6947
6918
6916
6916
6916
6912
6910
6910
6910
6898
6895
6893
6892
6892
6880
6876
6876
6875
6874
6867
6867
6860
6858
6857
6855
6845
6844
6834
6832
6832
6830
6826
6822
6821
6808
6799
6794
6793
6791
6790
6789
6773
6772
6771
6762
6749
6745
6745
6739
6708
6706
6705
6704
6704
6697
6696
6682
6680
6666
6664
6660
6657
6656
6651
6648
6641
6638
6634
6633
6622
6621
6618
6614
6609
6601
6596
6593
6592
6590
6586
6581
6580
6576
6572
6553
6548
6547
6543
6543
6540
6535
6535
6532
6506
6503
6501
6500
6498
6492
6489
6488
6481
6479
6478
6471
6467
6463
6461
6457
6456
6455
6455
6454
6453
6449
6444
6440
6438
6432
6431
6423
6416
6407
6395
6395
6391
6390
6388
6388
6388
6387
6387
6386
6370
6367
6366
6363
6361
6358
6352
6349
6348
6333
6328
6326
6312
6310
6308
6301
6300
6298
6295
6294
6293
6293
6291
6290
6281
6280
6263
6253
6250
6236
6232
6231
6229
6229
6217
6212
6208
6208
6200
6191
6189
6179
6173
6164
6161
6159
6159
6158
6158
6150
6147
6145
6144
6144
6140
6128
6124
6122
6113
6102
6096
6094
6090
6088
6088
6078
6063
6063
6063
6061
6060
6060
6051
6050
6048
6046
6041
6014
6012
6011
6010
5999
5996
5991
5986
5985
5984
5975
5972
5971
5967
5967
5964
5960
5947
5944
5937
5936
5931
5923
5921
5916
5914
5911
5904
5902
5899
5898
5894
5891
5890
5887
5886
5885
5875
5870
5867
5861
5858
5856
5850
5848
5848
5846
5845
5844
5843
5842
5833
5832
5831
5831
5829
5827
5818
5817
5816
5807
5807
5804
5803
5801
5801
5796
5794
5789
5788
5785
5772
5770
5770
5764
5762
5761
5759
5756
5753
5752
5743
5737
5735
5733
5726
5726
5724
5722
5715
5709
5707
5703
5696
5691
5678
5674
5669
5666
5666
5663
5662
5658
5655
5647
5642
5639
5635
5629
5626
5623
5621
5619
5603
5598
5597
5597
5596
5592
5590
5590
5588
5587
5586
5580
5578
5570
5560
5560
5557
5552
5549
5548
5547
5546
5539
5537
5535
5533
5526
5513
5513
5513
5510
5510
5507
5503
5497
5495
5493
5487
5485
5467
5465
5464
5448
5440
5438
5431
5429
5428
5416
5416
5416
5405
5403
5403
5402
5397
5397
5397
5394
5392
5389
5378
5378
5377
5376
5373
5371
5369
5358
5351
5349
5348
5347
5335
5334
5330
5323
5315
5314
5313
5311
5308
5298
5295
5292
5277
5275
5267
5255
5245
5242
5241
5240
5240
5236
5235
5231
5227
5217
5217
5215
5214
5198
5182
5179
5154
5145
5142
5142
5140
5138
5127
5123
5118
5113
5107
5103
5101
5089
5088
5084
5083
5082
5080
5080
5079
5074
5073
5071
5065
5057
5048
5048
5046
5046
5042
5038
5034
5033
5031
5031
5023
5022
5021
5018
5017
5012
5000
4999
4997
4985
4983
4976
4974
4970
4970
4969
4955
4954
4950
4933
4932
4931
4926
4910
4909
4907
4906
4901
4900
4898
4894
4893
4890
4885
4883
4881
4873
4871
4867
4866
4863
4853
4848
4847
4842
4840
4834
4829
4828
4824
4822
4821
4812
4811
4810
4802
4799
4796
4795
4786
4781
4780
4777
4766
4763
4759
4759
4757
4752
4750
4749
4742
4741
4740
4737
4730
4727
4723
4718
4718
4714
4710
4701
4697
4691
4680
4679
4675
4672
4671
4670
4669
4666
4663
4662
4661
4659
4650
4644
4641
4641
4639
4627
4627
4625
4624
4617
4611
4608
4604
4603
4603
4603
4595
4593
4588
4586
4580
4576
4572
4568
4568
4562
4561
4557
4556
4555
4551
4549
4539
4533
4525
4525
4518
4517
4515
4515
4507
4499
4498
4493
4483
4474
4469
4466
4463
4460
4460
4454
4451
4451
4450
4443
4434
4421
4418
4400
4398
4393
4388
4381
4374
4362
4360
4345
4345
4339
4337
4329
4324
4322
4319
4316
4305
4304
4303
4297
4294
4281
4280
4278
4275
4274
4271
4267
4261
4260
4235
4219
4211
4205
4197
4188
4181
4179
4175
4172
4165
4161
4160
4155
4153
4151
4135
4134
4134
4131
4124
4123
4116
4113
4111
4110
4109
4104
4101
4089
4089
4087
4067
4054
4047
4045
4044
4042
4042
4040
4037
4024
4022
4014
4011
4001
3999
3997
3997
3991
3991
3989
3985
3983
3981
3974
3973
3973
3973
3972
3972
3967
3962
3960
3949
3948
3943
3929
3926
3924
3924
3917
3914
3913
3911
3909
3902
3897
3889
3889
3885
3871
3869
3869
3865
3864
3863
3858
3851
3845
3845
3844
3835
3832
3830
3824
3818
3815
3812
3810
3806
3806
3797
3795
3790
3788
3783
3776
3774
3772
3759
3756
3753
3752
3749
3743
3732
3731
3718
3716
3711
3710
3709
3708
3705
3704
3702
3700
3688
3682
3673
3672
3671
3670
3652
3644
3636
3630
3630
3629
3619
3618
3618
3614
3612
3610
3609
3608
3607
3601
3599
3597
3596
3592
3592
3590
3588
3585
3583
3582
3579
3576
3573
3571
3571
3570
3568
3566
3561
3532
3530
3525
3522
3517
3516
3505
3501
3499
3492
3492
3489
3488
3482
3477
3477
3477
3475
3475
3466
3465
3465
3460
3460
3460
3453
3452
3449
3436
3431
3421
3420
3415
3409
3409
3407
3403
3395
3391
3388
3382
3381
3377
3376
3370
3368
3367
3362
3361
3361
3360
3359
3355
3352
3344
3340
3339
3338
3337
3337
3335
3328
3308
3302
3295
3287
3279
3277
3276
3271
3244
3241
3239
3238
3236
3235
3233
3233
3229
3222
3220
3220
3214
3212
3209
3206
3205
3200
3189
3183
3182
3182
3181
3173
3172
3168
3167
3162
3158
3158
3156
3155
3154
3153
3150
3148
3137
3135
3131
3130
3125
3122
3118
3116
3109
3105
3105
3103
3102
3095
3092
3091
3083
3067
3064
3061
3059
3052
3047
3038
3037
3032
3030
3027
3025
3018
3016
3012
3007
3003
2997
2996
2990
2988
2969
2960
2958
2956
2950
2943
2932
2928
2920
2919
2919
2902
2895
2881
2876
2869
2869
2868
2866
2866
2865
2849
2846
2846
2844
2839
2838
2823
2818
2816
2815
2807
2803
2803
2802
2797
2796
2796
2785
2780
2776
2776
2770
2767
2766
2764
2760
2756
2753
2752
2750
2749
2749
2748
2748
2747
2746
2740
2739
2732
2729
2725
2723
2723
2722
2718
2708
2706
2701
2700
2687
2687
2686
2683
2677
2655
2648
2645
2643
2642
2639
2632
2631
2623
2621
2620
2615
2600
2596
2587
2583
2582
2578
2577
2575
2570
2564
2563
2559
2559
2557
2553
2551
2550
2549
2535
2528
2527
2526
2525
2523
2520
2514
2504
2501
2500
2500
2495
2492
2491
2489
2486
2459
2450
2449
2442
2437
2428
2426
2425
2421
2417
2415
2414
2408
2405
2405
2403
2401
2400
2399
2396
2396
2394
2391
2389
2385
2384
2384
2381
2379
2374
2371
2370
2360
2357
2353
2348
2348
2345
2343
2341
2336
2331
2327
2326
2325
2323
2321
2314
2302
2295
2293
2292
2286
2286
2284
2270
2263
2262
2261
2258
2253
2250
2248
2248
2227
2227
2221
2213
2209
2206
2204
2202
2198
2197
2189
2186
2184
2163
2161
2150
2149
2126
2124
2123
2120
2118
2112
2102
2099
2093
2087
2084
2078
2073
2062
2060
2052
2046
2043
2043
2036
2032
2029
2027
2026
2019
2006
2004
2000
1998
1998
1987
1983
1976
1969
1968
1961
1958
1945
1943
1939
1935
1935
1933
1931
1926
1923
1916
1914
1912
1900
1900
1890
1885
1883
1880
1876
1872
1868
1866
1858
1843
1836
1836
1832
1816
1800
1800
1800
1799
1785
1781
1777
1777
1773
1767
1764
1764
1755
1755
1749
1744
1744
1740
1739
1738
1734
1730
1729
1722
1721
1720
1716
1712
1710
1706
1705
1703
1696
1695
1684
1684
1679
1675
1672
1667
1664
1662
1661
1656
1655
1654
1654
1653
1650
1649
1645
1641
1634
1631
1630
1628
1626
1624
1618
1613
1612
1594
1593
1592
1587
1584
1583
1582
1582
1574
1569
1556
1555
1554
1553
1549
1542
1529
1527
1527
1526
1521
1518
1509
1508
1501
1501
1498
1496
1495
1489
1485
1484
1483
1481
1481
1476
1474
1474
1471
1470
1463
1458
1454
1440
1438
1434
1430
1428
1425
1422
1421
1418
1417
1413
1400
1391
1383
1381
1371
1371
1369
1368
1347
1347
1346
1345
1343
1343
1341
1316
1310
1298
1290
1289
1284
1279
1276
1273
1255
1255
1254
1251
1251
1250
1248
1247
1243
1228
1218
1213
1206
1202
1187
1187
1177
1173
1173
1171
1169
1146
1145
1143
1142
1140
1130
1129
1125
1121
1112
1108
1108
1107
1105
1101
1097
1093
1089
1088
1088
1085
1069
1059
1054
1045
1045
1044
1043
1043
1043
1042
1039
1025
1024
1023
1021
1015
1013
1012
1009
1005
1005
1002
979
973
967
958
953
951
950
949
946
943
929
926
925
922
921
911
907
898
894
893
888
888
884
877
872
871
863
863
862
861
861
856
855
846
839
837
825
822
821
813
804
803
802
793
792
788
772
770
770
767
766
766
759
756
755
739
732
730
723
718
714
709
707
701
701
689
683
678
661
654
654
653
650
649
648
645
631
626
625
623
621
611
606
605
604
602
600
599
597
597
594
592
582
578
572
572
564
564
561
560
560
559
534
530
524
515
515
513
508
507
504
500
497
486
480
463
461
458
451
451
447
446
433
432
414
408
395
388
387
386
375
362
359
357
349
348
321
319
315
313
304
298
284
280
270
268
264
257
254
251
242
224
224
223
216
216
213
213
212
210
204
203
203
202
201
200
200
196
194
194
192
185
182
182
167
162
159
157
155
154
153
153
151
149
148
138
138
132
131
126
123
119
116
108
106
103
100
98
98
94
88
84
82
79
71
61
60
60
51
48
45
44
32
31
29
25
17
16
15
13
13
7
7
3
