32760
32753
32752
32737
32732
32730
32721
32719
32710
32707
32705
32699
32697
32682
32673
32672
32671
32662
32653
32652
32651
32633
32631
32628
32626
32595
32588
32586
32584
32576
32561
32555
32548
32539
32536
32534
32515
32508
32507
32491
32479
32463
32452
32435
32405
32404
32391
32377
32374
32371
32365
32360
32351
32347
32346
32340
32334
32330
32324
32322
32316
32308
32302
32294
32292
32291
32291
32284
32283
32275
32273
32243
32241
32240
32236
32228
32227
32220
32212
32209
32204
32201
32201
32196
32195
32190
32188
32178
32155
32154
32152
32148
32140
32137
32130
32123
32113
32113
32097
32097
32090
32075
32069
32068
32063
32062
32057
32054
32051
32051
32044
32043
32028
32024
32017
32008
32004
31991
31987
31985
31985
31971
31962
31956
31953
31951
31942
31940
31940
31920
31908
31900
31882
31879
31866
31844
31837
31836
31834
31831
31814
31803
31796
31795
31780
31780
31766
31760
31751
31751
31743
31729
31729
31720
31699
31693
31692
31687
31676
31676
31659
31653
31647
31645
31640
31634
31632
31632
31629
31622
31619
31616
31607
31607
31597
31591
31580
31563
31561
31559
31558
31556
31548
31543
31535
31534
31532
31503
31495
31478
31469
31469
31468
31457
31455
31450
31441
31437
31432
31430
31426
31426
31421
31413
31404
31403
31401
31400
31400
31375
31374
31370
31335
31332
31331
31328
31305
31304
31295
31289
31288
31284
31283
31270
31266
31264
31262
31256
31245
31234
31195
31192
31190
31187
31183
31180
31173
31171
31119
31111
31104
31101
31096
31093
31093
31085
31081
31079
31067
31062
31047
31043
31023
31020
31013
31009
30994
30994
30965
30962
30944
30941
30939
30937
30914
30912
30910
30903
30897
30888
30879
30866
30863
30845
30835
30832
30830
30818
30808
30805
30800
30794
30783
30778
30751
30748
30738
30736
30729
30726
30723
30721
30716
30704
30697
30694
30690
30683
30667
30658
30657
30654
30639
30627
30624
30622
30620
30606
30600
30587
30582
30581
30578
30555
30552
30545
30545
30544
30533
30524
30519
30500
30499
30493
30492
30488
30482
30475
30474
30473
30456
30451
30446
30444
30427
30422
30417
30414
30381
30377
30355
30341
30337
30325
30324
30312
30311
30310
30306
30304
30300
30299
30293
30290
30264
30256
30254
30252
30224
30222
30222
30218
30212
30203
30203
30197
30190
30185
30182
30166
30159
30152
30152
30148
30138
30138
30138
30137
30136
30133
30131
30119
30116
30111
30098
30090
30086
30085
30084
30075
30073
30069
30066
30066
30061
30059
30056
30052
30049
30043
30034
30033
30032
30025
30021
30020
30012
30005
30002
30000
29987
29959
29956
29954
29949
29932
29926
29925
29923
29917
29911
29897
29894
29879
29878
29878
29875
29873
29872
29869
29858
29856
29842
29842
29841
29820
29810
29809
29807
29802
29796
29793
29793
29793
29789
29786
29777
29769
29766
29759
29755
29751
29746
29742
29740
29725
29723
29719
29717
29714
29706
29693
29685
29675
29672
29664
29662
29655
29654
29639
29639
29638
29633
29631
29629
29622
29622
29611
29605
29596
29591
29588
29583
29580
29574
29573
29573
29573
29570
29565
29556
29554
29547
29529
29520
29518
29517
29515
29515
29508
29492
29491
29486
29485
29468
29458
29456
29453
29452
29427
29424
29408
29404
29404
29402
29398
29382
29378
29372
29369
29365
29349
29345
29343
29338
29335
29321
29285
29285
29284
29272
29255
29253
29252
29246
29242
29239
29237
29228
29228
29218
29217
29207
29192
29187
29185
29180
29177
29164
29158
29151
29146
29146
29142
29120
29117
29108
29108
29105
29103
29098
29094
29082
29076
29074
29066
29061
29060
29046
29026
29013
29006
28987
28984
28983
28978
28972
28963
28962
28954
28951
28946
28945
28936
28935
28929
28926
28921
28913
28891
28881
28878
28870
28849
28836
28835
28809
28806
28801
28799
28790
28786
28780
28780
28769
28769
28762
28759
28756
28753
28752
28751
28746
28744
28740
28740
28731
28716
28710
28710
28706
28693
28690
28689
28682
28670
28656
28652
28641
28639
28637
28636
28605
28596
28583
28582
28580
28579
28566
28559
28558
28557
28556
28551
28550
28546
28544
28537
28514
28509
28506
28498
28494
28485
28469
28462
28448
28447
28442
28425
28420
28410
28407
28403
28396
28384
28373
28372
28368
28364
28363
28353
28351
28348
28347
28338
28316
28315
28295
28289
28282
28278
28272
28271
28269
28265
28261
28261
28259
28258
28255
28254
28232
28225
28224
28223
28220
28217
28211
28206
28202
28200
28191
28183
28176
28159
28143
28131
28125
28120
28118
28116
28105
28099
28064
28055
28036
28033
28024
28019
27987
27979
27976
27975
27969
27967
27966
27963
27962
27954
27948
27943
27940
27940
27936
27931
27908
27908
27902
27901
27898
27892
27884
27882
27872
27868
27852
27843
27842
27842
27836
27834
27832
27829
27826
27813
27809
27807
27804
27798
27786
27768
27762
27745
27744
27728
27710
27709
27702
27701
27696
27694
27691
27685
27682
27679
27670
27669
27663
27662
27650
27638
27616
27609
27595
27592
27585
27585
27583
27575
27566
27560
27558
27555
27555
27537
27537
27536
27525
27522
27522
27521
27516
27507
27499
27487
27480
27468
27453
27450
27444
27443
27433
27428
27421
27411
27410
27402
27399
27398
27379
27378
27377
27376
27373
27372
27370
27362
27360
27345
27343
27340
27325
27306
27303
27289
27260
27254
27243
27231
27227
27224
27223
27215
27209
27204
27203
27202
27202
27194
27190
27189
27189
27187
27186
27164
27163
27161
27154
27144
27132
27130
27130
27127
27126
27119
27114
27101
27099
27098
27087
27081
27075
27065
27055
27054
27047
27043
27032
27022
27022
26995
26989
26986
26978
26976
26971
26956
26922
26920
26917
26909
26904
26903
26902
26892
26891
26889
26878
26870
26855
26855
26833
26821
26812
26805
26805
26797
26780
26779
26779
26778
26769
26767
26763
26762
26762
26760
26758
26756
26751
26744
26738
26735
26729
26712
26712
26711
26708
26701
26692
26685
26678
26668
26665
26662
26651
26646
26632
26629
26628
26620
26609
26601
26579
26574
26564
26554
26538
26528
26515
26513
26512
26506
26490
26474
26474
26467
26464
26461
26461
26459
26455
26444
26443
26429
26423
26417
26414
26408
26407
26404
26398
26396
26388
26383
26382
26381
26368
26368
26359
26358
26349
26344
26344
26335
26332
26325
26308
26288
26278
26272
26269
26266
26265
26264
26253
26248
26247
26245
26232
26230
26227
26226
26220
26219
26215
26212
26203
26198
26194
26193
26192
26189
26187
26166
26163
26159
26148
26147
26140
26139
26132
26118
26109
26104
26094
26092
26069
26060
26057
26053
26041
26034
26032
26030
26020
26014
26007
26003
26000
25998
25985
25982
25980
25978
25967
25960
25954
25948
25946
25944
25940
25936
25936
25934
25930
25921
25918
25913
25913
25895
25890
25888
25882
25877
25868
25846
25836
25833
25830
25828
25819
25819
25806
25803
25797
25791
25777
25776
25769
25760
25756
25754
25742
25739
25730
25725
25722
25713
25709
25700
25687
25682
25676
25669
25669
25660
25656
25653
25647
25638
25637
25623
25612
25598
25598
25596
25581
25579
25578
25570
25567
25547
25546
25535
25527
25526
25525
25517
25515
25513
25511
25509
25509
25506
25505
25489
25478
25478
25455
25450
25445
25432
25420
25416
25403
25402
25401
25400
25399
25371
25368
25352
25344
25339
25338
25337
25332
25324
25320
25315
25311
25311
25310
25308
25306
25306
25292
25289
25282
25281
25273
25272
25262
25259
25248
25238
25236
25233
25232
25230
25217
25215
25207
25162
25160
25156
25146
25143
25142
25129
25126
25121
25121
25117
25115
25099
25072
25072
25071
25059
25049
25046
25044
25025
25024
25020
25010
25009
24996
24991
24985
24982
24977
24976
24973
24966
24957
24956
24956
24945
24944
24937
24922
24920
24918
24917
24908
24907
24896
24891
24878
24870
24869
24864
24857
24854
24844
24841
24836
24821
24815
24814
24803
24796
24794
24792
24791
24768
24766
24738
24722
24711
24711
24705
24700
24681
24681
24669
24668
24661
24661
24651
24647
24628
24626
24625
24615
24615
24613
24608
24607
24604
24600
24592
24586
24572
24569
24565
24564
24563
24560
24559
24537
24536
24521
24516
24499
24487
24481
24470
24469
24451
24447
24434
24429
24428
24428
24424
24421
24415
24402
24394
24380
24377
24377
24373
24366
24359
24357
24348
24336
24334
24333
24328
24323
24320
24316
24311
24309
24306
24291
24285
24282
24278
24276
24272
24270
24263
24246
24243
24241
24233
24229
24228
24220
24216
24203
24187
24186
24163
24160
24158
24156
24155
24144
24142
24141
24139
24125
24124
24118
24117
24102
24100
24096
24096
24092
24084
24078
24075
24072
24059
24058
24056
24054
24046
24045
24040
24005
24001
24001
23998
23990
23981
23973
23973
23962
23961
23959
23950
23947
23946
23941
23939
23935
23933
23928
23928
23926
23917
23903
23894
23888
23877
23875
23867
23865
23862
23856
23849
23845
23836
23831
23825
23821
23820
23812
23806
23791
23785
23780
23779
23777
23770
23751
23746
23745
23743
23734
23729
23728
23711
23710
23698
23698
23697
23696
23687
23684
23681
23670
23665
23658
23639
23636
23628
23627
23612
23611
23604
23599
23596
23595
23594
23590
23581
23550
23546
23545
23537
23534
23518
23504
23504
23502
23491
23483
23483
23479
23473
23470
23466
23457
23449
23444
23442
23434
23428
23425
23423
23418
23411
23407
23380
23380
23379
23360
23358
23339
23336
23336
23330
23330
23325
23322
23319
23301
23300
23286
23286
23285
23280
23278
23272
23272
23267
23263
23252
23251
23250
23248
23248
23241
23234
23234
23232
23227
23226
23225
23221
23215
23212
23202
23194
23193
23184
23183
23172
23166
23163
23155
23152
23147
23135
23130
23118
23114
23111
23106
23105
23095
23094
23091
23088
23076
23074
23072
23056
23056
23050
23046
23042
23031
23025
23019
23006
22994
22993
22993
22985
22981
22981
22976
22975
22971
22953
22948
22924
22921
22918
22917
22909
22892
22890
22888
22884
22883
22869
22849
22831
22826
22821
22796
22789
22779
22767
22766
22760
22748
22747
22742
22728
22723
22720
22720
22719
22705
22703
22702
22698
22698
22698
22695
22695
22689
22688
22687
22672
22671
22661
22648
22633
22625
22623
22611
22611
22590
22584
22584
22574
22565
22563
22561
22560
22558
22557
22550
22548
22545
22543
22541
22540
22533
22510
22510
22503
22496
22496
22493
22490
22489
22487
22487
22478
22475
22474
22470
22449
22448
22447
22437
22436
22434
22434
22422
22417
22413
22409
22408
22381
22378
22377
22376
22374
22372
22364
22363
22352
22349
22336
22323
22315
22304
22294
22281
22276
22266
22244
22235
22235
22232
22230
22221
22207
22182
22178
22178
22176
22168
22168
22167
22164
22163
22162
22160
22155
22140
22128
22127
22126
22124
22117
22101
22096
22088
22087
22078
22075
22071
22062
22055
22024
22018
22005
22002
21992
21990
21986
21967
21963
21963
21952
21948
21940
21940
21924
21922
21904
21894
21886
21878
21871
21860
21852
21836
21834
21825
21819
21814
21803
21801
21801
21798
21752
21749
21747
21732
21727
21706
21703
21697
21692
21688
21681
21679
21677
21660
21658
21655
21655
21651
21645
21644
21631
21631
21615
21611
21609
21572
21563
21550
21547
21546
21545
21537
21529
21515
21510
21479
21468
21467
21464
21457
21446
21440
21438
21437
21430
21426
21416
21402
21402
21395
21392
21387
21385
21371
21343
21341
21334
21326
21322
21318
21316
21306
21299
21294
21293
21289
21288
21285
21274
21269
21246
21224
21217
21217
21207
21197
21196
21195
21194
21183
21180
21171
21167
21166
21156
21155
21114
21111
21107
21101
21081
21081
21080
21078
21076
21075
21074
21069
21067
21058
21052
21040
21035
21030
21028
21021
21013
21003
21002
20999
20997
20983
20976
20973
20972
20963
20958
20954
20953
20953
20942
20939
20936
20920
20909
20906
20902
20902
20893
20869
20867
20866
20861
20856
20851
20844
20833
20828
20816
20811
20809
20806
20805
20800
20793
20788
20781
20773
20770
20767
20754
20747
20746
20735
20721
20716
20702
20692
20688
20687
20684
20662
20662
20660
20639
20638
20618
20613
20610
20601
20599
20587
20586
20581
20560
20552
20541
20538
20533
20533
20533
20524
20524
20521
20519
20518
20504
20500
20497
20491
20487
20483
20455
20450
20438
20432
20429
20420
20409
20376
20369
20350
20344
20342
20325
20324
20305
20301
20294
20292
20276
20276
20275
20273
20269
20260
20258
20252
20236
20235
20230
20227
20227
20224
20221
20215
20208
20191
20183
20165
20163
20158
20149
20148
20148
20147
20146
20145
20142
20138
20133
20120
20110
20092
20087
20062
20060
20056
20055
20054
20044
20038
20027
20019
20016
20012
20004
19989
19985
19985
19968
19966
19955
19953
19946
19944
19941
19937
19936
19929
19925
19918
19917
19914
19902
19898
19889
19888
19880
19862
19854
19852
19851
19839
19831
19825
19810
19804
19803
19800
19794
19787
19784
19778
19778
19769
19763
19759
19746
19744
19737
19737
19734
19732
19708
19702
19702
19696
19689
19687
19684
19683
19682
19669
19666
19663
19659
19648
19637
19633
19632
19629
19626
19617
19609
19604
19604
19600
19587
19583
19563
19555
19550
19549
19548
19543
19540
19538
19534
19519
19518
19516
19509
19508
19507
19504
19482
19476
19474
19465
19460
19445
19444
19444
19434
19433
19432
19431
19430
19430
19426
19420
19420
19419
19418
19415
19408
19397
19388
19381
19377
19373
19371
19359
19358
19353
19348
19348
19335
19324
19321
19306
19283
19273
19269
19258
19232
19224
19223
19216
19212
19212
19209
19209
19204
19194
19187
19185
19176
19171
19171
19160
19158
19150
19148
19137
19127
19126
19123
19121
19120
19111
19102
19092
19089
19086
19084
19076
19076
19072
19068
19062
19045
19037
19020
19009
19008
18991
18987
18978
18967
18958
18957
18953
18943
18940
18934
18908
18905
18899
18897
18891
18854
18833
18807
18804
18802
18800
18799
18786
18781
18775
18773
18768
18753
18750
18724
18708
18703
18701
18692
18672
18672
18670
18666
18649
18637
18637
18622
18612
18603
18601
18594
18588
18582
18580
18566
18564
18556
18544
18542
18542
18540
18534
18529
18526
18492
18489
18478
18478
18474
18467
18461
18459
18451
18447
18443
18429
18425
18425
18419
18404
18396
18391
18377
18373
18371
18370
18370
18359
18337
18331
18321
18317
18310
18309
18302
18295
18290
18280
18276
18267
18264
18261
18261
18252
18251
18237
18235
18227
18224
18223
18219
18218
18217
18196
18185
18175
18167
18164
18163
18160
18152
18152
18150
18145
18128
18120
18117
18086
18082
18081
18076
18064
18042
18025
18023
18020
18018
18010
18004
17992
17988
17987
17984
17973
17949
17946
17941
17935
17931
17929
17916
17904
17901
17898
17887
17875
17874
17872
17869
17868
17846
17839
17831
17823
17811
17799
17798
17797
17773
17771
17770
17753
17749
17744
17743
17740
17733
17732
17724
17720
17709
17707
17705
17702
17681
17680
17680
17674
17667
17665
17665
17664
17656
17639
17638
17632
17632
17631
17627
17616
17615
17609
17608
17605
17604
17602
17597
17593
17584
17582
17574
17571
17558
17552
17540
17539
17528
17520
17519
17518
17515
17506
17503
17502
17490
17482
17481
17476
17460
17456
17442
17435
17424
17423
17410
17403
17394
17392
17382
17379
17375
17372
17360
17357
17352
17350
17348
17323
17322
17320
17320
17319
17319
17299
17296
17269
17251
17248
17247
17246
17234
17232
17231
17226
17209
17199
17199
17199
17198
17197
17196
17192
17190
17179
17174
17167
17161
17158
17130
17129
17124
17114
17111
17111
17099
17097
17097
17095
17080
17067
17051
17047
17046
17044
17024
17014
17004
16981
16980
16973
16970
16962
16944
16936
16932
16930
16924
16920
16918
16901
16882
16880
16880
16870
16869
16857
16845
16837
16828
16827
16827
16817
16813
16808
16805
16804
16800
16781
16764
16763
16759
16759
16759
16756
16754
16753
16752
16742
16740
16737
16724
16706
16700
16694
16689
16688
16687
16687
16682
16667
16663
16662
16661
16657
16651
16650
16632
16629
16626
16619
16606
16602
16590
16584
16583
16580
16575
16572
16566
16552
16540
16537
16528
16524
16514
16509
16503
16498
16493
16492
16491
16458
16454
16444
16444
16441
16435
16430
16418
16414
16408
16406
16395
16395
16389
16379
16369
16367
16357
16348
16347
16347
16345
16344
16334
16334
16325
16316
16311
16306
16306
16306
16302
16300
16296
16270
16263
16255
16238
16238
16220
16219
16219
16218
16211
16192
16189
16184
16155
16151
16139
16135
16134
16122
16118
16117
16116
16113
16106
16106
16104
16102
16095
16086
16082
16061
16056
16052
16048
16043
16043
16033
16031
16029
16002
15992
15988
15983
15975
15967
15947
15946
15928
15923
15917
15912
15909
15903
15897
15892
15880
15860
15859
15857
15854
15851
15846
15842
15833
15826
15823
15804
15782
15779
15779
15773
15763
15762
15759
15749
15721
15719
15700
15699
15699
15692
15685
15680
15679
15677
15676
15664
15659
15657
15655
15641
15619
15617
15593
15589
15578
15576
15576
15567
15555
15527
15522
15521
15517
15513
15510
15507
15507
15497
15490
15489
15481
15481
15465
15454
15454
15450
15444
15436
15432
15430
15425
15421
15420
15420
15412
15407
15403
15401
15399
15385
15379
15377
15374
15362
15358
15340
15336
15321
15309
15302
15298
15298
15287
15286
15284
15275
15271
15270
15261
15255
15249
15244
15243
15230
15223
15222
15216
15214
15211
15207
15206
15200
15198
15179
15177
15170
15169
15157
15151
15150
15142
15138
15135
15133
15128
15128
15125
15121
15116
15114
15111
15109
15086
15085
15077
15072
15069
15058
15057
15015
15008
15007
15005
14973
14951
14948
14943
14940
14938
14935
14933
14928
14923
14917
14913
14910
14903
14889
14878
14872
14865
14861
14846
14835
14834
14812
14808
14802
14796
14791
14789
14786
14782
14776
14774
14770
14766
14760
14759
14757
14747
14733
14709
14709
14709
14706
14684
14683
14679
14670
14670
14668
14665
14656
14652
14652
14646
14645
14641
14641
14635
14634
14627
14623
14622
14622
14594
14592
14583
14582
14579
14574
14567
14547
14542
14535
14533
14524
14513
14510
14491
14480
14468
14454
14451
14440
14438
14438
14426
14416
14411
14411
14409
14408
14403
14399
14398
14398
14396
14393
14374
14373
14367
14365
14344
14340
14333
14302
14301
14287
14287
14286
14280
14268
14267
14262
14255
14246
14246
14228
14222
14222
14219
14216
14208
14183
14171
14154
14151
14136
14131
14129
14127
14127
14123
14122
14121
14115
14114
14086
14083
14076
14075
14074
14071
14069
14063
14060
14057
14048
14048
14046
14045
14035
14032
14031
14016
14016
14011
14004
14003
13980
13974
13945
13938
13930
13926
13924
13918
13916
13915
13887
13867
13860
13842
13832
13829
13820
13816
13816
13810
13788
13782
13770
13765
13762
13756
13734
13732
13724
13723
13722
13718
13717
13717
13715
13713
13712
13695
13687
13687
13685
13671
13660
13658
13642
13632
13628
13625
13608
13599
13585
13580
13578
13563
13557
13552
13549
13531
13531
13522
13501
13490
13486
13459
13451
13437
13421
13402
13397
13376
13372
13363
13361
13356
13350
13349
13347
13346
13343
13338
13334
13331
13326
13324
13324
13318
13317
13298
13268
13250
13249
13246
13245
13245
13240
13238
13224
13214
13213
13213
13186
13182
13178
13173
13170
13169
13147
13143
13141
13133
13121
13114
13107
13106
13105
13095
13091
13090
13088
13072
13070
13068
13064
13058
13052
13050
13044
13042
13035
13035
13017
13017
13014
13013
13009
13006
12999
12995
12990
12980
12978
12975
12974
12963
12960
12937
12935
12935
12930
12915
12913
12905
12896
12894
12891
12890
12884
12883
12860
12858
12853
12850
12834
12828
12827
12803
12791
12781
12750
12737
12737
12733
12731
12727
12721
12719
12717
12714
12712
12709
12709
12694
12687
12681
12671
12668
12654
12652
12650
12650
12646
12639
12630
12621
12614
12608
12601
12598
12597
12591
12589
12578
12575
12574
12561
12536
12527
12527
12526
12523
12521
12504
12489
12480
12473
12468
12457
12435
12430
12408
12407
12405
12402
12396
12388
12371
12369
12357
12355
12351
12349
12339
12337
12335
12329
12317
12317
12312
12310
12282
12275
12271
12271
12260
12253
12252
12250
12245
12232
12229
12211
12206
12206
12195
12193
12178
12175
12165
12164
12160
12160
12158
12153
12152
12142
12137
12124
12120
12080
12077
12076
12072
12067
12064
12064
12062
12060
12050
12042
12024
12023
12023
12020
12018
12010
12002
11999
11999
11999
11998
11993
11989
11984
11973
11969
11969
11953
11938
11938
11931
11925
11919
11911
11901
11898
11886
11883
11883
11882
11879
11872
11866
11864
11858
11857
11856
11853
11852
11846
11843
11843
11834
11831
11828
11825
11820
11812
11807
11791
11775
11771
11767
11758
11748
11739
11718
11713
11696
11682
11658
11647
11645
11636
11630
11630
11629
11621
11609
11581
11580
11579
11571
11560
11554
11542
11539
11538
11526
11518
11497
11495
11491
11479
11470
11466
11466
11455
11452
11443
11442
11437
11429
11421
11381
11380
11361
11351
11349
11347
11345
11342
11336
11329
11328
11326
11324
11313
11306
11306
11297
11284
11284
11275
11256
11252
11251
11243
11241
11238
11233
11230
11225
11224
11211
11179
11163
11157
11142
11121
11118
11102
11100
11092
11086
11078
11056
11048
11046
11045
11029
11022
11016
11013
11005
11002
10989
10984
10983
10972
10962
10958
10956
10955
10953
10953
10943
10930
10927
10916
10913
10909
10902
10901
10900
10897
10897
10894
10882
10874
10869
10862
10858
10857
10857
10855
10849
10848
10846
10843
10838
10832
10828
10823
10816
10811
10800
10799
10799
10797
10783
10779
10772
10770
10760
10759
10758
10756
10754
10750
10745
10737
10728
10714
10710
10703
10702
10702
10701
10694
10692
10684
10675
10652
10641
10626
10622
10612
10602
10600
10591
10587
10577
10561
10561
10553
10540
10537
10536
10534
10526
10523
10520
10519
10517
10516
10513
10508
10485
10483
10481
10476
10468
10466
10463
10461
10456
10450
10446
10439
10431
10425
10424
10421
10411
10409
10398
10384
10372
10353
10348
10345
10306
10294
10291
10288
10284
10281
10276
10259
10257
10251
10249
10241
10239
10236
10223
10221
10220
10218
10217
10215
10199
10176
10175
10151
10150
10147
10134
10131
10122
10111
10109
10101
10099
10099
10089
10086
10083
10080
10078
10073
10066
10062
10051
10046
10034
10024
10021
10021
10021
10009
10001
9999
9993
9992
9977
9972
9971
9968
9966
9958
9957
9952
9921
9916
9909
9896
9887
9879
9867
9866
9850
9825
9806
9805
9804
9799
9799
9789
9785
9774
9762
9757
9755
9754
9747
9727
9726
9720
9714
9712
9706
9701
9701
9701
9691
9667
9661
9645
9639
9627
9620
9614
9611
9605
9584
9583
9580
9571
9566
9565
9564
9562
9561
9560
9557
9555
9554
9552
9547
9547
9543
9517
9514
9514
9507
9499
9496
9493
9492
9491
9491
9476
9470
9456
9429
9419
9402
9398
9393
9381
9377
9358
9352
9346
9339
9336
9324
9314
9312
9310
9304
9296
9287
9280
9275
9271
9267
9256
9255
9253
9237
9228
9205
9196
9194
9187
9186
9168
9167
9143
9141
9127
9117
9114
9112
9110
9102
9101
9096
9091
9089
9086
9081
9068
9066
9065
9032
9028
9026
9015
8995
8988
8978
8976
8966
8957
8938
8937
8937
8935
8929
8927
8924
8914
8905
8896
8891
8887
8883
8872
8869
8869
8863
8861
8857
8848
8847
8837
8834
8829
8828
8821
8820
8819
8818
8814
8803
8802
8794
8792
8784
8779
8776
8775
8772
8769
8752
8747
8746
8738
8724
8722
8688
8685
8684
8680
8679
8675
8667
8667
8665
8660
8658
8657
8652
8643
8641
8633
8629
8624
8624
8622
8621
8599
8578
8576
8546
8531
8520
8519
8517
8506
8498
8478
8476
8464
8455
8448
8443
8429
8420
8407
8406
8400
8389
8388
8388
8366
8360
8359
8353
8347
8337
8334
8276
8275
8270
8269
8265
8262
8261
8260
8253
8244
8242
8239
8237
8229
8224
8215
8200
8197
8193
8187
8182
8170
8166
8160
8159
8144
8136
8131
8123
8119
8113
8111
8111
8098
8098
8077
8061
8044
8034
8029
8024
8016
8014
7992
7989
7974
7968
7966
7958
7958
7954
7949
7946
7939
7930
7928
7917
7906
7895
7888
7884
7870
7867
7859
7852
7840
7838
7827
7821
7812
7802
7799
7798
7796
7792
7787
7775
7770
7766
7729
7712
7697
7695
7694
7682
7680
7677
7675
7671
7665
7645
7638
7625
7620
7616
7609
7609
7602
7600
7597
7596
7576
7569
7567
7563
7563
7560
7557
7551
7547
7541
7537
7510
7501
7497
7489
7488
7487
7485
7479
7477
7470
7469
7468
7462
7460
7449
7443
7430
7419
7402
7398
7393
7392
7390
7383
7379
7378
7375
7366
7363
7348
7348
7343
7338
7329
7328
7316
7315
7315
7314
7304
7303
7301
7293
7292
7287
7284
7279
7272
7262
7256
7222
7207
7204
7201
7198
7195
7187
7182
7160
7156
7155
7154
7136
7133
7128
7114
7100
7099
7088
7086
7084
7067
7052
7050
7047
7045
7045
7044
7041
7040
7031
7025
7022
7021
7013
7002
7002
7000
6993
6992
6988
6985
6979
6975
6969
6968
6961
6955
6944
6940
6939
6938
6937
6920
6912
6908
6907
6900
6894
6890
6883
6868
6857
6831
6818
6810
6808
6807
6807
6795
6792
6792
6784
6771
6769
6767
6766
6766
6762
6752
6749
6748
6746
6745
6739
6731
6731
6727
6688
6687
6685
6665
6665
6657
6657
6646
6646
6627
6619
6613
6582
6577
6560
6554
6537
6529
6512
6496
6494
6480
6473
6469
6463
6458
6450
6426
6422
6420
6411
6406
6390
6388
6384
6384
6380
6374
6369
6364
6363
6355
6355
6347
6333
6331
6327
6324
6320
6320
6318
6313
6301
6295
6294
6289
6278
6256
6251
6230
6230
6230
6230
6230
6227
6214
6200
6198
6198
6187
6163
6151
6145
6140
6137
6113
6112
6103
6100
6092
6084
6078
6077
6047
6046
6031
6025
6025
6020
6010
5999
5967
5965
5958
5955
5947
5938
5938
5922
5919
5914
5912
5910
5904
5896
5888
5878
5861
5855
5854
5852
5851
5847
5839
5833
5832
5830
5829
5826
5825
5817
5785
5768
5766
5766
5762
5737
5731
5728
5718
5715
5706
5692
5679
5676
5671
5671
5668
5639
5635
5633
5628
5626
5625
5617
5612
5610
5607
5597
5594
5591
5591
5581
5572
5566
5543
5534
5532
5504
5498
5488
5481
5474
5473
5469
5452
5431
5414
5398
5397
5389
5384
5374
5371
5361
5352
5345
5336
5335
5330
5329
5327
5294
5281
5266
5261
5250
5238
5230
5229
5218
5210
5208
5203
5192
5185
5177
5176
5175
5161
5148
5140
5128
5122
5096
5095
5094
5094
5082
5075
5073
5068
5068
5049
5045
5043
5029
5025
5022
5019
5011
5007
5002
5000
4999
4982
4973
4971
4964
4962
4951
4940
4939
4939
4925
4913
4890
4880
4879
4874
4867
4862
4856
4853
4847
4815
4812
4809
4797
4794
4791
4784
4778
4778
4770
4766
4764
4760
4758
4753
4750
4749
4740
4737
4728
4728
4726
4724
4718
4717
4714
4713
4710
4706
4697
4684
4675
4667
4665
4663
4659
4654
4631
4621
4619
4614
4612
4599
4599
4591
4587
4576
4562
4555
4551
4548
4547
4543
4540
4538
4516
4512
4494
4494
4483
4482
4476
4468
4465
4459
4449
4449
4446
4445
4444
4432
4430
4416
4415
4414
4413
4405
4405
4404
4400
4397
4387
4387
4384
4383
4378
4376
4356
4353
4352
4348
4347
4346
4345
4345
4339
4338
4333
4333
4330
4328
4324
4321
4319
4310
4301
4297
4283
4282
4278
4267
4255
4255
4249
4247
4237
4218
4216
4215
4200
4194
4194
4171
4167
4163
4154
4153
4151
4139
4139
4129
4128
4120
4119
4118
4110
4107
4105
4091
4084
4074
4070
4070
4069
4065
4064
4058
4038
4032
4022
4020
4013
4005
4001
3999
3994
3989
3987
3977
3961
3960
3953
3952
3940
3920
3912
3873
3871
3864
3863
3858
3852
3843
3835
3833
3825
3821
3817
3814
3810
3799
3794
3790
3788
3781
3780
3777
3770
3769
3767
3749
3748
3736
3736
3722
3714
3699
3688
3680
3678
3653
3651
3647
3638
3629
3623
3622
3617
3615
3609
3607
3602
3574
3565
3560
3551
3548
3540
3538
3530
3505
3484
3479
3478
3469
3468
3463
3427
3423
3420
3420
3419
3416
3414
3408
3390
3389
3380
3379
3371
3364
3358
3357
3357
3353
3349
3347
3339
3328
3315
3296
3294
3291
3284
3275
3271
3269
3260
3253
3252
3240
3225
3223
3220
3215
3213
3213
3206
3196
3193
3176
3171
3155
3150
3148
3147
3146
3117
3114
3105
3104
3104
3092
3088
3086
3066
3057
3040
3026
3013
3010
3009
3001
2999
2995
2994
2978
2969
2961
2958
2952
2948
2946
2941
2928
2920
2912
2910
2908
2904
2904
2895
2894
2891
2885
2880
2877
2873
2868
2862
2860
2857
2831
2830
2819
2819
2809
2807
2805
2803
2801
2794
2793
2790
2786
2780
2774
2768
2764
2762
2759
2757
2743
2738
2736
2717
2710
2708
2690
2685
2681
2678
2668
2663
2663
2662
2650
2645
2643
2637
2634
2629
2623
2623
2619
2618
2594
2578
2575
2572
2565
2547
2535
2531
2529
2515
2514
2511
2503
2502
2489
2475
2472
2459
2458
2455
2449
2447
2446
2431
2427
2418
2417
2410
2408
2395
2384
2369
2365
2361
2360
2359
2354
2346
2346
2330
2329
2321
2321
2316
2314
2314
2306
2305
2303
2297
2296
2274
2250
2249
2247
2245
2241
2234
2233
2229
2229
2229
2220
2219
2219
2211
2211
2200
2197
2196
2190
2179
2170
2164
2153
2150
2135
2127
2123
2122
2122
2118
2111
2105
2105
2101
2095
2091
2089
2088
2077
2057
2053
2052
2048
2047
2044
2040
2030
2025
2015
2011
2004
1965
1963
1962
1957
1953
1952
1936
1932
1914
1912
1910
1901
1898
1897
1882
1875
1873
1870
1859
1859
1858
1858
1855
1827
1820
1809
1784
1782
1776
1769
1768
1768
1763
1750
1739
1738
1737
1734
1733
1715
1712
1687
1674
1671
1654
1650
1622
1614
1608
1607
1602
1567
1566
1557
1554
1540
1537
1535
1524
1522
1504
1499
1480
1470
1467
1457
1455
1449
1448
1447
1444
1424
1422
1419
1408
1402
1402
1396
1389
1388
1381
1376
1365
1355
1352
1347
1345
1345
1336
1327
1325
1322
1319
1312
1290
1288
1276
1264
1263
1258
1247
1247
1231
1231
1224
1223
1221
1219
1219
1217
1210
1209
1189
1167
1166
1164
1155
1148
1147
1137
1136
1123
1115
1112
1112
1110
1097
1085
1083
1079
1076
1067
1065
1054
1054
1045
1042
1036
1035
1032
1029
1015
1000
994
990
985
984
972
960
959
949
948
944
942
928
919
916
908
902
888
886
886
881
862
859
848
847
821
817
804
803
797
791
791
786
751
742
740
730
726
716
716
702
660
655
650
650
641
618
610
610
601
598
592
586
585
572
569
549
547
542
538
534
522
520
518
496
495
494
491
483
476
459
448
443
438
437
425
421
390
389
359
353
353
347
342
336
335
333
330
330
322
311
307
307
305
304
292
290
277
272
269
263
240
237
230
230
227
207
206
195
190
180
167
164
158
153
151
147
146
137
135
118
114
104
104
104
94
87
86
78
75
73
68
68
60
59
58
47
38
31
30
23
16
14
1
0
