32759
32754
32752
32729
32702
32659
32649
32635
32623
32569
32521
32502
32496
32494
32480
32443
32432
32428
32412
32405
32391
32390
32390
32365
32290
32286
32286
32280
32278
32259
32236
32218
32201
32190
32186
32143
32135
32085
32079
32053
32025
32017
31981
31978
31964
31954
31947
31933
31916
31901
31888
31868
31866
31823
31821
31797
31763
31738
31730
31728
31707
31706
31681
31657
31637
31592
31591
31566
31563
31544
31534
31520
31494
31492
31488
31446
31396
31392
31379
31366
31334
31331
31319
31318
31284
31260
31233
31229
31178
31166
31153
31123
31119
31112
31112
31111
31076
31059
31035
31032
31025
31024
31024
31013
31010
30986
30977
30967
30957
30907
30896
30895
30873
30871
30865
30802
30777
30700
30675
30639
30632
30617
30604
30589
30588
30577
30562
30537
30533
30532
30530
30528
30513
30508
30487
30472
30470
30465
30455
30440
30408
30407
30394
30344
30309
30295
30286
30281
30258
30221
30210
30206
30164
30128
30101
30091
30084
30028
29989
29988
29964
29955
29946
29907
29889
29818
29817
29812
29784
29775
29774
29760
29746
29723
29707
29701
29662
29658
29625
29587
29579
29572
29570
29562
29553
29540
29523
29477
29435
29432
29414
29393
29393
29381
29367
29308
29304
29291
29278
29271
29235
29231
29227
29198
29191
29175
29160
29159
29155
29152
29150
29148
29145
29135
29126
29123
29106
29102
29085
29084
29080
29073
29031
29008
29008
28999
28984
28960
28957
28943
28938
28920
28910
28880
28870
28824
28803
28802
28783
28781
28770
28742
28742
28721
28700
28700
28693
28660
28640
28620
28612
28585
28538
28500
28486
28418
28380
28359
28340
28335
28313
28306
28300
28283
28283
28282
28270
28242
28142
28139
28105
28092
28044
28010
28005
27979
27967
27934
27927
27856
27847
27846
27831
27825
27786
27766
27754
27727
27675
27634
27626
27610
27595
27595
27491
27488
27474
27465
27459
27418
27412
27384
27380
27345
27319
27318
27317
27310
27278
27257
27248
27241
27240
27226
27225
27181
27175
27149
27143
27137
27134
27129
27127
27116
27098
27071
27057
27048
27039
27038
27031
26997
26980
26974
26946
26941
26891
26887
26762
26757
26749
26743
26742
26692
26692
26691
26686
26682
26680
26654
26620
26619
26611
26610
26568
26564
26560
26546
26545
26541
26473
26459
26428
26427
26413
26397
26386
26360
26357
26354
26296
26293
26249
26238
26235
26221
26216
26209
26203
26201
26196
26193
26187
26164
26163
26153
26119
26103
26101
26082
26069
26065
26040
26036
26023
26002
25958
25940
25920
25915
25914
25912
25903
25895
25872
25849
25848
25821
25700
25698
25667
25632
25631
25620
25603
25601
25598
25500
25455
25454
25432
25406
25377
25374
25372
25368
25359
25358
25352
25319
25316
25314
25312
25310
25310
25302
25281
25276
25241
25222
25206
25190
25178
25156
25144
25137
25135
25101
25079
25072
25070
25066
25062
25056
25052
25049
25016
24992
24991
24976
24960
24955
24931
24923
24910
24881
24871
24846
24829
24806
24760
24749
24710
24708
24665
24600
24575
24564
24541
24528
24525
24508
24506
24477
24384
24351
24348
24329
24312
24295
24274
24247
24234
24224
24203
24175
24159
24154
24143
24140
24118
24091
24069
24068
24054
24051
24046
24042
24015
24006
23965
23949
23949
23945
23903
23900
23899
23896
23889
23887
23868
23861
23849
23827
23819
23789
23752
23742
23738
23727
23689
23686
23685
23681
23681
23647
23643
23628
23607
23599
23596
23584
23582
23535
23527
23517
23499
23494
23478
23465
23443
23438
23396
23376
23335
23322
23310
23297
23285
23278
23249
23244
23238
23238
23225
23222
23193
23182
23182
23169
23160
23156
23141
23121
23118
23104
23073
23067
23057
23013
23001
22978
22934
22929
22917
22910
22905
22902
22872
22867
22857
22855
22849
22828
22819
22813
22812
22800
22781
22777
22776
22767
22748
22744
22743
22733
22725
22724
22696
22673
22663
22651
22622
22611
22560
22544
22494
22484
22484
22481
22467
22464
22457
22450
22449
22408
22388
22364
22358
22354
22350
22349
22344
22339
22307
22261
22246
22218
22193
22187
22175
22168
22160
22134
22119
22109
22084
22074
22073
22067
22063
22047
22021
22020
22009
22002
21913
21908
21890
21874
21871
21870
21859
21803
21717
21702
21681
21679
21655
21634
21633
21611
21600
21596
21552
21518
21497
21446
21426
21391
21366
21313
21311
21311
21279
21216
21215
21182
21147
21132
21130
21128
21117
21087
21085
21051
21037
21020
21006
20999
20993
20992
20984
20980
20941
20916
20907
20874
20857
20844
20830
20827
20817
20813
20797
20795
20794
20778
20747
20741
20715
20714
20696
20696
20691
20667
20662
20648
20610
20604
20576
20539
20530
20524
20516
20497
20470
20453
20445
20411
20407
20404
20384
20379
20362
20352
20338
20310
20297
20273
20260
20257
20239
20235
20227
20197
20175
20169
20160
20155
20148
20136
20124
20123
20098
20093
20091
20083
20078
20054
20051
20033
20030
20026
20024
19995
19981
19976
19966
19963
19955
19955
19949
19941
19934
19930
19916
19880
19868
19867
19860
19857
19854
19832
19824
19820
19810
19808
19767
19756
19753
19748
19745
19741
19728
19710
19708
19699
19693
19646
19594
19558
19555
19528
19502
19489
19484
19478
19426
19365
19339
19331
19321
19303
19300
19300
19299
19283
19233
19226
19212
19199
19166
19164
19158
19132
19100
19088
19061
19037
19036
19011
18992
18965
18961
18927
18925
18910
18907
18889
18885
18864
18850
18838
18827
18810
18806
18787
18773
18768
18762
18761
18752
18723
18711
18709
18697
18658
18635
18632
18617
18616
18608
18606
18585
18578
18558
18549
18524
18494
18468
18459
18456
18454
18398
18397
18379
18353
18335
18312
18300
18285
18284
18270
18269
18263
18263
18234
18215
18211
18205
18196
18173
18170
18169
18159
18151
18108
18052
18048
18035
17988
17973
17927
17880
17848
17830
17827
17820
17777
17769
17738
17731
17731
17724
17718
17704
17694
17669
17661
17655
17636
17593
17573
17567
17544
17516
17514
17510
17509
17492
17488
17480
17471
17460
17457
17455
17445
17437
17427
17387
17386
17370
17368
17367
17364
17343
17334
17320
17282
17274
17260
17259
17235
17202
17162
17158
17149
17132
17132
17118
17114
17103
17070
17041
17029
17020
17006
17003
16998
16997
16995
16991
16968
16958
16952
16931
16925
16925
16922
16919
16907
16885
16885
16861
16860
16807
16802
16791
16781
16781
16773
16769
16766
16744
16736
16704
16694
16665
16660
16609
16593
16580
16569
16549
16549
16506
16504
16414
16390
16379
16349
16348
16314
16289
16276
16267
16262
16256
16239
16159
16097
16094
16080
16062
16030
16023
15995
15960
15959
15941
15922
15893
15863
15851
15850
15817
15779
15754
15718
15697
15686
15683
15662
15657
15638
15632
15565
15556
15504
15456
15453
15452
15444
15409
15408
15372
15372
15368
15365
15359
15353
15347
15319
15298
15290
15246
15231
15154
15142
15120
15046
15022
15019
15016
14949
14947
14902
14888
14881
14868
14863
14859
14845
14817
14791
14787
14786
14745
14737
14666
14640
14637
14618
14586
14567
14551
14547
14517
14492
14461
14456
14420
14386
14374
14325
14296
14291
14281
14246
14226
14211
14194
14192
14180
14148
14123
14096
14095
14030
14028
13994
13990
13973
13968
13939
13932
13927
13900
13875
13868
13864
13861
13840
13812
13806
13805
13801
13799
13787
13781
13774
13753
13723
13694
13662
13660
13639
13633
13620
13619
13579
13558
13539
13538
13522
13506
13481
13474
13446
13420
13418
13414
13412
13403
13359
13344
13334
13331
13318
13317
13311
13303
13271
13222
13222
13204
13201
13190
13175
13139
13139
13132
13121
13120
13094
13090
13047
13040
13032
13031
13030
13020
12944
12937
12896
12872
12838
12827
12810
12780
12776
12764
12758
12757
12753
12742
12731
12707
12703
12702
12686
12653
12633
12628
12594
12530
12489
12484
12479
12457
12443
12439
12439
12398
12383
12362
12350
12335
12320
12317
12308
12307
12275
12270
12267
12264
12253
12239
12153
12111
12110
12097
12078
12020
12012
11926
11864
11863
11854
11849
11848
11843
11814
11805
11784
11763
11735
11728
11693
11679
11659
11659
11653
11650
11635
11600
11593
11591
11584
11568
11549
11527
11519
11504
11496
11478
11474
11439
11409
11393
11380
11378
11353
11317
11295
11293
11291
11270
11262
11236
11228
11219
11193
11183
11183
11134
11113
11103
11086
11065
11056
11034
11033
11007
10998
10981
10962
10960
10959
10951
10873
10856
10840
10825
10795
10788
10761
10721
10719
10683
10678
10646
10638
10636
10634
10634
10628
10620
10612
10581
10560
10554
10551
10515
10511
10508
10442
10423
10421
10407
10393
10386
10376
10366
10329
10291
10280
10257
10251
10225
10204
10168
10158
10119
10118
10112
10089
10088
10071
10054
10046
10039
10018
10016
9999
9993
9993
9972
9968
9958
9948
9918
9889
9878
9875
9858
9855
9819
9818
9813
9802
9798
9792
9783
9777
9737
9722
9721
9706
9695
9690
9689
9688
9683
9675
9661
9659
9628
9622
9617
9595
9594
9587
9567
9547
9530
9522
9517
9510
9508
9496
9494
9459
9437
9417
9412
9412
9400
9389
9367
9340
9312
9306
9301
9298
9244
9228
9222
9209
9182
9171
9161
9156
9152
9150
9141
9126
9115
9084
9060
9029
9025
9000
8958
8937
8935
8929
8904
8889
8852
8831
8806
8804
8788
8773
8767
8728
8714
8674
8638
8637
8628
8626
8597
8568
8534
8517
8510
8509
8492
8442
8402
8359
8315
8281
8281
8250
8241
8235
8234
8219
8162
8150
8074
8061
8046
8031
8003
7999
7981
7963
7963
7937
7860
7841
7831
7824
7820
7815
7785
7770
7760
7742
7703
7703
7686
7673
7650
7626
7526
7514
7487
7472
7458
7435
7430
7402
7399
7387
7376
7364
7339
7339
7282
7281
7247
7239
7205
7158
7153
7150
7148
7140
7124
7087
7082
7044
7029
7008
6990
6988
6984
6960
6957
6911
6894
6857
6846
6834
6815
6800
6789
6742
6709
6687
6673
6672
6653
6631
6612
6594
6578
6542
6518
6518
6508
6498
6494
6457
6452
6439
6415
6409
6403
6383
6366
6352
6352
6346
6335
6331
6288
6268
6236
6200
6179
6144
6131
6131
6122
6116
6092
6088
6071
6061
6056
6037
6033
6030
6025
6021
5963
5949
5935
5876
5872
5858
5834
5833
5821
5808
5806
5792
5788
5780
5756
5735
5721
5698
5692
5692
5692
5688
5658
5654
5648
5632
5623
5621
5618
5617
5572
5538
5534
5511
5494
5447
5436
5416
5413
5411
5372
5370
5368
5365
5344
5314
5280
5237
5232
5231
5220
5202
5198
5192
5157
5144
5143
5140
5140
5114
5091
5090
5059
5045
5039
5005
4990
4989
4983
4980
4969
4966
4926
4912
4887
4859
4856
4853
4844
4839
4833
4802
4800
4754
4729
4687
4659
4647
4618
4612
4544
4539
4506
4479
4474
4474
4439
4435
4402
4394
4387
4362
4346
4343
4319
4304
4291
4272
4267
4261
4232
4182
4176
4169
4156
4153
4152
4147
4143
4143
4136
4135
4119
4101
4097
4046
4023
4017
4016
3958
3949
3942
3934
3928
3926
3911
3900
3870
3854
3849
3844
3818
3807
3780
3759
3747
3747
3731
3718
3663
3658
3630
3608
3582
3567
3544
3514
3482
3453
3440
3418
3416
3415
3395
3377
3360
3348
3336
3332
3306
3301
3292
3289
3280
3271
3256
3239
3222
3202
3161
3153
3146
3141
3105
3099
3081
3036
3029
3023
3015
3014
3000
2995
2968
2958
2930
2886
2843
2809
2779
2736
2734
2733
2725
2725
2698
2688
2609
2548
2526
2509
2505
2481
2480
2464
2431
2409
2400
2389
2385
2385
2378
2357
2341
2339
2336
2324
2306
2293
2261
2221
2217
2173
2156
2155
2148
2138
2117
2111
2104
2053
2052
2044
2039
2027
2024
1975
1973
1960
1945
1927
1926
1878
1876
1873
1803
1789
1782
1746
1735
1714
1682
1682
1666
1653
1650
1649
1641
1636
1630
1612
1607
1596
1591
1590
1579
1529
1526
1525
1501
1492
1471
1468
1464
1455
1452
1443
1442
1435
1422
1406
1404
1383
1382
1378
1337
1327
1322
1321
1315
1306
1305
1282
1276
1257
1239
1238
1232
1205
1176
1169
1166
1159
1117
1113
1041
1040
1016
1003
997
996
980
972
950
935
914
897
892
888
867
855
854
846
835
825
820
816
804
801
790
726
711
653
644
639
603
600
589
536
531
514
512
511
503
502
485
467
460
456
452
437
419
399
378
371
328
294
291
284
259
240
237
230
228
206
205
196
186
185
178
156
98
85
83
67
49
42
2
