32760
32760
32757
32746
32744
32738
32736
32729
32725
32725
32721
32721
32719
32712
32707
32697
32696
32692
32685
32681
32680
32676
32675
32669
32667
32652
32650
32646
32636
32636
32633
32632
32631
32628
32626
32622
32613
32613
32610
32605
32588
32570
32568
32566
32555
32555
32552
32551
32550
32550
32549
32546
32545
32539
32535
32534
32530
32528
32527
32525
32522
32519
32517
32514
32511
32503
32502
32501
32495
32494
32494
32493
32493
32492
32492
32484
32483
32481
32474
32474
32473
32472
32469
32467
32457
32456
32450
32448
32447
32445
32443
32441
32439
32436
32425
32423
32418
32417
32413
32413
32410
32409
32409
32406
32406
32405
32405
32404
32403
32398
32397
32394
32388
32379
32378
32377
32376
32374
32369
32369
32364
32361
32361
32360
32360
32352
32343
32342
32342
32342
32341
32340
32338
32334
32330
32329
32328
32323
32323
32317
32308
32301
32292
32291
32290
32286
32281
32268
32263
32263
32260
32260
32258
32252
32247
32236
32233
32226
32224
32218
32217
32217
32216
32215
32214
32212
32211
32208
32206
32204
32194
32192
32189
32186
32184
32182
32181
32180
32179
32174
32173
32173
32171
32169
32167
32167
32165
32164
32159
32159
32158
32157
32155
32152
32143
32143
32136
32135
32133
32129
32126
32119
32118
32116
32108
32104
32102
32101
32099
32099
32098
32096
32095
32091
32088
32085
32085
32083
32082
32081
32078
32075
32075
32073
32072
32070
32066
32065
32065
32064
32061
32059
32058
32055
32053
32051
32049
32042
32041
32032
32029
32025
32023
32015
32012
32001
31999
31998
31997
31995
31992
31983
31982
31980
31975
31975
31974
31969
31969
31965
31959
31957
31957
31954
31953
31952
31952
31950
31948
31946
31945
31944
31941
31933
31931
31927
31920
31918
31917
31915
31915
31903
31900
31891
31890
31886
31882
31877
31877
31873
31870
31870
31865
31859
31846
31846
31843
31841
31836
31830
31825
31823
31819
31811
31809
31808
31807
31806
31797
31796
31795
31794
31790
31788
31786
31785
31782
31781
31780
31776
31762
31762
31760
31759
31759
31754
31753
31751
31749
31746
31743
31740
31732
31730
31729
31727
31720
31720
31720
31719
31716
31715
31710
31705
31705
31702
31698
31688
31684
31682
31680
31679
31677
31670
31666
31657
31657
31654
31652
31645
31640
31637
31629
31625
31617
31615
31615
31610
31609
31606
31605
31605
31604
31603
31598
31591
31589
31589
31588
31588
31586
31583
31580
31576
31575
31574
31568
31566
31564
31563
31549
31549
31548
31545
31543
31543
31539
31537
31529
31527
31516
31515
31513
31513
31507
31506
31505
31502
31502
31500
31499
31499
31498
31487
31487
31477
31477
31469
31468
31466
31466
31464
31464
31460
31458
31456
31456
31455
31455
31448
31448
31448
31447
31436
31435
31434
31430
31428
31428
31423
31420
31419
31416
31415
31408
31402
31397
31391
31390
31390
31386
31383
31381
31381
31375
31371
31369
31364
31364
31363
31360
31356
31347
31346
31334
31334
31334
31331
31330
31322
31322
31320
31319
31314
31308
31306
31303
31302
31302
31288
31288
31281
31279
31273
31265
31262
31258
31257
31256
31254
31252
31252
31252
31245
31245
31243
31242
31241
31236
31230
31227
31226
31223
31223
31223
31222
31219
31216
31215
31213
31212
31208
31204
31200
31200
31199
31191
31171
31170
31170
31160
31159
31158
31146
31140
31140
31123
31120
31120
31116
31111
31107
31101
31097
31092
31088
31088
31077
31073
31070
31067
31066
31062
31048
31045
31042
31038
31037
31036
31033
31032
31031
31031
31031
31022
31021
31012
31011
31009
31009
30998
30988
30985
30978
30975
30967
30965
30962
30957
30955
30948
30948
30945
30942
30941
30939
30937
30934
30930
30928
30928
30923
30918
30916
30915
30915
30915
30901
30897
30895
30894
30889
30889
30887
30885
30883
30883
30881
30879
30861
30860
30856
30846
30846
30828
30823
30821
30820
30819
30816
30816
30813
30809
30802
30798
30795
30792
30792
30791
30791
30789
30787
30785
30782
30776
30768
30766
30765
30760
30760
30755
30744
30743
30740
30737
30735
30728
30728
30721
30719
30715
30709
30708
30698
30691
30691
30690
30689
30687
30685
30682
30682
30681
30680
30675
30673
30672
30672
30667
30656
30656
30654
30654
30651
30647
30641
30635
30634
30634
30632
30631
30629
30621
30617
30617
30613
30608
30607
30606
30604
30598
30594
30588
30586
30580
30580
30579
30573
30573
30572
30572
30570
30569
30568
30562
30562
30562
30560
30558
30552
30550
30546
30545
30537
30535
30535
30527
30526
30521
30513
30510
30509
30507
30505
30503
30501
30497
30493
30488
30487
30484
30481
30481
30479
30478
30473
30473
30472
30468
30466
30465
30461
30457
30455
30455
30448
30447
30435
30435
30433
30425
30420
30416
30415
30409
30399
30396
30391
30390
30389
30385
30381
30380
30378
30378
30377
30366
30366
30364
30355
30354
30354
30345
30344
30339
30339
30339
30324
30324
30316
30308
30305
30303
30300
30292
30288
30287
30283
30282
30282
30280
30276
30270
30268
30267
30263
30258
30250
30248
30243
30243
30240
30236
30236
30233
30233
30231
30219
30207
30203
30203
30198
30189
30186
30182
30181
30160
30158
30156
30152
30144
30144
30140
30138
30135
30131
30129
30126
30126
30125
30121
30119
30118
30115
30115
30112
30112
30110
30108
30106
30103
30102
30102
30093
30089
30088
30082
30077
30069
30063
30063
30062
30061
30058
30050
30050
30037
30036
30030
30030
30020
30015
30014
30014
30014
30007
30007
30006
30005
30004
29995
29991
29988
29987
29987
29985
29982
29981
29974
29973
29972
29967
29966
29954
29944
29944
29938
29936
29933
29932
29931
29923
29922
29921
29918
29917
29915
29913
29912
29910
29910
29908
29908
29903
29903
29900
29898
29896
29894
29891
29888
29882
29881
29881
29880
29879
29873
29869
29863
29856
29849
29844
29841
29837
29836
29836
29830
29829
29826
29825
29825
29824
29811
29811
29810
29808
29806
29805
29805
29803
29799
29796
29789
29782
29779
29770
29767
29765
29765
29763
29762
29761
29751
29751
29745
29738
29727
29727
29712
29701
29699
29691
29691
29676
29673
29671
29670
29668
29667
29663
29663
29656
29653
29651
29646
29638
29635
29623
29622
29620
29619
29618
29614
29613
29612
29610
29606
29600
29599
29599
29596
29594
29592
29591
29582
29580
29579
29579
29577
29576
29576
29574
29569
29569
29567
29560
29555
29554
29553
29553
29551
29548
29545
29543
29519
29511
29511
29510
29510
29510
29499
29495
29485
29485
29484
29480
29476
29476
29471
29470
29469
29469
29462
29458
29455
29453
29440
29439
29437
29433
29431
29430
29429
29428
29421
29414
29414
29412
29406
29405
29404
29402
29397
29397
29392
29392
29390
29385
29374
29372
29369
29364
29359
29358
29353
29352
29345
29341
29340
29337
29332
29332
29329
29326
29318
29313
29305
29305
29301
29301
29298
29295
29294
29285
29277
29272
29262
29252
29251
29248
29239
29237
29236
29233
29226
29226
29224
29221
29220
29218
29212
29207
29206
29205
29205
29203
29201
29188
29174
29173
29171
29158
29156
29146
29142
29140
29137
29135
29134
29122
29120
29118
29117
29115
29111
29107
29107
29105
29100
29099
29098
29096
29089
29088
29086
29085
29083
29083
29081
29080
29079
29078
29076
29075
29072
29071
29070
29068
29067
29064
29063
29060
29055
29054
29049
29044
29043
29039
29038
29031
29031
29023
29019
29018
29003
29000
28993
28991
28991
28989
28983
28981
28980
28978
28976
28976
28968
28962
28958
28957
28953
28948
28948
28941
28940
28940
28939
28939
28937
28937
28935
28935
28933
28933
28932
28926
28926
28926
28925
28923
28922
28920
28898
28894
28892
28883
28881
28878
28875
28868
28867
28865
28856
28855
28853
28849
28844
28838
28838
28836
28835
28830
28830
28829
28827
28826
28816
28812
28806
28803
28799
28798
28798
28795
28795
28792
28792
28790
28789
28787
28784
28782
28781
28781
28774
28771
28768
28762
28760
28759
28752
28752
28743
28743
28741
28739
28735
28735
28733
28731
28729
28726
28725
28723
28714
28713
28710
28705
28703
28701
28697
28695
28693
28684
28682
28677
28677
28675
28675
28673
28671
28668
28666
28665
28664
28658
28657
28655
28650
28647
28646
28645
28630
28621
28620
28620
28617
28612
28596
28595
28594
28585
28584
28582
28575
28572
28571
28569
28567
28566
28564
28559
28554
28546
28540
28537
28536
28534
28527
28524
28524
28519
28510
28507
28500
28498
28497
28495
28492
28487
28485
28485
28483
28483
28478
28476
28473
28473
28469
28466
28465
28463
28463
28462
28444
28439
28439
28435
28433
28430
28427
28424
28415
28404
28400
28399
28396
28395
28380
28378
28375
28372
28358
28357
28344
28343
28334
28326
28322
28319
28315
28312
28307
28306
28300
28295
28290
28289
28289
28283
28277
28274
28274
28269
28267
28259
28253
28241
28237
28226
28220
28218
28217
28215
28213
28211
28211
28209
28205
28202
28196
28194
28189
28178
28174
28172
28171
28171
28164
28163
28160
28158
28148
28145
28145
28134
28134
28130
28129
28126
28124
28117
28110
28100
28099
28091
28088
28087
28086
28083
28083
28082
28080
28074
28064
28060
28059
28057
28056
28056
28052
28049
28049
28047
28044
28027
28017
28006
28006
28005
28004
28001
27992
27990
27988
27987
27982
27982
27972
27969
27966
27958
27958
27955
27953
27951
27949
27948
27947
27939
27925
27921
27918
27917
27908
27907
27906
27903
27902
27900
27899
27897
27896
27895
27895
27894
27883
27883
27880
27878
27878
27874
27863
27862
27861
27853
27853
27843
27842
27840
27840
27838
27831
27830
27818
27816
27814
27813
27813
27808
27808
27805
27804
27804
27801
27794
27789
27789
27786
27779
27778
27772
27753
27752
27750
27750
27743
27743
27740
27733
27733
27732
27732
27728
27727
27720
27718
27718
27713
27711
27709
27708
27708
27707
27706
27703
27701
27694
27691
27689
27688
27687
27687
27683
27681
27680
27676
27674
27674
27671
27657
27655
27654
27642
27642
27639
27636
27634
27634
27630
27628
27615
27613
27608
27603
27602
27595
27591
27589
27587
27585
27584
27584
27579
27577
27575
27574
27572
27570
27565
27564
27564
27563
27562
27558
27557
27551
27548
27539
27536
27530
27527
27521
27517
27516
27514
27505
27501
27501
27500
27484
27481
27479
27477
27477
27471
27467
27464
27464
27459
27457
27457
27452
27448
27443
27441
27437
27437
27434
27432
27429
27421
27413
27412
27406
27403
27392
27392
27388
27383
27382
27381
27381
27379
27379
27367
27362
27356
27356
27345
27344
27338
27334
27331
27330
27329
27325
27323
27321
27320
27320
27313
27313
27312
27312
27310
27309
27308
27302
27299
27298
27297
27293
27287
27284
27277
27272
27272
27270
27269
27266
27260
27252
27247
27243
27241
27233
27232
27231
27228
27223
27219
27217
27215
27213
27211
27209
27188
27188
27187
27183
27182
27179
27176
27167
27165
27163
27161
27161
27157
27155
27148
27132
27131
27127
27126
27120
27117
27117
27116
27113
27105
27102
27100
27099
27099
27092
27081
27081
27077
27076
27071
27070
27067
27066
27061
27061
27059
27052
27043
27040
27036
27035
27033
27026
27023
27019
27008
27008
27007
27006
27005
26997
26992
26988
26988
26988
26983
26983
26983
26982
26980
26977
26976
26975
26969
26960
26959
26955
26954
26951
26949
26947
26946
26944
26943
26938
26931
26927
26927
26926
26922
26911
26905
26904
26900
26899
26897
26895
26888
26882
26881
26881
26875
26872
26872
26871
26870
26870
26864
26863
26861
26859
26856
26855
26845
26842
26837
26827
26825
26822
26820
26820
26800
26793
26791
26784
26781
26781
26776
26774
26771
26769
26764
26759
26755
26754
26753
26749
26749
26747
26743
26739
26738
26736
26730
26729
26725
26724
26722
26720
26716
26707
26699
26696
26691
26689
26686
26684
26683
26680
26680
26678
26677
26675
26674
26673
26669
26668
26662
26655
26650
26647
26647
26645
26641
26637
26632
26629
26627
26623
26617
26604
26603
26603
26601
26596
26596
26594
26590
26587
26584
26584
26584
26582
26582
26578
26576
26570
26565
26555
26552
26549
26543
26543
26541
26540
26536
26535
26535
26533
26531
26529
26528
26524
26516
26512
26511
26505
26504
26504
26499
26488
26478
26476
26474
26473
26473
26471
26465
26456
26452
26451
26450
26446
26443
26437
26433
26429
26427
26426
26422
26416
26408
26406
26406
26405
26397
26395
26390
26386
26385
26376
26370
26370
26368
26355
26354
26352
26351
26347
26346
26344
26342
26340
26340
26334
26333
26332
26330
26324
26322
26322
26319
26318
26316
26305
26301
26300
26298
26298
26294
26293
26293
26293
26290
26278
26273
26270
26266
26260
26254
26250
26248
26245
26233
26222
26216
26214
26214
26204
26203
26189
26189
26182
26180
26180
26177
26170
26166
26165
26164
26163
26156
26154
26154
26150
26144
26141
26135
26133
26132
26132
26129
26106
26101
26097
26092
26084
26082
26079
26078
26077
26076
26074
26070
26067
26067
26063
26061
26058
26058
26058
26057
26052
26052
26049
26049
26039
26031
26021
26005
26003
26001
25999
25986
25985
25981
25974
25973
25972
25965
25964
25963
25962
25953
25945
25944
25941
25936
25931
25931
25924
25909
25909
25907
25896
25895
25894
25891
25891
25890
25885
25878
25876
25873
25870
25868
25866
25861
25860
25859
25856
25852
25844
25843
25838
25834
25832
25831
25825
25824
25819
25815
25815
25810
25803
25801
25799
25795
25795
25795
25788
25783
25780
25778
25775
25770
25769
25765
25760
25759
25755
25755
25749
25749
25745
25745
25744
25743
25741
25739
25735
25729
25721
25718
25716
25713
25709
25705
25703
25700
25696
25689
25688
25682
25678
25677
25675
25668
25667
25663
25663
25659
25657
25652
25648
25646
25642
25640
25639
25639
25631
25629
25628
25627
25627
25625
25624
25621
25618
25610
25604
25604
25596
25595
25594
25593
25592
25592
25590
25581
25577
25574
25566
25565
25562
25561
25554
25553
25551
25548
25546
25545
25542
25541
25539
25539
25533
25522
25521
25518
25516
25514
25511
25507
25506
25505
25502
25501
25500
25498
25498
25490
25490
25489
25489
25483
25482
25475
25472
25470
25469
25468
25466
25466
25462
25458
25456
25456
25448
25443
25435
25433
25430
25420
25417
25417
25416
25413
25408
25405
25404
25400
25397
25396
25394
25392
25391
25381
25381
25380
25367
25360
25360
25356
25350
25348
25345
25343
25343
25342
25338
25336
25334
25333
25332
25331
25323
25322
25321
25316
25316
25314
25306
25304
25303
25299
25292
25291
25290
25289
25287
25281
25277
25273
25273
25273
25268
25267
25255
25255
25245
25240
25238
25230
25228
25227
25222
25221
25219
25217
25216
25215
25212
25201
25197
25191
25186
25183
25176
25172
25170
25169
25160
25160
25158
25156
25155
25154
25151
25143
25142
25141
25137
25132
25131
25129
25122
25119
25107
25104
25103
25100
25094
25092
25090
25090
25089
25087
25085
25080
25078
25075
25070
25067
25067
25065
25060
25059
25058
25057
25056
25055
25055
25054
25053
25046
25044
25042
25042
25035
25031
25030
25028
25026
25025
25018
25018
25018
25016
25016
25016
25015
25005
25000
24998
24998
24996
24994
24994
24972
24972
24970
24970
24963
24962
24943
24942
24941
24940
24938
24937
24934
24932
24930
24927
24924
24923
24922
24921
24919
24916
24912
24904
24902
24901
24899
24895
24893
24891
24888
24887
24887
24886
24881
24878
24877
24876
24876
24875
24875
24874
24871
24871
24867
24867
24866
24857
24855
24853
24846
24844
24842
24839
24838
24837
24833
24820
24809
24807
24801
24798
24796
24795
24794
24791
24789
24789
24782
24776
24776
24774
24774
24774
24773
24770
24761
24759
24756
24753
24752
24750
24749
24746
24745
24744
24743
24741
24741
24740
24736
24736
24727
24724
24720
24719
24718
24718
24717
24717
24717
24713
24709
24707
24694
24691
24687
24687
24682
24681
24680
24677
24677
24675
24667
24665
24664
24662
24658
24654
24649
24647
24647
24641
24638
24635
24634
24633
24631
24626
24626
24622
24618
24616
24611
24611
24608
24603
24601
24599
24598
24585
24583
24583
24582
24579
24574
24569
24568
24564
24562
24559
24555
24550
24542
24541
24536
24529
24516
24508
24508
24507
24505
24503
24501
24498
24492
24490
24485
24484
24483
24481
24468
24466
24464
24461
24461
24457
24446
24446
24431
24429
24429
24427
24426
24424
24424
24414
24411
24407
24401
24398
24396
24395
24394
24391
24390
24387
24369
24367
24367
24361
24349
24336
24334
24333
24333
24331
24330
24330
24327
24326
24326
24326
24325
24320
24320
24319
24319
24319
24316
24314
24314
24310
24305
24300
24298
24294
24288
24287
24283
24280
24270
24269
24261
24255
24250
24248
24243
24242
24236
24235
24234
24230
24229
24228
24227
24224
24220
24218
24217
24216
24214
24210
24207
24197
24193
24187
24184
24158
24155
24153
24147
24142
24139
24136
24134
24132
24132
24131
24124
24122
24117
24117
24114
24114
24112
24109
24106
24106
24104
24096
24092
24091
24089
24085
24082
24080
24080
24072
24071
24071
24068
24064
24053
24051
24044
24041
24036
24033
24029
24024
24022
24013
24006
24003
23995
23994
23990
23976
23973
23968
23967
23966
23964
23963
23953
23952
23938
23937
23931
23927
23923
23921
23917
23917
23915
23915
23913
23895
23895
23894
23887
23878
23876
23875
23875
23870
23866
23862
23855
23854
23847
23846
23843
23838
23836
23835
23831
23828
23824
23821
23821
23819
23817
23817
23813
23809
23808
23798
23795
23784
23784
23777
23776
23773
23773
23771
23766
23758
23747
23747
23744
23738
23735
23730
23725
23720
23718
23717
23717
23713
23712
23703
23699
23697
23691
23689
23685
23675
23674
23668
23668
23661
23660
23650
23649
23648
23647
23645
23644
23640
23639
23638
23638
23630
23627
23626
23626
23625
23624
23612
23612
23608
23607
23605
23603
23600
23595
23595
23588
23582
23571
23566
23564
23562
23557
23556
23554
23551
23548
23546
23542
23541
23541
23531
23525
23519
23518
23518
23508
23502
23501
23495
23491
23488
23483
23483
23472
23472
23471
23470
23466
23464
23459
23458
23457
23456
23453
23452
23452
23449
23449
23443
23436
23433
23426
23424
23423
23415
23413
23412
23411
23409
23408
23403
23401
23399
23398
23397
23397
23394
23392
23391
23384
23384
23379
23376
23376
23375
23374
23371
23367
23361
23357
23355
23352
23352
23349
23348
23335
23334
23332
23332
23327
23326
23324
23323
23322
23320
23311
23310
23309
23298
23297
23297
23296
23295
23292
23291
23289
23289
23286
23283
23283
23279
23279
23278
23277
23277
23275
23269
23269
23266
23263
23263
23260
23259
23256
23255
23240
23239
23231
23228
23228
23224
23220
23218
23208
23199
23199
23196
23194
23194
23193
23190
23186
23181
23180
23179
23176
23171
23168
23163
23159
23158
23155
23152
23152
23144
23133
23131
23127
23122
23121
23112
23107
23106
23102
23099
23097
23094
23093
23093
23089
23084
23060
23060
23059
23056
23043
23038
23034
23032
23031
23028
23028
23025
23023
23023
23021
23020
23019
23016
23011
23010
23009
23009
23007
23006
23005
23004
23003
22998
22995
22995
22995
22994
22992
22988
22982
22976
22970
22969
22967
22964
22951
22950
22946
22936
22933
22933
22923
22922
22920
22918
22918
22911
22907
22901
22900
22898
22894
22884
22870
22867
22863
22859
22858
22858
22855
22854
22850
22839
22826
22823
22822
22819
22817
22814
22812
22810
22809
22807
22806
22805
22800
22797
22795
22793
22788
22787
22787
22783
22779
22776
22776
22775
22775
22774
22772
22768
22767
22765
22764
22750
22735
22735
22730
22724
22722
22722
22721
22721
22719
22718
22717
22716
22709
22709
22704
22700
22699
22686
22685
22685
22676
22674
22666
22664
22657
22653
22651
22649
22648
22645
22645
22638
22635
22633
22631
22630
22628
22624
22621
22616
22615
22614
22610
22605
22600
22596
22595
22591
22589
22588
22587
22585
22584
22583
22573
22571
22567
22555
22544
22542
22542
22535
22534
22534
22531
22526
22521
22521
22516
22514
22509
22497
22497
22492
22490
22489
22488
22488
22488
22484
22475
22465
22453
22452
22452
22447
22445
22445
22445
22443
22442
22438
22435
22426
22421
22419
22416
22415
22399
22396
22394
22383
22382
22373
22371
22364
22363
22357
22355
22353
22351
22348
22348
22346
22345
22345
22344
22338
22337
22333
22330
22327
22323
22321
22318
22316
22316
22313
22306
22306
22300
22298
22296
22296
22293
22291
22288
22287
22285
22284
22280
22275
22274
22273
22272
22267
22265
22259
22256
22252
22246
22243
22240
22236
22236
22233
22222
22221
22210
22210
22209
22209
22202
22197
22193
22191
22184
22179
22175
22174
22170
22161
22160
22160
22152
22149
22148
22146
22145
22142
22140
22140
22139
22128
22126
22121
22114
22112
22106
22100
22100
22097
22094
22094
22093
22092
22084
22082
22081
22080
22078
22078
22077
22077
22075
22074
22072
22071
22062
22061
22060
22060
22058
22054
22049
22047
22041
22040
22036
22026
22024
22017
22016
22014
22010
22010
22007
22005
22001
21996
21993
21992
21992
21983
21976
21974
21972
21971
21970
21966
21964
21963
21963
21952
21950
21945
21944
21944
21943
21943
21941
21939
21938
21924
21915
21915
21913
21911
21908
21907
21900
21898
21898
21898
21895
21879
21879
21874
21868
21864
21863
21862
21861
21859
21858
21854
21847
21844
21843
21842
21841
21840
21839
21836
21832
21828
21827
21819
21817
21816
21814
21812
21798
21796
21796
21796
21794
21789
21781
21781
21779
21778
21772
21771
21759
21759
21753
21751
21747
21739
21736
21734
21731
21730
21726
21726
21715
21713
21710
21709
21706
21700
21697
21696
21692
21688
21684
21682
21675
21671
21671
21666
21664
21664
21658
21647
21645
21641
21639
21637
21634
21630
21624
21618
21611
21610
21607
21604
21602
21601
21600
21595
21594
21592
21580
21574
21574
21571
21569
21568
21567
21566
21561
21559
21547
21541
21541
21534
21532
21530
21527
21526
21521
21516
21513
21513
21512
21509
21508
21504
21503
21500
21496
21489
21489
21489
21488
21482
21474
21472
21466
21465
21462
21461
21457
21452
21442
21442
21439
21434
21430
21427
21417
21412
21409
21408
21407
21401
21393
21391
21387
21386
21382
21375
21369
21364
21362
21354
21353
21349
21349
21346
21345
21338
21333
21332
21332
21332
21331
21316
21315
21315
21315
21311
21310
21309
21302
21302
21299
21297
21295
21294
21289
21287
21285
21285
21285
21283
21281
21281
21280
21280
21278
21275
21274
21273
21272
21271
21270
21267
21264
21263
21263
21255
21255
21252
21251
21248
21242
21238
21235
21230
21228
21225
21217
21213
21208
21200
21196
21194
21193
21182
21181
21180
21175
21173
21173
21168
21164
21163
21160
21160
21158
21157
21155
21151
21143
21128
21127
21126
21120
21119
21111
21109
21103
21093
21091
21082
21079
21074
21071
21064
21063
21056
21052
21050
21049
21043
21041
21041
21031
21028
21027
21025
21023
21016
21014
21003
21003
21002
20991
20990
20989
20978
20976
20973
20964
20959
20955
20934
20928
20928
20925
20925
20923
20915
20909
20903
20900
20898
20896
20887
20887
20883
20883
20882
20880
20880
20875
20873
20873
20872
20870
20865
20856
20841
20839
20836
20832
20828
20827
20826
20825
20819
20814
20807
20806
20801
20798
20796
20792
20787
20787
20774
20774
20771
20771
20767
20762
20757
20756
20749
20744
20741
20740
20739
20739
20738
20731
20728
20728
20727
20725
20720
20714
20712
20709
20701
20700
20699
20699
20696
20693
20691
20686
20685
20684
20684
20677
20674
20672
20671
20667
20666
20657
20656
20654
20650
20641
20637
20634
20631
20629
20617
20617
20613
20613
20611
20610
20610
20609
20607
20599
20595
20591
20590
20589
20578
20577
20573
20573
20572
20569
20569
20568
20568
20563
20561
20559
20559
20558
20558
20552
20545
20544
20543
20542
20532
20527
20525
20519
20514
20514
20513
20507
20504
20502
20499
20498
20493
20493
20478
20472
20472
20471
20460
20460
20452
20452
20448
20446
20446
20445
20445
20436
20435
20432
20430
20429
20424
20422
20420
20419
20414
20409
20407
20407
20406
20399
20396
20392
20387
20386
20384
20384
20384
20375
20374
20369
20369
20368
20365
20359
20354
20354
20352
20351
20350
20346
20345
20344
20343
20336
20328
20326
20323
20311
20309
20309
20307
20298
20297
20296
20296
20294
20286
20283
20283
20281
20280
20279
20275
20274
20273
20269
20264
20260
20258
20258
20254
20253
20250
20249
20249
20246
20244
20242
20239
20238
20235
20235
20231
20231
20231
20230
20227
20224
20221
20217
20217
20217
20212
20208
20205
20204
20204
20203
20202
20200
20198
20198
20197
20196
20193
20193
20191
20190
20180
20177
20175
20175
20174
20165
20159
20157
20157
20157
20150
20146
20141
20140
20138
20136
20135
20132
20130
20130
20125
20123
20122
20122
20121
20114
20112
20111
20104
20104
20103
20101
20098
20097
20087
20081
20080
20076
20075
20073
20072
20071
20069
20068
20068
20066
20066
20062
20052
20049
20048
20043
20034
20031
20029
20028
20027
20024
20022
20022
20022
20020
20003
19991
19991
19984
19983
19983
19982
19980
19980
19973
19970
19968
19962
19958
19956
19951
19950
19950
19944
19935
19930
19929
19928
19928
19921
19917
19915
19914
19912
19912
19911
19907
19905
19900
19900
19899
19898
19897
19892
19891
19888
19885
19881
19881
19880
19878
19877
19875
19872
19871
19854
19853
19850
19846
19841
19841
19841
19840
19837
19830
19829
19829
19827
19825
19824
19822
19813
19810
19795
19795
19789
19786
19783
19776
19776
19775
19775
19775
19773
19771
19771
19769
19761
19756
19752
19747
19744
19743
19743
19736
19734
19732
19732
19732
19730
19728
19728
19727
19718
19710
19705
19700
19696
19692
19687
19687
19682
19680
19673
19670
19667
19666
19665
19662
19660
19660
19655
19650
19649
19648
19645
19642
19627
19626
19626
19624
19620
19616
19614
19614
19610
19608
19605
19603
19602
19600
19599
19599
19598
19593
19593
19590
19574
19573
19567
19566
19556
19552
19552
19548
19540
19533
19528
19520
19516
19511
19510
19510
19510
19508
19508
19493
19493
19493
19487
19486
19479
19479
19478
19462
19451
19442
19441
19440
19438
19436
19433
19431
19424
19424
19422
19418
19413
19406
19406
19404
19401
19401
19399
19396
19396
19394
19393
19392
19391
19380
19375
19375
19368
19357
19354
19354
19353
19348
19345
19342
19341
19338
19335
19334
19326
19318
19317
19315
19312
19311
19305
19305
19300
19298
19295
19286
19281
19279
19276
19270
19262
19262
19262
19259
19259
19257
19252
19250
19248
19246
19240
19236
19234
19229
19222
19218
19215
19213
19209
19209
19205
19204
19200
19199
19198
19195
19194
19189
19181
19180
19173
19173
19171
19166
19163
19155
19152
19152
19149
19144
19143
19136
19124
19119
19116
19115
19114
19113
19111
19111
19111
19110
19108
19100
19098
19091
19086
19084
19084
19077
19074
19071
19069
19068
19066
19065
19058
19056
19054
19050
19048
19047
19047
19045
19041
19040
19037
19034
19030
19024
19021
19021
19020
19010
19007
19005
19004
19003
18998
18994
18989
18973
18972
18972
18969
18968
18967
18964
18962
18956
18949
18941
18941
18940
18937
18936
18933
18930
18925
18923
18919
18918
18917
18913
18911
18900
18888
18882
18879
18874
18873
18871
18868
18867
18867
18860
18854
18852
18851
18846
18839
18836
18835
18835
18833
18833
18833
18830
18830
18828
18828
18825
18824
18823
18818
18817
18813
18810
18803
18793
18791
18788
18785
18785
18782
18780
18780
18779
18779
18775
18771
18769
18768
18756
18756
18754
18745
18738
18732
18728
18724
18722
18720
18712
18708
18707
18702
18693
18692
18683
18682
18680
18678
18677
18675
18675
18674
18672
18671
18670
18670
18665
18665
18660
18655
18653
18652
18642
18642
18640
18639
18637
18636
18633
18625
18617
18611
18610
18609
18600
18597
18594
18594
18593
18589
18586
18584
18584
18581
18580
18574
18572
18571
18570
18564
18564
18564
18561
18559
18558
18556
18556
18554
18552
18551
18543
18542
18541
18541
18538
18537
18536
18536
18530
18525
18524
18522
18519
18516
18512
18509
18508
18506
18504
18501
18500
18496
18496
18495
18494
18493
18491
18488
18488
18485
18484
18483
18475
18474
18473
18473
18472
18459
18457
18451
18448
18448
18448
18447
18444
18437
18430
18427
18426
18421
18421
18418
18402
18401
18401
18397
18397
18396
18385
18381
18376
18376
18376
18374
18371
18371
18365
18362
18359
18353
18348
18343
18338
18335
18335
18335
18331
18323
18322
18321
18314
18314
18314
18306
18305
18296
18295
18285
18284
18283
18283
18270
18265
18265
18263
18260
18259
18257
18250
18244
18241
18237
18237
18236
18233
18230
18229
18226
18220
18219
18215
18214
18204
18203
18203
18201
18200
18199
18192
18190
18182
18176
18171
18165
18156
18155
18145
18140
18138
18137
18135
18133
18124
18124
18120
18112
18112
18112
18107
18106
18104
18103
18093
18091
18083
18083
18082
18079
18071
18066
18065
18059
18050
18045
18043
18042
18041
18035
18033
18026
18026
18026
18023
18023
18021
18019
18017
18017
18013
18002
17997
17992
17989
17987
17982
17980
17979
17976
17970
17961
17961
17948
17944
17931
17926
17926
17921
17918
17916
17914
17912
17911
17896
17895
17895
17894
17893
17889
17889
17886
17880
17878
17872
17870
17870
17868
17866
17864
17856
17851
17851
17849
17848
17846
17842
17841
17840
17840
17836
17834
17832
17829
17827
17825
17825
17825
17822
17820
17820
17813
17808
17807
17803
17802
17800
17799
17794
17793
17792
17790
17785
17785
17780
17776
17769
17761
17758
17757
17751
17750
17744
17741
17736
17736
17731
17728
17728
17722
17718
17715
17713
17708
17702
17698
17696
17687
17683
17681
17676
17667
17665
17661
17660
17654
17653
17649
17648
17648
17647
17646
17643
17637
17635
17634
17634
17633
17631
17624
17620
17612
17604
17600
17597
17593
17588
17588
17587
17585
17585
17579
17572
17570
17569
17569
17569
17564
17563
17562
17562
17558
17556
17546
17545
17545
17540
17540
17539
17538
17537
17533
17523
17521
17507
17500
17497
17496
17495
17493
17491
17486
17484
17475
17468
17467
17465
17464
17454
17454
17452
17447
17446
17444
17439
17436
17432
17432
17431
17426
17425
17424
17424
17417
17407
17402
17400
17391
17384
17383
17383
17376
17375
17375
17375
17372
17355
17352
17349
17347
17340
17340
17333
17330
17327
17325
17320
17312
17308
17304
17304
17301
17300
17297
17291
17289
17289
17284
17279
17277
17277
17271
17267
17260
17257
17248
17247
17239
17236
17231
17216
17215
17212
17211
17203
17202
17194
17190
17186
17178
17170
17168
17166
17162
17160
17159
17154
17152
17152
17149
17144
17143
17133
17132
17113
17106
17103
17101
17082
17081
17075
17074
17074
17073
17072
17061
17059
17050
17050
17038
17038
17038
17035
17027
17026
17020
17019
17018
17017
17016
17015
17009
17007
17005
17004
16993
16993
16993
16990
16985
16981
16981
16971
16967
16966
16963
16963
16957
16955
16953
16953
16949
16942
16934
16932
16929
16924
16924
16923
16919
16917
16913
16910
16908
16908
16907
16903
16900
16899
16899
16893
16890
16889
16873
16869
16869
16868
16867
16854
16848
16843
16842
16840
16838
16838
16835
16830
16827
16826
16826
16825
16824
16822
16821
16810
16806
16801
16801
16799
16795
16795
16788
16783
16780
16777
16775
16773
16772
16770
16765
16763
16763
16762
16761
16751
16746
16745
16740
16740
16739
16737
16734
16725
16717
16715
16714
16713
16713
16712
16709
16703
16698
16696
16686
16680
16679
16679
16675
16675
16667
16666
16666
16665
16664
16660
16644
16642
16641
16640
16634
16629
16629
16629
16624
16624
16621
16618
16615
16614
16613
16612
16604
16603
16601
16593
16591
16582
16582
16578
16572
16571
16570
16561
16556
16548
16547
16545
16543
16542
16525
16523
16521
16517
16517
16509
16509
16508
16508
16508
16504
16500
16499
16496
16490
16490
16490
16490
16479
16478
16478
16471
16465
16465
16460
16457
16454
16449
16448
16447
16445
16440
16437
16433
16429
16419
16412
16410
16408
16405
16403
16403
16400
16400
16394
16393
16388
16385
16380
16374
16371
16370
16362
16362
16360
16359
16356
16356
16353
16352
16348
16346
16342
16338
16334
16334
16329
16327
16326
16323
16315
16315
16315
16305
16304
16303
16300
16295
16292
16291
16289
16284
16274
16271
16265
16265
16265
16264
16258
16255
16252
16249
16245
16244
16240
16240
16238
16238
16235
16234
16232
16231
16228
16221
16212
16211
16209
16204
16200
16199
16197
16196
16189
16185
16179
16177
16162
16160
16160
16150
16148
16138
16137
16129
16127
16127
16126
16125
16118
16117
16116
16115
16110
16106
16104
16101
16095
16093
16093
16090
16086
16084
16077
16073
16072
16072
16056
16056
16055
16054
16048
16046
16046
16036
16035
16034
16026
16023
16023
16022
16018
16004
15990
15989
15986
15980
15977
15970
15969
15962
15962
15956
15951
15947
15942
15940
15939
15938
15938
15937
15937
15935
15933
15932
15931
15923
15920
15919
15918
15917
15910
15907
15907
15905
15904
15904
15904
15904
15901
15885
15877
15877
15877
15875
15875
15873
15871
15867
15866
15864
15863
15862
15860
15859
15858
15854
15850
15849
15841
15839
15833
15829
15827
15825
15823
15818
15807
15802
15802
15800
15799
15794
15792
15783
15767
15767
15766
15763
15762
15757
15756
15755
15755
15755
15753
15752
15749
15747
15746
15744
15744
15744
15743
15741
15740
15740
15738
15737
15736
15735
15731
15721
15721
15720
15717
15713
15708
15708
15706
15706
15703
15701
15694
15691
15683
15682
15681
15678
15677
15664
15664
15661
15658
15658
15650
15650
15649
15648
15642
15638
15634
15634
15630
15627
15622
15621
15620
15620
15618
15618
15614
15608
15601
15600
15598
15597
15596
15594
15587
15584
15583
15582
15581
15576
15573
15569
15560
15555
15555
15546
15543
15538
15528
15528
15527
15522
15517
15514
15514
15514
15513
15512
15511
15509
15509
15508
15497
15494
15493
15489
15488
15487
15480
15478
15477
15477
15476
15471
15464
15460
15458
15458
15456
15456
15453
15453
15445
15443
15442
15440
15439
15438
15433
15432
15431
15431
15427
15427
15421
15409
15405
15404
15403
15403
15399
15397
15395
15388
15373
15371
15369
15368
15366
15364
15364
15362
15361
15355
15350
15347
15346
15345
15344
15344
15341
15341
15339
15335
15332
15324
15321
15320
15320
15319
15315
15312
15311
15309
15309
15307
15305
15304
15303
15298
15295
15289
15285
15284
15277
15273
15270
15262
15261
15258
15256
15253
15251
15250
15248
15246
15244
15243
15241
15238
15234
15231
15223
15223
15222
15220
15220
15219
15207
15206
15201
15200
15190
15185
15179
15177
15169
15167
15165
15165
15161
15159
15154
15153
15149
15141
15140
15137
15134
15132
15132
15132
15118
15105
15102
15098
15090
15087
15083
15082
15079
15077
15074
15074
15069
15055
15054
15048
15047
15045
15043
15041
15038
15038
15038
15037
15026
15025
15025
15021
15016
15014
15013
15010
15003
15002
14999
14991
14990
14989
14980
14979
14977
14968
14965
14960
14958
14954
14949
14948
14945
14942
14937
14934
14932
14930
14930
14929
14925
14925
14923
14916
14913
14908
14899
14896
14894
14893
14893
14893
14889
14888
14885
14884
14884
14883
14882
14879
14868
14862
14859
14859
14858
14857
14855
14849
14848
14842
14840
14839
14834
14824
14822
14820
14815
14814
14812
14812
14810
14810
14807
14802
14801
14800
14799
14794
14793
14793
14787
14785
14780
14776
14776
14764
14764
14761
14760
14755
14751
14745
14741
14738
14735
14735
14734
14733
14732
14729
14721
14715
14713
14707
14703
14701
14700
14700
14699
14699
14692
14689
14688
14684
14679
14671
14664
14664
14662
14662
14661
14648
14648
14645
14644
14640
14638
14637
14636
14632
14631
14624
14624
14623
14616
14605
14601
14599
14598
14595
14594
14591
14591
14590
14590
14589
14572
14569
14569
14569
14568
14563
14557
14557
14555
14552
14545
14544
14544
14542
14537
14536
14533
14529
14528
14524
14523
14519
14516
14508
14502
14501
14499
14488
14481
14475
14473
14467
14465
14463
14460
14452
14451
14449
14448
14447
14439
14432
14430
14428
14427
14425
14422
14419
14416
14405
14403
14402
14400
14398
14396
14394
14390
14386
14382
14382
14380
14371
14368
14363
14361
14361
14355
14344
14342
14338
14337
14336
14332
14328
14324
14316
14311
14298
14297
14296
14296
14296
14294
14291
14287
14286
14285
14285
14281
14280
14277
14268
14257
14244
14240
14237
14229
14227
14225
14221
14220
14220
14216
14214
14208
14205
14203
14195
14192
14191
14189
14188
14186
14185
14185
14185
14182
14182
14180
14180
14180
14175
14174
14172
14167
14159
14157
14156
14146
14144
14141
14141
14139
14135
14133
14125
14122
14121
14115
14114
14113
14110
14105
14105
14104
14103
14102
14098
14095
14088
14078
14078
14077
14077
14075
14075
14072
14070
14070
14070
14070
14068
14066
14065
14064
14059
14057
14056
14054
14046
14040
14040
14037
14034
14032
14030
14023
14022
14022
14021
14015
14013
14013
14012
14011
13996
13990
13988
13979
13977
13969
13958
13948
13942
13939
13939
13938
13937
13930
13926
13921
13915
13910
13905
13903
13897
13892
13892
13892
13891
13891
13888
13887
13881
13871
13870
13869
13858
13843
13838
13836
13832
13831
13827
13825
13820
13817
13794
13789
13785
13781
13777
13777
13774
13766
13763
13761
13755
13754
13752
13748
13746
13743
13740
13735
13734
13734
13733
13732
13728
13727
13726
13724
13724
13709
13708
13708
13696
13695
13694
13689
13686
13682
13679
13678
13678
13677
13674
13671
13664
13663
13658
13658
13655
13654
13650
13650
13649
13645
13644
13640
13638
13635
13619
13618
13612
13604
13599
13590
13584
13580
13575
13568
13557
13555
13554
13553
13552
13547
13542
13541
13535
13534
13532
13530
13527
13526
13517
13515
13514
13508
13508
13508
13500
13500
13499
13497
13489
13488
13484
13479
13466
13463
13462
13462
13461
13460
13457
13456
13448
13444
13439
13435
13430
13427
13424
13424
13423
13413
13410
13407
13406
13401
13394
13393
13393
13390
13389
13387
13386
13385
13382
13380
13369
13368
13368
13368
13366
13366
13365
13364
13363
13362
13356
13353
13351
13349
13348
13348
13346
13346
13342
13339
13335
13334
13333
13333
13323
13322
13317
13316
13311
13309
13301
13298
13294
13294
13289
13289
13276
13276
13273
13271
13270
13265
13263
13261
13256
13251
13250
13245
13244
13243
13230
13225
13220
13219
13213
13211
13210
13206
13204
13202
13197
13192
13190
13187
13183
13178
13175
13171
13170
13166
13163
13159
13157
13154
13154
13153
13153
13153
13150
13148
13144
13142
13138
13137
13136
13135
13125
13124
13124
13114
13111
13110
13104
13103
13099
13098
13093
13093
13092
13092
13089
13085
13085
13080
13073
13072
13066
13065
13061
13059
13057
13056
13056
13055
13050
13047
13043
13042
13036
13030
13030
13029
13024
13019
13018
13015
13014
13011
13009
13006
13005
13003
13000
12999
12991
12990
12986
12983
12982
12973
12969
12967
12967
12965
12965
12957
12951
12950
12947
12946
12945
12944
12928
12927
12922
12920
12919
12919
12912
12905
12903
12903
12899
12898
12893
12889
12886
12885
12880
12878
12873
12872
12871
12860
12858
12846
12845
12837
12836
12833
12830
12829
12826
12824
12823
12821
12813
12810
12807
12799
12796
12791
12785
12783
12781
12780
12779
12774
12773
12773
12772
12771
12764
12753
12750
12748
12747
12745
12743
12743
12740
12739
12734
12721
12719
12718
12715
12715
12715
12712
12710
12709
12708
12704
12704
12698
12694
12692
12690
12686
12686
12683
12678
12675
12665
12663
12653
12645
12640
12639
12637
12635
12634
12634
12629
12629
12627
12627
12625
12623
12621
12616
12616
12613
12612
12609
12608
12607
12604
12602
12596
12587
12587
12583
12577
12572
12570
12569
12568
12566
12566
12564
12559
12554
12551
12547
12545
12545
12540
12531
12523
12520
12517
12514
12513
12509
12505
12502
12501
12496
12496
12487
12485
12483
12480
12479
12478
12477
12475
12474
12474
12472
12460
12459
12454
12448
12447
12443
12440
12435
12434
12429
12428
12423
12423
12421
12418
12412
12412
12411
12406
12402
12398
12397
12397
12396
12395
12394
12391
12384
12380
12379
12374
12369
12359
12352
12351
12349
12345
12345
12344
12343
12342
12337
12336
12321
12318
12318
12311
12310
12306
12300
12298
12295
12294
12293
12290
12285
12282
12281
12277
12276
12263
12261
12256
12256
12248
12246
12246
12242
12242
12241
12234
12233
12231
12231
12217
12216
12215
12213
12213
12212
12208
12208
12208
12201
12198
12198
12197
12196
12191
12189
12181
12178
12172
12171
12171
12169
12169
12169
12164
12163
12160
12158
12157
12155
12153
12151
12143
12142
12139
12139
12136
12131
12121
12119
12116
12115
12100
12094
12093
12093
12088
12084
12079
12077
12073
12070
12064
12060
12060
12058
12055
12053
12049
12044
12043
12042
12041
12035
12032
12029
12028
12027
12027
12026
12023
12015
12008
12006
12001
12001
11986
11982
11977
11977
11976
11972
11969
11968
11965
11960
11959
11958
11952
11952
11944
11941
11941
11938
11936
11936
11929
11929
11917
11916
11916
11914
11912
11900
11899
11889
11888
11880
11878
11869
11858
11853
11851
11849
11848
11842
11841
11841
11829
11827
11824
11822
11821
11821
11818
11817
11807
11806
11806
11796
11795
11795
11793
11789
11783
11776
11776
11772
11770
11770
11769
11768
11767
11751
11749
11748
11745
11745
11741
11738
11736
11732
11730
11729
11726
11721
11719
11717
11717
11709
11706
11703
11702
11695
11692
11691
11685
11674
11665
11662
11651
11648
11645
11641
11639
11638
11638
11638
11636
11636
11634
11632
11631
11630
11628
11625
11624
11621
11620
11620
11613
11608
11606
11604
11603
11597
11582
11581
11580
11578
11577
11574
11570
11569
11568
11562
11560
11555
11553
11551
11548
11548
11543
11542
11540
11532
11526
11519
11515
11514
11514
11512
11509
11507
11504
11503
11500
11499
11496
11488
11488
11483
11482
11476
11474
11473
11471
11466
11463
11463
11458
11458
11453
11451
11446
11444
11433
11432
11432
11427
11425
11421
11414
11409
11402
11401
11401
11397
11392
11387
11384
11383
11377
11374
11365
11364
11363
11361
11358
11357
11354
11352
11352
11352
11352
11332
11331
11327
11324
11323
11322
11315
11302
11292
11283
11277
11276
11275
11273
11272
11271
11271
11270
11269
11257
11254
11248
11247
11243
11241
11238
11237
11237
11233
11232
11230
11227
11222
11220
11216
11215
11214
11212
11211
11209
11207
11199
11199
11197
11197
11195
11191
11190
11188
11183
11178
11177
11174
11174
11173
11167
11165
11159
11153
11144
11144
11144
11141
11135
11122
11121
11119
11116
11110
11108
11105
11105
11103
11101
11094
11093
11089
11087
11082
11077
11075
11070
11067
11067
11064
11062
11061
11059
11058
11058
11057
11052
11050
11050
11047
11043
11043
11042
11039
11033
11032
11032
11021
11020
11018
11014
11014
11009
11009
11008
11008
11008
11000
10996
10987
10984
10983
10979
10977
10967
10959
10953
10951
10942
10940
10935
10929
10921
10917
10910
10907
10906
10903
10902
10900
10898
10889
10888
10883
10881
10880
10868
10853
10851
10841
10831
10819
10817
10817
10814
10810
10806
10803
10800
10798
10797
10790
10786
10782
10778
10777
10766
10765
10762
10760
10753
10743
10741
10737
10732
10728
10724
10723
10719
10717
10716
10714
10712
10709
10709
10709
10709
10707
10707
10694
10693
10688
10688
10686
10681
10680
10672
10672
10666
10658
10657
10653
10652
10652
10651
10651
10647
10646
10645
10629
10622
10622
10620
10619
10617
10614
10610
10610
10610
10609
10607
10605
10605
10600
10599
10591
10589
10586
10586
10582
10577
10576
10573
10571
10571
10571
10569
10567
10566
10565
10563
10563
10558
10557
10555
10554
10553
10548
10546
10544
10539
10539
10532
10531
10530
10524
10521
10516
10512
10511
10511
10510
10507
10491
10487
10486
10481
10479
10478
10476
10473
10471
10467
10466
10464
10456
10450
10449
10449
10444
10435
10422
10418
10417
10416
10415
10413
10410
10410
10401
10393
10384
10379
10375
10371
10369
10352
10349
10343
10343
10335
10329
10325
10319
10319
10316
10310
10300
10300
10297
10291
10290
10289
10286
10285
10284
10282
10280
10279
10274
10268
10268
10261
10255
10254
10250
10239
10236
10235
10234
10233
10230
10226
10225
10224
10224
10222
10219
10214
10204
10203
10201
10198
10185
10184
10182
10178
10178
10168
10168
10162
10145
10144
10140
10138
10135
10133
10132
10129
10127
10123
10122
10115
10114
10113
10112
10111
10110
10108
10107
10098
10097
10094
10092
10091
10089
10083
10072
10067
10065
10065
10055
10051
10047
10039
10038
10035
10033
10033
10032
10028
10021
10015
10014
10013
10012
10010
10010
10009
10005
10005
10002
10000
9999
9998
9995
9995
9993
9991
9988
9980
9977
9973
9971
9959
9956
9950
9949
9948
9940
9931
9926
9924
9924
9921
9921
9921
9919
9916
9914
9914
9904
9902
9900
9898
9896
9896
9891
9885
9877
9870
9870
9869
9869
9866
9866
9851
9845
9840
9839
9829
9826
9822
9822
9821
9820
9817
9817
9813
9810
9793
9793
9788
9787
9780
9768
9766
9762
9754
9752
9749
9745
9743
9742
9740
9739
9738
9735
9733
9732
9731
9730
9726
9719
9718
9717
9701
9698
9698
9692
9692
9689
9686
9683
9683
9682
9681
9681
9675
9673
9671
9667
9662
9661
9655
9653
9652
9648
9644
9636
9630
9629
9628
9625
9624
9621
9614
9611
9610
9610
9608
9607
9605
9604
9604
9604
9598
9595
9586
9579
9576
9575
9575
9571
9569
9567
9567
9564
9563
9559
9549
9547
9545
9540
9540
9539
9539
9538
9537
9535
9529
9527
9524
9522
9521
9521
9519
9517
9517
9513
9512
9505
9504
9502
9502
9490
9489
9489
9487
9487
9486
9485
9482
9478
9475
9473
9471
9468
9468
9466
9465
9462
9459
9459
9458
9458
9456
9456
9453
9453
9447
9446
9441
9433
9432
9431
9431
9429
9429
9427
9425
9423
9415
9413
9413
9409
9401
9400
9396
9394
9387
9385
9378
9378
9373
9368
9364
9364
9362
9362
9361
9359
9354
9348
9341
9337
9336
9334
9330
9329
9328
9322
9321
9319
9317
9298
9294
9291
9272
9257
9257
9253
9243
9240
9238
9232
9225
9220
9219
9217
9215
9210
9204
9196
9193
9190
9190
9186
9184
9183
9181
9179
9171
9169
9168
9165
9164
9161
9160
9158
9152
9151
9147
9146
9146
9145
9143
9140
9139
9133
9132
9128
9127
9120
9117
9115
9112
9111
9105
9103
9097
9091
9091
9086
9072
9065
9052
9032
9030
9028
9024
9006
9001
9000
8998
8994
8993
8990
8989
8981
8979
8971
8971
8970
8968
8967
8966
8966
8965
8963
8954
8950
8948
8935
8935
8930
8928
8922
8919
8918
8909
8903
8895
8894
8893
8891
8887
8885
8883
8882
8881
8879
8877
8875
8874
8866
8866
8854
8854
8846
8835
8825
8818
8815
8813
8812
8810
8805
8799
8797
8791
8791
8781
8779
8770
8765
8763
8761
8760
8758
8748
8741
8741
8737
8736
8735
8734
8730
8721
8719
8717
8715
8714
8704
8702
8692
8687
8681
8670
8667
8667
8666
8660
8657
8655
8648
8644
8640
8635
8630
8629
8618
8618
8615
8614
8614
8609
8607
8606
8606
8600
8596
8593
8591
8590
8587
8586
8585
8584
8580
8576
8567
8561
8560
8559
8557
8549
8548
8543
8537
8529
8529
8512
8509
8509
8506
8503
8500
8497
8493
8493
8488
8483
8483
8483
8482
8477
8474
8472
8471
8470
8469
8468
8461
8455
8452
8449
8448
8446
8446
8440
8437
8435
8434
8433
8432
8431
8426
8418
8418
8415
8394
8394
8392
8391
8391
8387
8380
8379
8379
8377
8371
8363
8360
8354
8354
8344
8342
8339
8337
8336
8333
8331
8327
8326
8321
8321
8318
8305
8304
8297
8295
8293
8292
8286
8284
8279
8274
8272
8271
8265
8265
8265
8264
8263
8262
8261
8255
8252
8251
8249
8249
8244
8239
8234
8233
8231
8226
8226
8224
8223
8221
8218
8217
8217
8213
8212
8209
8205
8204
8202
8200
8197
8193
8193
8191
8190
8189
8185
8183
8179
8178
8174
8174
8169
8166
8157
8151
8146
8144
8142
8142
8138
8135
8135
8128
8125
8125
8117
8117
8110
8110
8105
8105
8104
8100
8091
8089
8087
8085
8080
8074
8073
8063
8063
8059
8058
8056
8054
8045
8043
8034
8033
8033
8031
8030
8029
8028
8028
8024
8021
8014
8011
8000
8000
7994
7990
7986
7985
7979
7971
7965
7965
7962
7954
7952
7942
7935
7920
7916
7908
7900
7900
7898
7896
7889
7889
7885
7883
7880
7877
7875
7869
7868
7861
7857
7854
7854
7854
7845
7843
7839
7836
7836
7836
7833
7833
7830
7830
7828
7825
7819
7816
7813
7813
7811
7803
7798
7798
7791
7782
7780
7766
7762
7757
7755
7753
7742
7739
7738
7733
7721
7719
7719
7716
7715
7714
7712
7712
7703
7702
7698
7697
7693
7690
7688
7684
7683
7680
7665
7653
7652
7648
7646
7644
7636
7636
7626
7624
7623
7621
7619
7615
7614
7610
7610
7609
7608
7602
7601
7596
7594
7589
7589
7589
7588
7581
7579
7571
7570
7569
7565
7563
7563
7563
7562
7558
7558
7557
7549
7548
7543
7539
7533
7533
7533
7531
7527
7526
7522
7518
7515
7510
7499
7498
7495
7494
7493
7492
7488
7484
7481
7474
7473
7468
7462
7459
7457
7452
7450
7443
7441
7439
7436
7436
7435
7435
7435
7429
7426
7424
7422
7421
7412
7404
7394
7393
7391
7390
7389
7384
7382
7382
7379
7377
7361
7352
7349
7345
7344
7343
7338
7336
7332
7328
7327
7327
7325
7323
7308
7308
7308
7307
7302
7301
7299
7294
7294
7291
7287
7286
7282
7277
7276
7276
7274
7266
7261
7257
7256
7253
7247
7247
7246
7242
7233
7230
7223
7221
7221
7218
7218
7217
7215
7215
7210
7201
7191
7186
7179
7177
7176
7169
7166
7163
7163
7160
7157
7153
7146
7139
7139
7126
7126
7126
7123
7121
7116
7114
7111
7104
7100
7094
7093
7089
7086
7085
7082
7080
7080
7078
7073
7065
7051
7050
7050
7050
7050
7045
7045
7040
7034
7032
7030
7029
7026
7024
7024
7021
7020
7018
7014
7012
7008
6994
6991
6987
6983
6979
6978
6976
6973
6972
6972
6969
6964
6963
6959
6951
6946
6944
6944
6943
6936
6933
6922
6912
6908
6906
6900
6896
6893
6889
6887
6887
6884
6880
6879
6878
6868
6863
6859
6859
6857
6856
6847
6842
6840
6839
6833
6827
6827
6819
6815
6814
6808
6808
6804
6802
6800
6799
6798
6794
6793
6787
6783
6781
6774
6770
6769
6768
6765
6755
6753
6752
6748
6748
6745
6743
6740
6736
6732
6729
6726
6726
6726
6725
6720
6717
6712
6706
6704
6703
6690
6687
6684
6681
6675
6675
6674
6673
6671
6663
6663
6660
6657
6655
6654
6653
6652
6650
6648
6646
6640
6638
6637
6634
6634
6630
6626
6621
6617
6615
6614
6613
6610
6607
6605
6605
6603
6600
6597
6597
6592
6587
6583
6579
6577
6571
6569
6568
6568
6563
6561
6561
6560
6559
6557
6556
6554
6554
6550
6548
6545
6544
6544
6538
6534
6534
6530
6529
6526
6526
6519
6517
6515
6507
6507
6500
6495
6494
6494
6485
6484
6483
6482
6477
6472
6471
6471
6468
6462
6462
6456
6456
6445
6442
6435
6434
6428
6427
6426
6423
6418
6415
6414
6413
6412
6411
6409
6403
6403
6401
6398
6398
6398
6397
6394
6390
6370
6349
6346
6345
6345
6339
6337
6334
6330
6327
6320
6314
6310
6309
6308
6305
6298
6295
6294
6291
6284
6279
6278
6278
6274
6269
6269
6265
6265
6259
6259
6255
6254
6244
6242
6237
6236
6229
6222
6219
6217
6216
6214
6207
6204
6204
6202
6198
6195
6194
6192
6188
6183
6178
6178
6176
6175
6174
6172
6156
6141
6138
6138
6135
6134
6132
6128
6121
6119
6116
6110
6107
6107
6105
6104
6100
6094
6094
6092
6092
6090
6089
6088
6084
6081
6078
6077
6075
6075
6075
6070
6054
6052
6046
6041
6040
6040
6033
6032
6026
6025
6024
6022
6015
6011
6009
6006
6000
5999
5999
5996
5993
5991
5987
5985
5984
5978
5972
5965
5962
5958
5944
5943
5940
5939
5938
5934
5931
5930
5922
5915
5915
5911
5909
5898
5897
5895
5891
5890
5888
5878
5878
5877
5876
5874
5866
5861
5851
5851
5848
5846
5846
5845
5842
5838
5837
5835
5824
5815
5814
5806
5804
5799
5798
5794
5788
5786
5783
5770
5769
5759
5758
5753
5743
5739
5727
5717
5716
5716
5715
5714
5705
5696
5690
5689
5684
5677
5673
5671
5664
5663
5646
5637
5628
5623
5611
5610
5609
5609
5607
5605
5597
5596
5585
5584
5582
5563
5560
5556
5549
5546
5546
5544
5544
5544
5542
5535
5535
5535
5532
5527
5519
5519
5516
5514
5513
5512
5511
5510
5509
5505
5502
5500
5499
5498
5495
5493
5493
5488
5485
5481
5478
5472
5472
5469
5468
5468
5466
5465
5465
5462
5456
5452
5449
5444
5439
5423
5421
5421
5420
5418
5416
5414
5408
5407
5397
5389
5389
5388
5386
5385
5376
5371
5369
5366
5364
5364
5363
5345
5343
5340
5338
5332
5330
5324
5323
5321
5318
5312
5308
5307
5306
5304
5302
5301
5301
5299
5296
5285
5280
5275
5273
5272
5272
5269
5268
5264
5261
5256
5253
5248
5245
5243
5239
5239
5239
5229
5227
5222
5219
5218
5217
5214
5213
5210
5204
5204
5204
5198
5197
5196
5195
5193
5186
5186
5180
5178
5177
5165
5164
5158
5157
5152
5147
5147
5146
5142
5135
5132
5131
5130
5128
5126
5116
5114
5112
5110
5110
5109
5108
5108
5106
5099
5086
5079
5079
5077
5070
5069
5065
5064
5047
5045
5043
5041
5035
5035
5031
5029
5023
5021
5020
5020
5017
5002
5001
4987
4986
4983
4982
4982
4978
4977
4974
4966
4965
4952
4951
4941
4941
4939
4934
4929
4926
4926
4922
4915
4914
4913
4913
4906
4902
4901
4894
4889
4883
4877
4874
4872
4870
4869
4861
4857
4856
4853
4851
4851
4849
4847
4841
4838
4830
4828
4827
4822
4821
4820
4819
4810
4809
4808
4806
4800
4793
4789
4789
4785
4781
4773
4771
4766
4757
4752
4752
4750
4735
4734
4730
4729
4724
4717
4714
4712
4709
4706
4701
4701
4700
4700
4699
4696
4695
4694
4692
4689
4688
4687
4680
4671
4666
4662
4658
4656
4654
4648
4647
4645
4645
4644
4644
4643
4631
4629
4628
4622
4615
4607
4606
4606
4605
4604
4604
4601
4598
4596
4591
4589
4586
4586
4583
4581
4581
4579
4576
4573
4570
4569
4567
4566
4557
4556
4543
4537
4532
4532
4531
4522
4514
4513
4511
4509
4507
4501
4501
4494
4491
4488
4487
4485
4483
4474
4463
4462
4460
4452
4450
4449
4449
4439
4434
4430
4429
4428
4423
4421
4419
4419
4419
4417
4415
4413
4407
4405
4404
4403
4400
4399
4397
4393
4387
4385
4385
4381
4380
4380
4379
4378
4377
4373
4366
4366
4364
4359
4353
4350
4349
4346
4341
4340
4336
4335
4331
4330
4324
4311
4303
4302
4298
4290
4288
4285
4283
4281
4279
4276
4274
4270
4264
4264
4263
4262
4261
4259
4258
4258
4254
4242
4241
4239
4238
4237
4230
4227
4222
4219
4217
4216
4215
4214
4211
4209
4206
4203
4202
4201
4185
4185
4185
4176
4175
4172
4170
4170
4163
4162
4160
4150
4148
4144
4142
4139
4138
4133
4131
4130
4122
4121
4118
4116
4116
4113
4108
4107
4089
4086
4083
4068
4066
4064
4064
4057
4056
4050
4049
4049
4042
4040
4039
4038
4038
4037
4025
4023
4023
4010
4007
4005
4001
3996
3984
3980
3978
3976
3973
3964
3958
3958
3951
3951
3950
3950
3944
3941
3936
3936
3933
3932
3931
3928
3927
3926
3925
3925
3922
3920
3919
3912
3912
3911
3888
3886
3886
3885
3881
3881
3862
3862
3857
3856
3853
3852
3852
3850
3843
3843
3842
3842
3842
3835
3835
3833
3821
3819
3808
3801
3798
3787
3775
3773
3769
3766
3755
3755
3749
3746
3744
3738
3737
3732
3729
3723
3715
3714
3711
3709
3702
3699
3698
3698
3696
3695
3691
3690
3686
3666
3657
3649
3649
3645
3643
3642
3639
3638
3635
3635
3632
3626
3619
3612
3609
3608
3606
3602
3595
3593
3592
3587
3582
3581
3578
3578
3571
3570
3570
3569
3568
3563
3562
3559
3556
3555
3552
3550
3545
3545
3541
3536
3535
3535
3531
3527
3521
3516
3516
3513
3511
3510
3508
3505
3504
3503
3503
3502
3500
3498
3496
3485
3483
3481
3472
3465
3464
3461
3454
3453
3451
3442
3441
3438
3432
3431
3426
3426
3415
3414
3414
3409
3398
3395
3394
3393
3391
3390
3388
3388
3381
3378
3375
3375
3375
3371
3366
3364
3357
3355
3353
3348
3342
3339
3338
3338
3330
3324
3320
3319
3312
3311
3309
3306
3302
3300
3296
3295
3291
3282
3281
3279
3279
3277
3272
3267
3253
3252
3248
3242
3242
3241
3237
3234
3231
3229
3227
3219
3215
3213
3212
3211
3211
3209
3202
3196
3195
3195
3188
3170
3170
3164
3159
3151
3150
3148
3146
3145
3144
3143
3143
3136
3136
3136
3135
3135
3135
3131
3128
3128
3127
3122
3120
3116
3110
3109
3102
3102
3099
3089
3085
3081
3080
3080
3079
3075
3069
3065
3062
3056
3055
3047
3044
3033
3033
3029
3025
3020
3019
3018
3015
3015
3012
3009
3007
3006
2997
2989
2985
2979
2979
2978
2976
2976
2975
2970
2966
2965
2962
2961
2961
2954
2944
2943
2937
2933
2930
2930
2929
2928
2926
2919
2917
2917
2912
2905
2901
2898
2893
2890
2886
2884
2884
2880
2878
2878
2876
2874
2874
2870
2864
2864
2863
2859
2846
2842
2837
2830
2829
2828
2821
2817
2817
2800
2798
2795
2794
2791
2790
2787
2783
2783
2780
2768
2768
2762
2761
2757
2753
2750
2743
2737
2726
2725
2720
2711
2711
2710
2709
2702
2693
2687
2686
2684
2683
2676
2676
2675
2675
2668
2666
2662
2659
2648
2646
2641
2640
2636
2636
2635
2634
2634
2632
2631
2631
2629
2628
2625
2618
2616
2615
2614
2612
2610
2604
2592
2592
2590
2582
2579
2579
2577
2576
2575
2572
2569
2564
2555
2553
2549
2545
2541
2536
2535
2530
2524
2522
2518
2517
2514
2514
2507
2505
2505
2504
2504
2503
2501
2494
2491
2490
2488
2481
2477
2473
2471
2470
2469
2468
2463
2462
2461
2447
2446
2442
2432
2431
2429
2429
2424
2423
2422
2421
2414
2404
2400
2399
2397
2392
2390
2381
2381
2378
2378
2374
2373
2369
2368
2364
2362
2361
2358
2358
2348
2343
2343
2339
2339
2336
2333
2331
2330
2328
2317
2313
2305
2300
2298
2289
2284
2283
2283
2281
2279
2274
2274
2269
2268
2262
2259
2256
2256
2256
2255
2242
2242
2237
2236
2235
2235
2228
2225
2220
2217
2214
2205
2198
2197
2197
2194
2193
2193
2192
2190
2182
2182
2178
2173
2172
2171
2169
2167
2165
2164
2162
2162
2162
2162
2153
2153
2149
2141
2140
2139
2139
2134
2131
2130
2126
2124
2120
2112
2106
2106
2105
2087
2081
2077
2075
2073
2069
2068
2067
2066
2066
2065
2061
2060
2055
2055
2049
2047
2038
2033
2027
2023
2021
2020
2020
2015
2014
2013
2008
2003
2003
2000
2000
1996
1994
1991
1982
1979
1974
1969
1965
1965
1965
1964
1961
1960
1960
1957
1957
1956
1956
1955
1947
1939
1938
1931
1924
1915
1910
1903
1902
1899
1894
1894
1893
1888
1880
1877
1876
1876
1873
1872
1862
1859
1858
1858
1852
1850
1849
1844
1842
1840
1838
1836
1830
1818
1811
1806
1806
1805
1803
1801
1799
1796
1784
1780
1779
1775
1774
1769
1766
1765
1755
1754
1746
1734
1733
1731
1729
1724
1721
1714
1707
1706
1703
1694
1686
1684
1682
1682
1678
1669
1669
1668
1662
1660
1654
1652
1649
1649
1643
1637
1630
1625
1615
1613
1612
1610
1609
1607
1606
1604
1602
1601
1595
1594
1593
1592
1591
1589
1580
1579
1577
1573
1572
1563
1563
1561
1559
1553
1552
1549
1542
1541
1541
1536
1536
1536
1535
1527
1526
1523
1519
1518
1511
1509
1508
1500
1494
1494
1492
1489
1479
1472
1470
1469
1467
1463
1463
1462
1457
1456
1445
1444
1444
1438
1438
1437
1429
1429
1429
1425
1423
1414
1412
1411
1409
1408
1408
1405
1404
1401
1397
1396
1394
1393
1393
1392
1382
1379
1376
1369
1366
1364
1362
1360
1358
1357
1347
1347
1347
1347
1344
1344
1334
1332
1332
1328
1326
1315
1308
1307
1304
1300
1297
1289
1285
1285
1279
1276
1276
1266
1262
1262
1261
1260
1259
1259
1259
1253
1251
1243
1242
1241
1232
1230
1228
1227
1221
1218
1215
1212
1210
1210
1210
1209
1200
1196
1195
1194
1193
1191
1191
1187
1185
1184
1183
1182
1181
1177
1173
1168
1166
1164
1158
1153
1151
1146
1140
1140
1139
1133
1132
1128
1122
1116
1115
1114
1112
1110
1108
1108
1095
1094
1091
1084
1083
1079
1076
1075
1075
1066
1061
1051
1043
1039
1036
1036
1035
1032
1032
1022
1021
1007
1003
999
998
997
994
990
989
987
987
986
983
980
980
977
975
971
971
964
963
958
952
949
939
936
935
930
929
928
926
916
913
911
910
904
903
903
901
898
897
897
894
894
893
890
887
885
882
877
872
864
861
860
860
857
856
856
851
847
844
844
843
829
825
824
820
818
817
815
811
809
808
807
798
797
795
791
790
787
783
776
774
766
757
752
747
745
744
737
735
735
723
718
716
712
706
703
702
698
698
694
692
691
685
683
669
663
654
645
643
641
641
634
631
621
610
607
606
597
592
587
582
582
582
581
581
580
572
572
571
569
565
564
562
558
557
557
548
546
541
541
540
537
536
533
533
530
529
529
527
525
521
518
511
510
510
510
510
501
499
486
480
478
467
465
464
452
449
447
446
441
429
424
421
418
416
414
410
410
403
400
400
391
390
386
386
381
379
377
375
370
367
365
365
364
360
356
353
353
347
346
333
329
328
325
324
322
320
317
312
300
296
293
291
291
291
288
288
286
285
282
281
276
274
270
264
264
263
261
260
258
257
257
257
255
253
249
242
242
233
228
226
222
217
211
204
200
199
198
195
191
186
183
182
179
176
174
171
163
160
158
154
153
152
151
151
150
136
133
125
124
122
116
108
106
105
103
103
101
93
86
84
79
71
68
66
57
56
55
55
53
53
46
43
41
41
39
36
29
29
28
28
20
16
8
7
6
3
