32766
32757
32751
32745
32738
32738
32738
32738
32733
32709
32704
32702
32700
32681
32656
32655
32646
32646
32640
32633
32630
32620
32620
32616
32614
32603
32602
32590
32590
32584
32579
32576
32570
32569
32565
32549
32544
32537
32532
32532
32531
32518
32515
32509
32505
32504
32482
32466
32456
32456
32455
32453
32450
32445
32436
32433
32427
32427
32416
32415
32375
32368
32365
32362
32354
32342
32322
32318
32317
32312
32310
32308
32282
32275
32257
32250
32245
32243
32233
32210
32200
32189
32188
32188
32148
32141
32140
32137
32122
32121
32094
32093
32090
32088
32085
32073
32069
32068
32068
32064
32064
32061
32057
32041
32032
32023
32014
31998
31985
31985
31959
31952
31947
31934
31931
31928
31911
31903
31899
31890
31875
31872
31865
31863
31849
31848
31846
31838
31800
31798
31792
31782
31768
31758
31741
31717
31707
31706
31690
31686
31678
31675
31673
31663
31658
31655
31655
31650
31642
31626
31622
31621
31616
31616
31611
31599
31588
31567
31556
31555
31539
31521
31514
31503
31496
31475
31474
31461
31453
31451
31438
31435
31426
31418
31415
31412
31398
31388
31359
31357
31334
31325
31310
31297
31290
31285
31284
31283
31282
31275
31275
31258
31256
31253
31246
31229
31221
31166
31125
31119
31117
31111
31104
31087
31061
31043
31038
31038
31036
31030
31028
31026
31026
31025
31016
31013
31009
31007
31000
30990
30971
30966
30959
30952
30944
30943
30943
30941
30941
30931
30921
30916
30915
30897
30881
30877
30873
30860
30840
30835
30832
30827
30810
30799
30798
30798
30790
30786
30775
30775
30770
30767
30764
30707
30703
30700
30693
30688
30677
30677
30662
30658
30647
30642
30642
30636
30631
30615
30605
30600
30591
30585
30580
30571
30568
30558
30552
30550
30549
30529
30524
30523
30518
30498
30453
30451
30450
30446
30435
30432
30424
30415
30406
30401
30398
30394
30392
30377
30349
30337
30327
30299
30295
30280
30276
30274
30257
30247
30206
30171
30171
30170
30150
30148
30138
30133
30126
30124
30124
30110
30093
30082
30067
30055
30053
30046
30043
30038
30034
30028
29999
29994
29992
29952
29943
29933
29929
29922
29914
29907
29900
29900
29883
29883
29871
29870
29866
29864
29857
29848
29841
29840
29835
29808
29803
29802
29792
29790
29773
29769
29764
29758
29751
29750
29730
29719
29717
29711
29701
29680
29677
29677
29668
29662
29654
29644
29639
29639
29626
29624
29603
29581
29562
29559
29558
29550
29545
29544
29530
29527
29515
29504
29497
29489
29486
29478
29470
29467
29465
29465
29453
29451
29426
29425
29422
29421
29420
29412
29409
29393
29385
29384
29365
29342
29340
29338
29303
29299
29295
29294
29275
29271
29268
29252
29251
29228
29224
29222
29206
29201
29201
29195
29190
29171
29152
29148
29143
29131
29123
29122
29114
29113
29113
29108
29089
29085
29082
29078
29078
29065
29055
29050
29044
29043
29035
29030
29028
29024
29009
28995
28989
28987
28983
28977
28969
28962
28961
28955
28942
28940
28939
28926
28893
28892
28887
28880
28880
28875
28872
28872
28860
28857
28833
28831
28826
28824
28819
28817
28816
28803
28796
28795
28790
28768
28766
28765
28762
28757
28752
28747
28746
28738
28731
28731
28725
28709
28698
28689
28674
28654
28650
28642
28633
28630
28625
28620
28608
28604
28600
28598
28594
28582
28573
28566
28556
28540
28539
28510
28495
28490
28466
28463
28459
28451
28438
28426
28423
28419
28407
28399
28396
28389
28380
28376
28373
28340
28329
28319
28308
28308
28298
28295
28294
28284
28282
28255
28251
28250
28248
28246
28245
28245
28244
28240
28234
28233
28230
28211
28190
28188
28186
28184
28182
28179
28178
28173
28169
28166
28148
28131
28123
28107
28076
28074
28069
28060
28054
28047
28044
28031
28014
28012
28011
27998
27993
27982
27967
27966
27947
27942
27934
27929
27919
27908
27892
27881
27854
27848
27842
27829
27825
27822
27819
27811
27803
27784
27769
27765
27736
27734
27726
27696
27696
27692
27685
27684
27684
27676
27662
27647
27632
27629
27626
27625
27612
27578
27569
27558
27546
27538
27538
27534
27530
27524
27521
27521
27514
27489
27488
27483
27476
27469
27457
27456
27450
27448
27443
27441
27438
27426
27423
27420
27392
27376
27374
27369
27365
27331
27287
27277
27276
27254
27252
27250
27250
27247
27247
27240
27216
27216
27205
27185
27170
27169
27164
27152
27151
27151
27146
27142
27115
27103
27098
27092
27091
27079
27069
27066
27065
27059
27058
27057
27044
27043
27041
27033
27010
27007
27004
26998
26981
26980
26979
26975
26971
26940
26930
26925
26924
26924
26915
26898
26895
26878
26867
26861
26848
26822
26821
26806
26790
26778
26766
26760
26760
26757
26747
26746
26716
26705
26667
26653
26652
26649
26648
26645
26643
26639
26630
26623
26622
26615
26611
26589
26583
26573
26571
26567
26566
26554
26553
26547
26543
26541
26537
26518
26516
26493
26481
26448
26433
26423
26422
26418
26414
26405
26397
26387
26383
26372
26368
26358
26357
26354
26345
26334
26332
26331
26314
26291
26286
26286
26274
26267
26259
26244
26225
26217
26207
26201
26201
26201
26197
26195
26193
26180
26175
26174
26148
26143
26122
26108
26090
26084
26083
26081
26069
26069
26062
26060
26039
26026
26012
26006
26002
26001
25990
25982
25971
25961
25957
25952
25947
25942
25938
25934
25921
25907
25900
25895
25894
25886
25879
25874
25865
25862
25861
25861
25842
25836
25834
25831
25816
25816
25810
25798
25791
25780
25774
25747
25747
25746
25743
25712
25710
25707
25697
25684
25677
25658
25656
25637
25636
25631
25630
25625
25622
25609
25595
25580
25577
25576
25562
25559
25540
25538
25535
25528
25509
25508
25505
25494
25486
25472
25471
25467
25461
25456
25447
25444
25432
25429
25429
25428
25424
25422
25412
25409
25398
25395
25390
25389
25382
25377
25371
25365
25351
25350
25341
25338
25333
25332
25331
25331
25331
25327
25327
25318
25305
25297
25285
25281
25267
25266
25263
25233
25230
25225
25223
25213
25205
25199
25198
25188
25183
25171
25171
25161
25131
25129
25118
25113
25112
25107
25106
25101
25084
25077
25061
25050
25049
25047
25033
25029
25024
25017
25015
25011
25011
25002
24998
24994
24989
24978
24976
24972
24970
24961
24958
24958
24957
24950
24945
24935
24935
24921
24919
24915
24905
24897
24888
24887
24877
24867
24862
24861
24855
24843
24831
24823
24812
24809
24791
24787
24782
24769
24764
24763
24761
24761
24754
24742
24741
24733
24714
24713
24681
24610
24605
24601
24594
24583
24579
24576
24571
24564
24558
24555
24554
24548
24540
24534
24527
24516
24510
24506
24503
24500
24498
24484
24481
24464
24448
24442
24438
24437
24435
24432
24430
24391
24387
24385
24384
24372
24365
24361
24359
24351
24350
24337
24307
24306
24302
24293
24275
24272
24259
24258
24243
24230
24229
24228
24223
24221
24214
24208
24198
24185
24181
24166
24155
24148
24136
24136
24116
24113
24101
24097
24064
24043
24026
24019
24017
24013
24013
24001
24000
23995
23992
23984
23966
23962
23961
23961
23959
23957
23954
23944
23908
23875
23861
23836
23830
23828
23822
23820
23817
23815
23808
23798
23778
23770
23758
23754
23748
23743
23733
23730
23707
23704
23700
23684
23681
23680
23679
23676
23675
23666
23658
23657
23640
23638
23637
23632
23615
23615
23614
23603
23591
23581
23569
23566
23561
23556
23556
23545
23540
23537
23525
23512
23512
23509
23507
23507
23504
23493
23482
23474
23471
23458
23458
23450
23441
23413
23408
23408
23407
23394
23393
23393
23382
23365
23349
23317
23316
23284
23284
23273
23262
23243
23243
23238
23221
23219
23211
23209
23205
23195
23193
23188
23181
23156
23151
23133
23126
23087
23085
23082
23074
23055
23054
23036
23027
23019
23008
23001
23000
22978
22970
22962
22950
22945
22941
22922
22911
22910
22909
22906
22898
22878
22861
22859
22853
22852
22852
22841
22829
22820
22812
22809
22800
22796
22795
22780
22772
22760
22757
22740
22739
22733
22706
22687
22679
22674
22670
22667
22661
22651
22640
22631
22630
22626
22608
22601
22591
22584
22572
22556
22534
22533
22532
22526
22525
22510
22509
22496
22489
22475
22473
22457
22455
22443
22440
22431
22429
22423
22419
22416
22415
22411
22405
22392
22386
22367
22364
22348
22347
22336
22330
22319
22305
22274
22270
22263
22242
22240
22231
22218
22218
22215
22184
22180
22167
22164
22153
22145
22142
22127
22107
22093
22062
22044
22027
22009
21987
21965
21965
21964
21963
21960
21950
21949
21922
21910
21902
21898
21876
21875
21872
21868
21867
21857
21851
21843
21839
21839
21838
21830
21821
21814
21792
21779
21764
21760
21742
21740
21738
21720
21720
21712
21707
21697
21666
21655
21654
21638
21625
21624
21621
21611
21606
21583
21581
21580
21576
21557
21557
21544
21532
21531
21517
21516
21513
21493
21486
21476
21464
21462
21453
21439
21432
21428
21425
21415
21400
21375
21373
21361
21361
21346
21343
21328
21323
21321
21312
21310
21297
21297
21292
21287
21285
21281
21280
21245
21243
21241
21206
21205
21201
21185
21184
21163
21150
21147
21147
21143
21141
21135
21126
21126
21105
21096
21093
21055
21053
21047
21040
20990
20979
20946
20932
20927
20914
20913
20907
20905
20902
20900
20899
20887
20876
20857
20852
20847
20817
20806
20789
20774
20765
20756
20747
20745
20735
20728
20721
20690
20685
20658
20649
20647
20628
20601
20594
20590
20581
20579
20573
20549
20540
20537
20536
20522
20519
20518
20516
20511
20505
20498
20487
20483
20481
20470
20462
20452
20448
20447
20445
20440
20434
20431
20426
20416
20408
20408
20383
20373
20368
20334
20331
20316
20302
20293
20274
20263
20252
20241
20227
20225
20216
20214
20204
20202
20193
20187
20187
20184
20178
20177
20177
20158
20155
20153
20149
20113
20083
20074
20063
20063
20055
20049
20041
20040
20038
20027
20020
20012
20007
20002
20002
19993
19977
19964
19953
19950
19939
19931
19927
19927
19904
19898
19891
19888
19875
19860
19857
19852
19839
19824
19818
19816
19810
19796
19792
19788
19779
19771
19769
19761
19758
19754
19750
19731
19725
19722
19716
19711
19708
19704
19689
19673
19643
19626
19622
19595
19591
19591
19588
19568
19563
19553
19537
19525
19522
19522
19515
19508
19506
19498
19488
19472
19465
19453
19450
19446
19436
19421
19419
19414
19408
19403
19399
19394
19392
19388
19385
19383
19383
19356
19340
19337
19299
19281
19277
19274
19251
19250
19238
19236
19236
19232
19228
19227
19226
19222
19215
19213
19209
19197
19193
19190
19187
19169
19141
19136
19134
19133
19117
19104
19090
19051
19049
19048
19046
19039
19039
19032
19027
19008
19003
18996
18996
18994
18991
18986
18985
18971
18968
18967
18965
18946
18944
18939
18922
18914
18905
18902
18901
18893
18888
18874
18842
18836
18833
18818
18795
18789
18780
18777
18775
18767
18765
18764
18761
18756
18742
18735
18733
18727
18724
18721
18717
18709
18700
18685
18680
18665
18661
18660
18660
18657
18646
18635
18632
18627
18617
18611
18610
18604
18601
18594
18591
18590
18585
18584
18564
18547
18532
18524
18517
18513
18509
18505
18502
18496
18491
18483
18478
18470
18453
18441
18436
18379
18359
18350
18343
18327
18323
18314
18309
18305
18304
18298
18285
18280
18262
18253
18252
18250
18249
18246
18229
18225
18224
18224
18223
18219
18210
18199
18173
18171
18169
18168
18167
18161
18155
18146
18123
18101
18099
18099
18095
18095
18047
18045
18044
18021
18013
18001
17996
17977
17974
17973
17971
17969
17960
17958
17952
17948
17914
17909
17899
17887
17886
17885
17873
17871
17848
17843
17840
17829
17818
17793
17785
17767
17752
17739
17738
17734
17720
17715
17692
17692
17669
17668
17665
17662
17662
17662
17615
17614
17609
17607
17603
17585
17580
17577
17564
17564
17533
17528
17523
17495
17494
17488
17483
17482
17473
17466
17452
17448
17448
17447
17445
17409
17407
17402
17392
17386
17382
17355
17345
17339
17316
17310
17310
17309
17296
17283
17275
17269
17252
17252
17250
17248
17227
17210
17208
17205
17187
17186
17184
17179
17173
17169
17157
17152
17137
17135
17132
17113
17113
17107
17100
17088
17085
17079
17075
17064
17061
17053
17035
17032
17031
17030
17024
17016
16991
16986
16980
16969
16948
16946
16936
16928
16923
16920
16911
16902
16897
16892
16889
16886
16880
16878
16872
16872
16867
16866
16826
16818
16818
16803
16774
16770
16769
16768
16766
16765
16763
16760
16749
16746
16739
16715
16707
16706
16697
16682
16665
16664
16659
16636
16625
16620
16597
16583
16583
16581
16569
16568
16557
16541
16538
16534
16530
16514
16512
16500
16489
16484
16480
16479
16470
16430
16424
16413
16411
16405
16400
16386
16385
16380
16374
16372
16368
16359
16358
16345
16340
16338
16335
16327
16315
16315
16300
16298
16289
16284
16284
16283
16271
16262
16261
16261
16256
16255
16251
16247
16239
16226
16213
16207
16197
16188
16188
16184
16174
16172
16168
16167
16165
16160
16146
16140
16131
16123
16122
16114
16112
16099
16090
16069
16069
16055
16052
16050
16029
16013
16010
16010
16007
16001
16000
15985
15983
15977
15972
15947
15933
15922
15921
15916
15911
15902
15901
15894
15877
15853
15848
15845
15841
15839
15834
15827
15808
15794
15771
15761
15758
15739
15730
15725
15717
15703
15697
15694
15681
15661
15633
15609
15595
15584
15571
15567
15566
15563
15553
15539
15502
15470
15469
15463
15456
15455
15454
15453
15435
15427
15427
15422
15415
15401
15399
15386
15383
15376
15359
15301
15301
15296
15293
15280
15274
15268
15267
15267
15264
15237
15230
15221
15213
15209
15200
15200
15182
15178
15176
15170
15149
15118
15105
15089
15086
15075
15073
15070
15046
15029
15013
15011
15002
15000
14976
14972
14968
14964
14956
14950
14949
14949
14948
14945
14945
14943
14938
14935
14930
14928
14927
14921
14910
14909
14883
14873
14869
14861
14850
14840
14836
14825
14812
14809
14807
14796
14796
14792
14790
14783
14752
14738
14714
14710
14705
14704
14702
14701
14701
14678
14675
14667
14667
14666
14663
14662
14653
14640
14634
14634
14632
14611
14600
14590
14586
14541
14530
14528
14528
14521
14514
14501
14495
14494
14489
14483
14480
14476
14475
14474
14447
14445
14441
14400
14399
14391
14379
14377
14376
14376
14346
14345
14335
14333
14331
14304
14295
14289
14259
14242
14239
14233
14232
14231
14221
14207
14201
14171
14161
14136
14119
14117
14097
14090
14086
14083
14075
14073
14071
14049
14040
14037
14031
14031
14028
14028
14021
14002
13996
13984
13974
13965
13965
13956
13937
13926
13919
13915
13914
13898
13894
13868
13867
13863
13839
13835
13825
13822
13817
13814
13813
13793
13761
13760
13744
13724
13718
13715
13704
13699
13693
13690
13674
13641
13626
13615
13608
13607
13600
13600
13576
13562
13561
13546
13536
13533
13529
13494
13484
13468
13455
13440
13421
13398
13397
13395
13392
13391
13375
13370
13366
13361
13358
13355
13340
13340
13321
13303
13292
13291
13283
13276
13255
13240
13224
13208
13208
13200
13197
13189
13181
13177
13153
13152
13150
13148
13127
13119
13117
13115
13098
13095
13089
13087
13066
13065
13058
13031
13012
13002
12994
12992
12965
12961
12961
12955
12954
12953
12952
12949
12941
12925
12918
12908
12903
12889
12880
12875
12874
12858
12810
12792
12790
12787
12784
12781
12779
12776
12770
12768
12768
12760
12746
12718
12717
12716
12707
12699
12687
12682
12673
12673
12673
12672
12662
12633
12630
12611
12596
12594
12587
12582
12582
12578
12574
12564
12556
12552
12536
12535
12532
12528
12528
12526
12520
12519
12516
12508
12487
12482
12476
12468
12447
12425
12423
12422
12420
12406
12388
12344
12339
12328
12325
12317
12317
12313
12307
12300
12298
12289
12279
12274
12273
12270
12258
12247
12231
12217
12213
12211
12204
12193
12191
12191
12190
12183
12163
12162
12160
12153
12142
12129
12119
12103
12101
12078
12071
12060
12053
12044
12044
12040
12034
12033
12028
12015
12005
11999
11988
11987
11983
11979
11975
11968
11960
11954
11953
11932
11928
11926
11915
11904
11895
11874
11872
11866
11861
11861
11850
11837
11829
11821
11809
11797
11792
11789
11783
11783
11776
11771
11770
11757
11748
11746
11745
11741
11730
11727
11724
11719
11719
11718
11713
11709
11709
11694
11688
11675
11674
11666
11664
11657
11652
11642
11634
11625
11606
11590
11582
11577
11576
11573
11564
11553
11551
11549
11542
11535
11529
11527
11518
11515
11514
11508
11506
11499
11458
11453
11448
11422
11418
11400
11389
11388
11361
11358
11354
11346
11344
11343
11343
11334
11324
11324
11315
11310
11304
11299
11272
11261
11249
11246
11235
11233
11221
11211
11209
11197
11197
11194
11193
11180
11167
11159
11131
11122
11110
11106
11104
11095
11090
11059
11050
11043
11041
11035
11019
11014
11000
10993
10975
10972
10969
10968
10959
10948
10946
10944
10938
10937
10935
10916
10903
10898
10894
10888
10864
10861
10861
10836
10836
10822
10816
10800
10785
10779
10770
10757
10757
10753
10751
10748
10744
10741
10732
10725
10681
10650
10642
10641
10630
10627
10618
10603
10599
10594
10580
10578
10576
10569
10569
10554
10550
10550
10533
10525
10503
10503
10496
10494
10492
10482
10469
10461
10447
10431
10427
10417
10416
10414
10394
10376
10368
10361
10340
10336
10331
10331
10328
10326
10323
10305
10302
10298
10297
10275
10273
10262
10257
10253
10247
10238
10236
10225
10220
10215
10214
10191
10188
10184
10181
10178
10175
10163
10163
10161
10151
10146
10141
10137
10130
10122
10111
10110
10104
10102
10094
10085
10077
10071
10069
10059
10057
10057
10036
10035
10032
10023
10022
10015
10002
9994
9994
9992
9991
9990
9976
9974
9964
9961
9957
9951
9950
9911
9891
9888
9882
9870
9866
9865
9852
9841
9822
9816
9810
9807
9803
9801
9798
9797
9796
9793
9781
9777
9762
9746
9745
9741
9741
9734
9727
9718
9714
9713
9709
9708
9707
9696
9690
9683
9662
9661
9660
9625
9602
9600
9599
9593
9592
9576
9565
9555
9554
9550
9548
9547
9545
9538
9535
9521
9517
9507
9506
9500
9491
9487
9472
9452
9434
9422
9415
9414
9411
9396
9391
9385
9382
9377
9371
9356
9347
9346
9319
9317
9312
9311
9311
9305
9303
9300
9296
9293
9292
9288
9284
9283
9280
9259
9239
9233
9215
9208
9195
9170
9170
9167
9161
9148
9145
9141
9140
9137
9124
9123
9115
9104
9096
9092
9056
9054
9049
9049
9045
9031
9029
9006
9006
9005
8990
8983
8979
8974
8972
8972
8970
8969
8969
8962
8954
8948
8941
8932
8919
8919
8910
8900
8900
8885
8880
8870
8852
8845
8839
8828
8825
8817
8813
8810
8801
8772
8764
8759
8735
8730
8721
8713
8700
8695
8689
8670
8670
8667
8663
8655
8652
8645
8637
8635
8632
8628
8613
8610
8607
8606
8601
8582
8574
8565
8565
8564
8555
8532
8523
8509
8507
8504
8502
8499
8490
8482
8479
8473
8467
8460
8456
8453
8448
8446
8446
8445
8444
8435
8426
8405
8403
8403
8396
8390
8388
8343
8336
8334
8325
8324
8295
8277
8265
8255
8243
8233
8232
8231
8214
8210
8210
8206
8193
8191
8188
8168
8163
8157
8144
8144
8142
8142
8138
8126
8125
8123
8108
8096
8076
8059
8035
8018
8008
8002
8001
7999
7997
7995
7982
7976
7967
7964
7953
7937
7937
7924
7916
7900
7897
7881
7879
7865
7852
7852
7823
7818
7801
7798
7785
7782
7770
7753
7753
7736
7733
7727
7715
7703
7702
7694
7684
7682
7671
7670
7667
7660
7659
7647
7629
7628
7628
7614
7608
7603
7595
7593
7571
7569
7562
7534
7528
7519
7519
7501
7497
7496
7494
7490
7490
7481
7472
7460
7445
7444
7432
7426
7421
7407
7396
7394
7387
7378
7372
7369
7361
7361
7356
7351
7338
7298
7292
7287
7279
7272
7258
7249
7243
7237
7230
7212
7208
7191
7189
7189
7178
7176
7171
7149
7141
7141
7137
7132
7131
7097
7062
7030
7030
7027
7014
7000
6967
6955
6944
6943
6938
6926
6914
6913
6902
6900
6893
6888
6888
6846
6841
6821
6812
6809
6807
6807
6802
6795
6793
6791
6788
6772
6771
6769
6752
6749
6733
6717
6702
6694
6690
6686
6683
6655
6641
6640
6620
6619
6612
6598
6576
6575
6573
6570
6569
6558
6555
6544
6543
6541
6540
6538
6537
6534
6533
6524
6518
6507
6505
6502
6496
6494
6493
6489
6483
6481
6465
6463
6461
6460
6458
6446
6442
6438
6423
6396
6365
6350
6342
6324
6285
6273
6272
6272
6267
6266
6265
6253
6247
6237
6235
6201
6195
6188
6183
6164
6154
6153
6142
6138
6128
6112
6105
6092
6089
6086
6081
6074
6062
6055
6045
6037
6037
6035
6026
6021
6011
5988
5980
5976
5947
5927
5919
5911
5908
5905
5897
5890
5887
5883
5877
5874
5873
5867
5836
5835
5813
5800
5798
5789
5786
5782
5774
5752
5740
5735
5733
5729
5718
5712
5708
5707
5706
5699
5684
5640
5637
5633
5618
5610
5599
5590
5589
5577
5571
5570
5560
5559
5557
5556
5553
5547
5536
5535
5503
5479
5473
5469
5466
5439
5434
5430
5416
5405
5398
5397
5394
5393
5391
5391
5382
5369
5366
5363
5345
5344
5342
5331
5328
5326
5308
5294
5285
5272
5260
5251
5247
5242
5242
5227
5220
5214
5212
5195
5190
5179
5176
5167
5154
5143
5126
5118
5117
5105
5094
5092
5079
5075
5068
5053
5050
5047
5044
5043
5040
5029
5023
5013
5011
4996
4979
4952
4946
4944
4900
4898
4894
4894
4870
4863
4859
4854
4837
4836
4816
4811
4805
4801
4799
4784
4745
4745
4742
4732
4731
4727
4706
4690
4670
4655
4647
4646
4638
4627
4606
4606
4598
4589
4586
4585
4582
4581
4580
4564
4560
4557
4532
4522
4519
4517
4513
4511
4508
4501
4495
4492
4490
4489
4477
4473
4449
4442
4440
4439
4415
4415
4408
4404
4400
4380
4368
4332
4325
4311
4308
4276
4259
4247
4237
4222
4190
4180
4176
4176
4166
4151
4129
4129
4127
4089
4087
4084
4083
4083
4081
4065
4038
4034
4033
4021
3982
3980
3973
3956
3942
3938
3936
3924
3915
3913
3901
3900
3886
3882
3880
3877
3865
3843
3833
3829
3812
3802
3799
3798
3797
3784
3775
3767
3757
3754
3753
3741
3733
3717
3715
3715
3702
3678
3673
3673
3670
3659
3658
3648
3647
3646
3646
3643
3642
3628
3593
3584
3574
3564
3562
3561
3557
3546
3543
3542
3514
3508
3506
3498
3481
3479
3468
3461
3458
3452
3444
3441
3421
3420
3417
3393
3386
3384
3378
3372
3364
3363
3359
3344
3340
3334
3333
3330
3321
3319
3311
3298
3298
3291
3286
3273
3269
3255
3249
3233
3230
3226
3219
3202
3188
3169
3166
3162
3146
3146
3129
3122
3111
3102
3100
3099
3097
3096
3087
3083
3075
3075
3074
3065
3058
3053
3039
3033
3028
3001
2993
2989
2980
2970
2953
2951
2947
2944
2936
2930
2930
2916
2907
2898
2884
2882
2866
2864
2848
2846
2831
2827
2827
2807
2772
2763
2757
2745
2727
2713
2713
2684
2681
2669
2663
2658
2658
2652
2641
2615
2615
2613
2611
2598
2588
2586
2581
2532
2528
2512
2510
2509
2504
2500
2492
2491
2486
2478
2456
2455
2455
2453
2453
2451
2442
2435
2431
2429
2421
2417
2414
2409
2396
2387
2384
2380
2377
2360
2352
2347
2339
2333
2331
2326
2308
2305
2305
2292
2283
2269
2265
2262
2255
2249
2246
2242
2241
2240
2239
2227
2222
2212
2173
2169
2168
2166
2165
2162
2146
2143
2133
2117
2114
2114
2112
2110
2107
2101
2094
2071
2050
2040
2039
2038
2036
2027
2026
2025
2023
2020
2015
1995
1979
1970
1965
1946
1933
1928
1909
1902
1898
1886
1884
1883
1879
1852
1851
1850
1842
1830
1826
1823
1822
1809
1806
1769
1769
1764
1758
1755
1754
1751
1711
1701
1699
1682
1673
1668
1659
1650
1649
1643
1642
1642
1636
1634
1633
1623
1615
1602
1599
1597
1595
1561
1551
1549
1543
1535
1528
1512
1499
1499
1497
1496
1450
1446
1438
1427
1422
1420
1411
1409
1405
1396
1387
1376
1363
1346
1325
1310
1299
1299
1299
1297
1280
1271
1267
1262
1249
1239
1227
1218
1215
1212
1199
1195
1176
1169
1163
1143
1124
1115
1112
1110
1108
1106
1106
1097
1097
1093
1084
1077
1060
1054
1046
1013
1012
1008
1007
1006
1002
999
988
987
968
967
963
963
962
940
936
935
926
923
918
914
911
905
898
894
887
886
880
878
868
862
861
853
843
836
830
820
819
792
785
784
771
736
719
689
686
680
676
660
636
634
633
622
612
611
577
541
534
522
517
508
507
476
465
465
457
447
446
442
427
415
412
412
402
400
392
371
364
363
360
356
353
352
347
337
327
326
325
292
291
291
278
267
265
260
247
246
241
237
227
206
202
183
180
174
173
170
167
167
166
158
154
152
152
128
121
118
110
106
105
101
84
77
62
44
35
24
11
8
