5623
23067
23478
23297
17973
10511
13334
21870
21128
32390
31901
30802
28335
11478
13723
7376
16660
27474
31076
29432
31823
6594
502
228
12780
22544
12764
6144
17006
17988
9298
13481
3731
178
2217
31738
19930
11378
19693
19426
11843
10257
23494
4474
8534
13446
29084
22934
31334
10856
19710
20379
16919
3934
15941
7824
25374
8150
23156
26743
5192
8442
21859
18397
9150
3807
18205
4016
1927
31488
24710
15697
22350
12012
21313
20714
4966
26427
28880
2
23819
15046
17661
30286
1003
536
12153
6346
3301
21279
16580
32521
5648
25895
24140
5833
15359
28938
29145
9675
25667
24992
10280
7650
4402
26749
726
30537
8935
19164
16769
1337
10634
31446
26153
30907
11474
20696
22748
1468
3271
31059
28306
24159
24525
27317
22358
30871
29150
30617
14246
20980
18711
20794
28957
9661
21366
3630
24143
18752
8674
2385
1525
8806
21611
11519
2378
27786
7124
32390
20916
16267
29774
32218
16807
3360
32135
11659
27846
2156
5091
22261
6988
11219
3849
24247
7339
20747
18850
15718
11635
3958
22109
28802
29812
21679
1591
30632
23335
27491
9209
12810
17738
25698
2306
12317
27595
5621
28486
19857
24295
9587
9367
10118
29587
20239
804
17149
8219
24564
21311
30604
3081
5780
31331
29271
22344
23868
7029
25915
23689
4844
3146
13900
29414
22119
17514
17282
29381
1926
10515
3759
512
29393
23169
26036
27459
23376
26221
23285
1205
22175
980
8714
27098
12097
15353
9400
3256
16694
9389
25631
25144
1232
4046
31284
11728
15298
21518
20338
12383
29818
4853
22733
15960
22449
8234
29160
291
29760
28142
10119
26560
32053
8937
1607
2734
11814
15657
16781
1803
18885
26216
18108
5372
26293
23949
4267
23887
32412
6518
20310
21087
29562
2293
14291
4152
32569
5144
4232
2044
16773
17070
19868
31366
24541
11270
20907
1612
27626
5114
9918
19594
1040
22828
17274
29085
25156
6288
12439
31916
19741
10795
8852
23182
7981
23322
23465
2024
22673
2261
27134
9878
28359
437
5658
589
20160
20148
5534
18558
17718
19061
22067
30589
16704
10628
29889
18658
9508
22494
13538
6960
6508
20404
3222
7860
5692
19820
6200
18864
5858
1257
2736
22457
11183
15372
28139
22622
24069
28282
18312
4362
6834
24224
30164
13868
5756
14325
22777
16276
24829
9855
7282
23584
6578
1945
13506
18585
31566
6131
25958
3544
12628
17114
25352
27181
11236
30394
26101
27137
26069
8929
16593
29625
20741
17029
20362
19166
23789
6409
21130
20091
19321
892
2609
30407
18454
867
9858
22020
29964
26296
24348
8359
25358
12594
18284
185
9999
10951
13090
14461
600
14192
16097
22611
20696
23596
20795
3036
12731
5447
10204
16991
7742
25052
17669
13932
25281
10393
20797
6335
11805
22978
17731
25190
11065
29304
28742
4647
22744
17724
11864
22812
5045
11183
25377
31392
1746
1435
3280
25455
30221
10551
855
15368
5876
10407
14296
31318
27610
4291
2138
13968
21803
1305
31681
18270
19708
23861
31229
26941
230
10016
21633
29988
15893
13094
13047
27240
25500
3292
14386
20445
20235
1378
29540
12350
30532
13030
29073
13774
10634
2409
835
10560
7387
28870
2688
22484
20352
31728
25849
9412
25314
9595
18052
18910
27039
13662
6092
2930
23517
13303
11591
25454
9695
3663
27241
26568
1238
20384
9496
28700
9721
5140
23903
16023
15319
6352
7526
12307
32236
3377
5538
14211
18035
2389
18761
10386
17020
19934
24329
5511
26686
12530
27129
17516
10158
23686
16080
32623
2385
16861
10581
17544
12110
26187
5654
6236
27847
27967
1117
98
26473
897
21600
26692
30530
4023
17848
30344
14547
19502
14868
5231
1383
11735
4143
11549
17827
15504
11007
26619
21085
16549
31024
25178
22450
27031
4304
11353
28242
21020
13132
3336
24351
1382
19867
20941
17655
27048
18617
11527
205
13271
15959
26610
13311
18606
26065
27595
13539
12020
19808
26164
12707
30465
13201
3289
30028
15231
5365
17492
801
8046
16922
11854
31797
28010
4539
25319
825
15409
820
22872
4754
15456
25912
17367
30895
4989
21702
25276
28313
26682
10329
4833
31947
1016
7008
6990
8773
11659
19949
32278
29148
8509
27825
20604
6612
18965
5416
24154
2480
8281
18961
7364
10825
20817
3105
12264
23582
5198
27384
2104
12267
20715
8788
23244
3453
31379
6021
30977
15556
17731
19233
19303
1322
6033
4856
29658
22307
24046
12362
23278
13317
9000
5688
11409
18459
4659
29817
2027
27380
17704
23118
26249
31233
1422
1464
32443
16736
25049
13032
9530
26354
15408
32759
29198
2995
13939
14551
11439
5963
8061
8074
17259
25056
17830
1169
20999
12335
21132
17320
31657
13787
5140
30896
7158
4612
22187
237
4983
31260
13522
7281
13121
1782
32729
17368
3029
22560
9706
1590
9029
371
14666
846
22168
30440
31964
22021
27248
27310
6631
790
3818
20857
25368
16390
23238
284
18635
9819
456
7514
25222
9993
19037
18169
12742
21037
1666
16665
511
18173
5090
196
2526
24575
10046
23238
12753
28538
26386
17343
9161
8235
6518
22134
2111
20024
26946
5232
5237
27754
1653
5314
19966
18838
9688
5411
10112
19036
9182
8517
23225
27412
20175
17510
9152
7686
7205
31010
16781
23001
19767
19339
24508
27727
18196
24955
19854
25903
8626
23849
9777
11650
12872
19963
20033
7937
5368
9115
27278
12239
31153
22349
13344
1636
14420
16256
19832
2505
28693
16802
32025
16907
13861
22073
28999
7402
6030
4912
28943
27345
29278
12398
7815
10251
27143
15022
11863
26163
31494
26762
14456
27116
29123
17880
1596
20691
18616
10554
399
21426
12758
10225
10620
30967
20260
31730
12275
19300
24234
4156
9417
26887
23949
10088
20992
32365
26235
20610
11593
531
20297
7703
711
17437
18907
21391
15638
9802
3141
31933
28300
4136
17455
9141
32702
29572
22910
6366
10054
29989
17457
328
3780
3514
31112
7999
18723
14096
13420
2336
32286
31112
7435
17003
28418
28105
5059
27418
14517
1714
9025
31025
30455
14226
24042
12439
11496
19100
10873
19748
5834
31637
17386
4859
18697
10960
28824
14618
16504
15452
13474
25135
18398
30588
914
6061
22193
31319
13633
31520
19745
5617
16885
8638
12633
9818
2509
20030
20993
15142
11103
31981
29191
9244
11679
30206
24991
13875
259
23073
10376
23738
7140
23896
9617
19158
13864
9222
18269
24881
26654
30281
16995
7153
12457
15754
26680
7399
9889
83
1041
9737
22902
20576
24708
6179
9494
24312
23182
18889
32017
11134
9690
19088
29435
67
9792
26238
31763
12702
653
32190
14881
21311
21634
1176
19365
22464
6687
16289
26413
20093
19489
4143
17927
13222
15817
25872
8728
1682
10719
9084
19212
6742
4343
7239
5808
21655
19699
24923
12443
20124
32201
3942
3348
3239
13190
24528
816
16262
31123
5872
21051
17509
10039
8831
5721
22246
6494
31821
28781
10612
14745
9522
25914
22484
30309
19528
14281
26620
4272
30295
17162
19753
25241
14737
5821
8492
888
24960
23443
2052
27934
3900
17041
29106
1630
10721
950
11849
14028
13120
12253
2117
26564
21717
23013
22813
5806
14586
23310
19484
23681
1113
13990
17260
3718
935
24806
4980
23647
24976
27927
2148
3911
30957
26360
27149
20123
5949
23396
29175
3482
17235
21552
26541
1641
23628
19283
22364
26201
9412
22857
5788
3949
3658
8889
2958
4887
22800
18773
27175
19011
23527
25601
23499
11926
2155
16952
17694
22776
32635
32428
7703
18768
18925
9517
4182
23438
2431
28620
20407
3567
13840
24384
24871
31868
15120
12937
17334
13781
2357
467
12270
19756
28783
156
24931
19860
22047
11033
7820
29308
7044
25302
29393
18806
18549
16030
20197
8510
20054
4506
854
27127
30533
28092
18787
27319
21908
9567
19981
28742
18300
4135
29553
22819
25359
5935
15444
8904
24175
19555
5632
23599
18494
4394
29775
8597
9301
4169
29701
1406
16569
3844
30562
2809
22218
22917
28920
5413
19646
20098
20667
28660
11086
19995
18263
22063
7087
4097
21446
6331
452
9437
20257
19226
1682
9968
27318
6452
9972
24054
21596
10840
6800
23121
29955
13694
9993
19299
32143
10959
13175
5436
13799
5735
12308
26997
16968
8281
9783
26459
21216
19955
1159
1873
29080
26692
31592
21871
25137
11228
32186
16239
18578
9683
14787
31178
2400
25101
7785
16414
6352
20155
16549
29907
11193
31013
13620
25598
32494
1960
12944
11653
10442
5370
3870
6789
10508
20662
28585
25072
10981
2324
14863
8315
11600
503
8250
1975
1442
15662
22354
2173
28770
6131
20273
31888
9306
25016
32280
4990
7150
20516
5280
1735
2221
29784
11763
22849
9510
5494
20539
9659
22781
5220
20827
16609
25406
15565
29662
12896
32496
10089
20524
18762
13806
4479
24068
20411
22002
19880
12838
8637
15347
12757
17488
11113
27057
9875
20844
4687
6542
15246
11784
3608
17567
25940
7430
13418
20227
18524
32405
15372
20083
13639
27488
31563
7963
14949
4101
9628
15016
28283
23752
3202
1443
22724
23945
26546
1789
6709
19955
26742
15851
15365
15863
7247
2548
18285
23160
25310
22855
2733
11848
31492
4435
12111
28500
27465
26002
1455
11291
18810
4261
10683
28005
9622
9126
25848
8241
7148
24506
29126
23535
21117
19941
996
22767
26023
2339
14902
11034
2053
28340
24006
5344
22929
10423
4618
1649
14859
18170
23141
7472
6815
23057
6383
14180
4802
17573
27257
28721
15453
14095
972
6088
6957
2341
29746
31706
4969
26196
28984
5202
13222
32752
4017
26691
22009
14791
3582
16159
23643
1276
5005
29227
3153
23827
2464
29231
19916
6984
29008
21874
20813
5157
23249
485
24910
13139
25079
18335
25310
2481
21497
32649
18827
419
25206
603
644
11693
1973
3015
6911
25920
49
24051
9689
9171
32085
14637
9340
24118
30084
31707
30470
16931
13660
32432
6056
5143
5692
294
9547
8031
32259
14888
378
27766
3099
24846
1404
12686
6071
17103
4800
12653
25432
14194
639
31866
10646
3014
14492
18456
26397
13139
24015
20530
1526
22160
1282
30487
19976
4439
16379
6025
16094
30101
26428
15632
13994
9798
6439
13973
2698
7841
13414
14123
29707
31119
20874
31024
30700
19810
32754
6037
10788
28612
18927
4474
29477
13805
17445
11262
14947
1306
11317
9813
6672
18234
23193
29723
42
6122
3023
29159
24760
15779
17593
18468
23889
17202
22084
28700
1501
17769
17480
3926
5792
18709
5039
7458
22388
11568
17370
1650
85
3415
30528
17387
18211
10366
3928
5692
31396
8162
16314
23727
20169
8767
23681
14845
15922
22339
26611
31591
9459
8003
9060
30210
30873
31534
10071
20051
16744
12479
18151
24091
14567
32502
16997
11380
12703
30408
3395
11293
11295
19478
11056
13331
15683
13020
26757
26209
10678
7339
29152
31032
23222
27225
3854
5698
4119
26103
1327
17460
29579
6403
25620
3747
28960
21215
17132
24600
30986
29570
12320
16998
3747
20078
22651
31035
18608
14817
10638
10998
9958
7760
29523
3000
24749
6673
19728
16062
4387
3416
16766
25070
25700
8804
1579
30639
10761
9722
16925
8958
28910
17427
10168
27071
4153
31954
26082
29008
16791
26040
13412
26980
12489
2843
32659
6415
9312
1492
30513
16925
9156
6457
1166
20136
15995
27979
27634
31978
22696
14640
7487
32079
8402
29155
30675
14030
4839
20778
1452
9594
11393
18632
29135
1876
13927
13812
15850
19300
18263
26891
31544
30472
25603
21890
2725
30091
24665
32286
10291
1529
26119
29031
17820
15154
17471
27226
30777
16958
27831
26974
32290
25312
16885
22905
7831
28270
6857
5572
27038
4319
7963
25372
6894
14374
25062
12827
9228
1471
23685
15686
8628
32391
12078
22408
16506
27856
19132
32480
21681
10421
26545
1878
10636
15019
28283
29235
19331
3161
13558
17777
20984
7082
13619
30577
27675
25632
8568
17132
13579
29291
31111
30508
4926
22074
1315
6268
10018
26193
22481
25821
3332
2779
16860
4346
30258
514
21147
20830
23900
21182
20470
997
23104
25066
18215
3440
22663
23965
6846
16349
13801
29367
12776
23607
2968
186
11504
1321
9948
16348
17158
13753
29946
3418
11584
4147
26203
21006
17118
6498
3306
14148
10962
13318
31166
7626
18048
28803
7673
2886
14786
1239
13040
460
13359
206
28044
30128
24477
4729
240
21913
6116
28380
13403
22743
20453
13031
4176
2039
18379
20648
26357
13204
30865
23742
15290
19824
22725
20497
20026
22467
24203
4544
19558
24274
25316
23899
28640
12484
18992
22867
2725
18353
5618
29102
18159
6653
17364
19199
7770
17636
