19062
2211
19084
948
16134
28259
15170
1776
886
19430
25215
4387
10073
20997
20236
20999
18261
26461
22364
26443
26408
10823
25527
3629
11497
20235
9112
4939
24976
11856
12883
29878
23225
6103
28410
27209
12709
15721
2946
18489
27522
18958
5922
28652
30444
31104
2044
17167
8883
17375
2047
19683
29151
29094
2316
5591
28913
11230
25687
21852
28780
23698
2321
30197
18580
29570
32324
8077
2678
25371
15358
15374
16936
27047
8113
10799
11858
31426
32730
4750
4333
23821
8929
4862
32075
20518
7488
13346
18264
20183
23272
23867
30751
16781
22496
14910
27536
13580
19504
18474
31616
26978
20221
31640
23537
19737
13557
13715
3220
14513
11758
31403
908
32334
26057
8261
30069
8621
11421
25653
24229
19548
27154
8847
12721
21035
24586
7609
20275
23006
135
3269
10955
32292
23241
25598
16740
31437
25526
3009
17593
14903
7551
31119
8215
22281
25217
24415
14948
26148
22377
25913
6496
7383
18588
8448
18987
10066
30422
16528
13064
17246
5904
6665
12896
29515
2472
5737
12042
23849
3260
10849
32201
10811
28118
20833
16406
31400
32463
16118
8224
16756
20973
14933
3602
7343
335
22584
25236
32236
1419
1768
2708
14069
24469
8347
8262
16061
6627
30721
5481
17046
25806
4890
21197
22436
21052
2122
28946
24722
29820
12719
28338
31619
25713
10930
1858
3148
29427
19420
4084
14048
2418
6380
32097
24075
32220
21798
30341
31332
24001
12781
6411
23933
29878
19348
21195
13660
4599
26738
29842
25647
20816
11828
25121
59
27453
16759
888
4118
20560
919
23380
22294
5075
25281
26358
17929
27055
28752
11046
25638
15244
12630
4728
17476
6458
23928
206
23114
2127
0
16414
17639
30482
12077
10869
24451
22168
19917
13628
12405
8237
2830
16827
1910
18934
5266
22235
24661
28372
11969
10288
24045
11658
10083
3638
29013
803
22126
21467
342
9358
8476
32062
9762
7052
13121
27575
19778
10956
25308
791
22993
15699
29164
13361
5352
25890
8837
4249
601
11539
20770
19371
28064
16901
2365
19663
17174
14136
18461
14076
2408
27130
25072
2427
3912
18564
15641
15854
8546
31
22475
1936
23698
22155
19415
6078
28756
12960
17602
2999
25980
6198
7195
26528
15655
6979
4107
17099
31729
3651
18478
2360
30056
28637
7329
30300
27585
23491
21341
11554
22474
730
18371
4400
27936
28315
12407
17771
11938
5049
30578
29629
10021
30723
22611
16918
6762
28557
14582
6320
16973
13578
28744
7576
27710
24957
28506
2410
2805
1809
180
14683
4194
29508
4587
8829
9187
23627
15222
2623
2234
32178
31421
10291
18622
26692
21107
5397
30544
2346
17702
11016
8337
11351
24084
15138
14547
32291
15425
15403
8269
20533
21446
22178
3858
9639
22892
29185
32068
19045
3193
10051
23428
31190
21194
15522
12206
22719
23330
3749
27075
18020
14786
2650
1319
18672
13114
7392
18957
6422
10622
15401
17199
4345
24380
27902
15298
585
1389
27204
22953
14255
18219
20861
10217
9580
18370
30866
9565
3389
18185
20687
11179
6529
24563
31535
17014
13213
5473
29146
13013
6560
8506
27372
28420
30499
14782
22648
8794
1396
16663
10701
32123
30451
4913
12791
4815
12731
26060
22409
22323
7557
28368
29082
6894
2250
17632
30222
3814
26920
11825
23831
10772
31495
20893
24058
821
1148
32243
26903
29378
16238
31634
804
4387
12023
7222
26041
25888
25612
32017
2321
22168
30049
12062
31503
14709
11911
14770
10111
1247
14935
11092
30111
2736
19604
11470
24285
17192
3788
19076
25315
227
21631
26629
31953
8455
23172
4576
32201
3010
5543
8633
28849
6388
21655
26779
27444
11560
14592
21392
28682
8905
19444
15983
18042
21395
12687
26870
27421
22087
16347
16920
32228
17571
31985
32152
20828
7569
18529
10199
32561
6047
13268
11243
9714
30639
20208
32752
13331
16367
27260
27555
25656
19212
5829
7469
20145
10147
24896
60
13376
18425
5488
2904
26147
23019
1290
30581
28494
23336
7000
5572
25337
15773
16347
14287
29786
12337
19508
24005
15284
24499
6469
7954
19600
17424
26515
307
330
19914
9966
12489
8144
1957
24917
20716
15271
164
19732
21697
31023
4659
18991
5967
5671
22182
20227
9614
23411
25570
2091
28353
23581
7770
12193
20230
9627
14398
24357
10284
17744
12526
25059
31940
18261
26805
18768
16763
4728
7348
18773
22695
17797
24348
8111
27679
31173
24481
2710
6480
3781
6187
4764
9101
25432
12750
11225
8359
8159
13820
29253
21438
30152
24569
1381
10838
30805
8848
18218
4013
29343
13829
534
2637
24282
16970
15008
22493
25306
31093
12250
31548
30166
13938
20305
28881
4973
29685
8244
32028
8166
12211
27065
18833
25020
3538
6333
17319
13402
20638
10411
29228
22563
30845
5022
13531
949
8229
3530
8752
6767
26892
4120
30587
11313
3104
30224
20276
8802
25273
13052
4494
15928
31692
25162
21326
19507
4449
14131
5854
12523
29255
3994
9117
13068
13318
11831
26490
9887
16661
24564
5825
23947
5965
4247
32308
347
19102
4770
15198
14913
8193
7799
20260
18267
21677
19648
16029
27702
25998
4110
13860
22417
27379
29120
25259
26467
23687
5671
30034
28191
20866
19432
1336
23862
4384
10913
17296
30941
1875
1231
13816
30994
29108
12527
27399
15321
22720
28131
23845
27852
10561
26264
30624
17874
522
6374
29180
19759
2535
9143
30090
13501
25044
16492
16700
15992
1901
27516
16311
19008
15270
94
17322
28891
16828
19626
24158
20538
2668
24187
1167
27901
8034
4631
30075
19769
25332
8914
6200
12408
30736
17199
17226
2305
26227
73
8821
6746
20252
29809
11984
24844
17665
3353
27931
10150
7680
26609
26194
27908
20504
2895
3714
32721
11993
32212
3548
29515
7449
333
8200
20806
1769
29911
32188
11636
14280
8775
1164
32227
24854
31432
4356
23751
25803
1734
16116
6010
14440
3339
1035
11969
29742
13608
22695
11345
25230
10519
25324
29074
9186
31262
22548
25506
14938
19702
2053
6301
4665
4397
18217
27164
23105
18377
10874
4347
16491
7470
18908
11872
26332
23106
31920
26104
9493
28878
17574
28036
26986
10024
23250
13717
20149
9999
4867
3987
14923
29654
2384
29956
5679
3013
19955
21515
31622
14524
859
1327
24907
21529
8828
20062
9028
476
22890
5938
30005
9993
14374
12915
5715
8014
8119
24796
22779
30182
10109
28962
21156
9661
27843
8498
18451
9429
147
9402
10702
16104
26574
29932
13522
847
24956
19839
2952
18978
26464
31478
23286
5281
7375
24100
24626
19666
8131
18672
25117
10348
28716
6230
29517
13044
24966
12206
4171
17190
19120
14641
28159
24470
26620
20409
3176
22167
9091
30152
24977
3420
14267
32204
12480
19037
24651
18337
25072
32508
3357
30552
28033
21609
19381
2359
12335
32707
23234
26368
15169
8576
7155
25207
29954
13326
22540
14622
7541
19898
2361
1347
2885
14802
8098
16444
13563
11526
29759
14834
23155
6420
24046
10652
25233
25509
7363
15309
16688
1137
3999
16817
31067
20138
26628
26003
4032
27032
20519
2211
353
15489
14151
11767
4749
20939
14398
5839
2575
30052
20054
29725
11429
4706
19549
20805
3252
5095
18940
7201
569
19784
31556
28232
24323
11630
9866
31632
13088
16764
11381
18897
13717
19121
22101
5612
9554
27537
24246
2572
13924
12351
26678
10540
24429
30254
22163
5082
6993
30456
15880
2618
29491
31374
23770
20301
25760
29842
21294
20851
30729
4353
3357
15407
7031
29717
4874
22315
5498
12650
13363
22140
9314
15967
16263
38
7602
25535
16056
19171
8658
29345
26512
23072
14340
16524
14216
31561
26265
11999
28055
2118
7013
16752
22088
21318
30832
2164
7695
32699
22766
24991
7645
27813
8818
21644
22002
5140
13918
3678
2803
1000
6046
16552
14652
21468
6294
26506
21111
15555
9560
15133
31085
13585
32283
20497
12317
13980
30185
11157
11275
4516
2455
20087
17627
28945
25338
31629
12574
29693
7256
15699
1388
114
22557
28373
10675
13173
207
19408
14542
4675
17732
19476
32346
24794
9491
20012
1733
16827
8520
21825
30119
751
25948
24124
5718
15432
31844
4139
23221
8937
26248
19430
15436
13832
8887
24306
13214
10483
153
23973
14774
11857
20165
26763
2052
2219
14645
24841
2663
1067
27638
20800
14219
15779
20004
2868
17269
23248
26902
17198
24668
6113
20438
10591
443
20019
6868
18117
21924
22623
19419
8531
26711
30582
11843
27468
9747
7563
1897
16880
12076
16754
11100
16218
12894
8136
18905
25513
16737
3379
1914
6494
21437
15851
14122
22789
27616
9850
18396
12312
4718
22976
14973
12064
7128
2105
13350
797
27696
1155
151
15912
11580
28954
6369
4951
10953
31591
610
2529
18753
18425
6646
27522
19072
29714
8044
29217
21732
20581
5431
30897
28835
14622
18534
13141
28514
12067
5335
12999
29187
5785
14759
14074
190
16043
20972
5374
26995
5766
17831
13349
22590
13224
18164
26212
24141
3419
12164
8187
23278
4476
21069
21080
31468
30337
5504
28217
16924
28347
26812
20754
21299
8407
27521
8622
27098
2475
22503
24600
15109
11056
1424
11452
12160
11466
6363
2762
11466
20688
12890
8667
24615
25416
12935
17111
16369
1522
26034
13334
14127
32137
11326
2245
12137
25669
29453
1932
27834
26020
4153
25709
28710
26474
22533
20976
21550
17382
32275
11645
22434
31096
5847
19209
2743
29520
19787
9205
21081
20344
8420
27954
13762
17941
16325
22698
10828
5610
20788
1499
20867
6685
17482
26053
23935
27966
30446
5639
3953
15749
18692
30533
1147
13915
28641
716
17605
8988
7682
9081
18637
12060
21246
5591
26878
26344
26554
4999
27525
24270
10972
19941
9312
8863
8578
31720
23479
21171
16435
32586
28272
4654
12310
25833
23806
10882
29793
17518
15481
2101
1045
17196
15860
29925
11241
15947
16395
12937
19587
24613
7867
23545
18670
9456
13687
11953
14665
4766
18295
8657
13756
10241
16980
28265
19889
18227
3794
27892
32576
7989
25596
27682
17130
22742
20599
25819
32651
2774
28176
12160
31370
14668
29591
7796
6227
25669
6384
8667
263
27054
359
22689
32113
15988
8260
12990
8253
17129
19359
2233
3940
13930
29046
19563
491
3647
8957
14086
17869
13250
27189
6230
25142
28099
7616
11078
10737
31020
9972
5029
21028
5345
28206
26922
24891
1258
24937
29622
2594
20692
18703
31962
18359
16724
24334
23193
19583
24878
23599
5999
6807
1365
28580
23442
22510
8276
21727
31607
12978
25836
31659
20376
27144
31743
30325
14709
20224
20909
8938
31192
20936
15804
16584
15454
28448
2877
27373
31795
4621
9068
9909
9757
15826
24537
32130
7100
5148
18373
21660
31760
2941
15567
30524
21819
27163
23248
1763
9096
22698
3843
17904
16813
8599
10857
28786
11853
28806
29547
5947
19137
9727
31426
12598
30488
4964
14228
22266
12124
13095
11999
23710
3607
12601
10779
15823
22550
22470
16667
4129
30061
13343
15157
28579
31676
2040
2978
6582
11696
23251
27943
10783
5068
16316
24821
11866
4713
9015
5327
817
8443
13687
29802
12430
1687
17616
27161
14222
16306
7279
4778
1750
28972
15177
26762
2346
3213
30545
10800
572
2446
24814
32697
11713
22747
31404
9168
21706
29719
6450
5073
19794
12064
32628
2862
6163
11925
2857
19985
4255
10134
1408
1859
25515
19659
27662
15692
16302
3240
17931
8924
29611
1263
22975
18025
28746
20342
22071
25882
24366
3114
17724
25828
17539
19540
22918
14835
24278
17179
27948
15179
14634
24394
17503
10927
9032
12884
26712
29633
1110
18582
11919
26220
15275
22235
16430
28799
994
24869
13765
6810
3117
16043
6975
19534
15340
7966
28693
7040
21631
30000
30657
11022
25944
27223
28278
23734
18004
16334
30222
23091
3147
16606
20292
14760
11238
10843
13091
16706
16048
11121
24766
3609
7792
25505
13090
8792
19127
518
21385
7838
19637
27101
23504
10916
3408
68
32043
20767
20856
1858
32536
21224
20660
10760
10897
13658
6657
7798
30086
4091
15069
32737
650
23903
23711
18196
18637
21322
19465
916
30794
1557
7968
14889
28225
23379
27963
3225
19944
4020
19803
3767
4446
21545
3770
27804
9952
17992
24487
17973
28223
18419
22160
25598
10897
31284
4449
10508
15399
24428
24333
26193
14016
26797
10089
29468
10236
29284
1345
11999
8724
29755
18086
20533
24263
26685
18309
9507
3736
11579
23166
10398
10294
26735
13298
4430
19516
10848
2910
15762
4378
23301
26344
8388
19283
12589
17720
5566
9706
14623
6537
15005
7958
11901
19968
14789
15677
11630
16444
9253
4128
32507
27694
16572
21076
1210
14635
30043
16113
1962
7487
11437
28558
28255
2757
23926
22124
7775
23604
5912
10481
3275
12860
14171
20056
16962
30738
11629
9896
22018
520
28200
15842
9296
31328
32148
16255
17435
4194
12717
15897
32732
7596
4710
9065
21952
13770
31469
23665
17161
21510
24625
5626
24241
7041
24738
7489
1873
23939
311
14574
10306
23056
15286
3653
23042
28348
16944
26272
25049
10176
7114
26909
21692
26444
32452
7316
24945
5919
2995
17868
1524
6230
19985
30190
13338
25985
9720
23865
10612
6908
32555
13816
32374
22909
31062
23473
12504
14057
26007
25248
11581
12652
15676
17251
7187
22728
30159
28407
30138
8685
22096
24291
8680
6347
12737
30131
9804
25700
10984
17320
10353
20773
25936
942
18150
21878
18321
25742
3484
17552
13009
29285
2447
9102
21387
13397
16296
21703
28559
21114
2786
3420
21834
22560
9645
18701
20552
26163
25232
12369
18167
27126
22545
9381
26030
11256
985
26404
31469
19269
10516
3416
26855
30937
28183
14416
20541
1882
32069
16882
22541
8966
11571
21651
14123
17898
29706
8389
25262
15444
10797
9584
1455
19852
24604
15909
9805
23743
19353
27566
7156
5692
4105
2794
15072
31971
26140
28120
22748
27609
26288
2801
3920
24705
31987
14011
24186
8360
17352
7067
5628
4352
21101
25578
9879
20432
15450
19020
16694
26601
18540
1085
26414
12252
9026
15085
20420
10602
4328
1614
18160
30012
25010
7787
26976
11989
11883
14075
25024
17604
8111
14646
2873
8478
17558
20455
7479
13867
15507
31171
17520
17248
14491
5625
19746
26253
6025
7946
17051
19800
8641
2011
10239
6890
10259
28425
11846
21992
2531
7292
2948
29349
26247
32063
22381
19862
32241
4494
4376
10758
1166
305
12803
2314
28269
18953
29272
27832
30116
15593
8814
23444
24560
15527
15763
14411
18331
29554
6665
16804
27555
29285
23118
20147
19224
28509
928
6992
4038
5384
24001
14535
3092
6463
32760
30417
20524
3478
12120
22723
6748
7729
29252
27398
9916
13017
32051
3271
8722
9806
23729
495
17394
2015
167
24918
21546
6969
3291
13107
8029
2685
4794
21464
7917
32405
6230
28316
22558
4551
4267
9496
13945
20618
10534
13974
25967
15513
4200
15302
27967
1607
6727
19123
5914
28690
25877
5878
23684
4218
25637
25129
26109
26132
29580
20639
23777
29146
22821
30290
5261
19397
22232
12317
20163
26014
12827
7468
8016
28689
21688
19632
13035
5635
27345
29655
32097
549
8738
16379
4847
25289
28295
6426
12527
24565
30654
26758
14776
14262
5229
14301
10175
29879
30311
15420
15362
29458
27691
8624
27558
10086
23470
10989
20702
23594
23130
31043
8976
22849
1622
4301
31283
10702
1288
27884
24956
29769
19160
14579
32057
6355
4151
292
18429
2502
6112
28636
11005
4753
10846
27402
30138
195
27343
9701
30944
25445
26855
31455
18542
21645
5176
8660
26904
304
29872
5768
27882
25400
19555
17232
17197
25046
1674
17423
16270
19482
6092
21860
7293
25025
13245
17442
31956
24142
31653
28929
12473
14940
2690
15507
16837
5938
592
28537
2662
2200
32391
29398
23681
12521
4070
27908
31580
25450
9583
5766
27836
16602
1715
23358
25930
586
17231
7136
21563
26159
15287
9127
21040
29622
10034
9799
30555
2135
15142
23074
23780
25517
22422
702
19851
9605
23785
32631
27022
29237
3821
12913
16845
12591
10523
21457
11820
6613
2077
1325
25401
655
3213
14656
2831
9755
6912
17379
25978
21285
23875
9785
13147
14872
10468
27433
29006
19763
12020
10257
9611
26335
22796
30136
17674
10816
30606
30085
29675
21002
9517
14063
9492
24982
944
4405
23836
27701
13810
17743
7272
26308
15150
31780
13459
14208
3961
29949
3347
30748
13712
30778
6938
7697
3540
25156
4283
32054
7827
23234
1870
22672
12681
3088
10517
30059
27303
28396
7712
25769
15379
32371
16493
30299
23407
26701
23380
2958
7262
3364
31266
14951
21572
25946
2565
30835
11086
7675
21288
16184
32435
496
3358
24336
14393
886
4740
29751
16122
31183
30690
12834
25960
26423
2515
30994
30863
23322
30310
27114
21658
17540
9667
27709
8857
18649
1554
23212
9089
29382
20120
18799
11380
19831
32291
6961
14403
16395
6313
22561
12850
15685
26668
31558
24059
7044
17632
10770
277
10485
10384
2619
12597
20487
4414
10694
27670
24607
30474
11621
23670
20110
22869
14594
28769
960
10021
18076
9393
2229
1739
24402
10710
10421
16580
27325
17875
23360
20958
2179
6025
2629
26779
10281
7992
2196
20954
21289
12355
19604
6324
23877
12339
17209
23973
28442
18175
20273
10476
7928
25739
18526
15412
3057
16238
3977
10099
12080
12536
2645
9491
22413
4724
7025
336
862
32682
27410
4321
3215
8872
5025
31450
23285
27842
1712
22993
4319
24792
15923
30783
26094
21207
3565
11306
9255
16514
10536
5633
31559
10099
12457
18120
7766
31836
23779
4468
24447
10131
6251
2969
15903
10958
7852
322
6940
21547
29404
24608
1912
8819
17199
24040
24870
16031
3146
24054
12828
11931
4346
23094
1449
9547
31270
21316
10249
5068
13058
3026
1079
24572
21894
4939
5122
25660
15135
25525
5731
7284
1444
5852
14
9304
13451
30381
23111
27370
6749
27872
1015
16192
18023
5594
2303
6792
14003
31441
972
19273
26166
14129
15659
26092
2891
3390
32351
7802
6752
11771
18802
28583
24815
14411
27592
13072
19633
13143
7930
3777
13070
2095
11233
23546
11479
16052
17392
27443
23095
437
1223
18781
8935
11864
23046
27243
18082
29372
12639
23825
20953
16348
13552
27595
19111
4791
32719
20258
10759
22702
230
21803
30021
29485
1
8784
2994
7821
31013
28498
31900
16441
16932
26767
31101
24592
11886
4737
14451
20747
9514
22408
23280
19744
23941
8937
11443
2150
13642
11542
20215
32633
21940
23856
9194
1312
6784
25546
3680
21293
28485
29424
22985
8869
5896
14183
24160
3873
4619
30519
13734
18804
5607
31079
4879
23950
19418
6920
5371
4001
18786
13685
8679
5250
30475
14808
9701
10577
22917
9712
17481
20060
28921
13842
20902
10561
8861
30830
10745
21075
24711
9620
14115
4415
959
25143
15261
19696
3223
20016
13671
12975
15679
1221
27969
22671
17044
29228
1566
24328
24377
8779
8406
21986
19689
27842
26651
26708
18443
8747
6318
5230
31111
7840
22994
29108
13017
25982
31234
19212
12388
10857
25567
4058
22024
27537
24428
24681
6646
307
29565
14733
4547
18018
31597
902
21948
16135
17680
2088
11898
24359
19176
5177
16566
22372
24220
18459
11102
2759
22437
23466
19431
4540
6731
22888
7398
28254
2768
5336
25306
22005
16619
24615
6988
13245
3960
17681
25115
18666
13421
17667
16657
3560
17680
25725
7609
14567
10855
1467
14709
3479
16880
22164
30667
23088
30355
21922
24320
17846
26069
12963
1768
21371
25934
3615
27132
16357
31837
23628
19629
6769
9754
28462
12024
16632
28556
27650
31803
8242
17949
12253
27975
23928
2634
26513
20662
19918
15007
24272
11647
24096
19171
19092
29639
20684
31632
4797
12282
29793
17798
24316
29723
14246
11775
27377
27480
16095
5830
26000
19426
24139
24228
24521
6907
7665
26139
3688
30545
10909
19543
25402
23946
22565
30818
16753
6944
6384
17047
20809
25455
3769
21081
14060
15116
6289
1029
12435
11609
547
27428
24559
86
14396
17638
17095
23226
9867
28364
7906
4163
8869
13732
25895
2122
2123
4282
20483
29338
27376
7501
16651
16002
118
28224
8675
2089
10553
1042
19550
28706
14670
272
15846
4416
26381
28105
6687
2220
716
8643
16583
17460
23534
9324
31457
2790
30493
6739
786
29662
31187
4760
27979
16220
28447
18594
12712
17946
18854
11791
24216
29404
18152
20721
13887
31304
6084
29239
15128
17656
29246
24681
28639
16334
28801
27289
20142
1671
24864
32662
15206
7315
27809
19810
30032
10276
13372
29926
19460
25478
19936
9701
7050
14510
16759
14127
21440
15125
27499
3863
3835
29639
26729
28710
31729
13238
28261
32273
7895
24661
14046
3817
11718
28258
24163
7314
3171
32515
23894
27254
10943
21269
32240
13178
19324
2241
29573
29746
30002
22352
30473
9552
4880
15680
3284
31331
2247
21655
22434
30910
15779
16759
7390
31413
25339
28403
24096
29456
31180
3617
11252
1209
23457
2928
5597
17080
19126
28220
23449
11361
19804
22176
17319
14796
22687
3468
15111
3206
3623
23319
8769
6278
4444
5910
27560
22883
14286
10221
28384
26564
6355
25509
5534
791
16498
1855
17839
25478
2431
14408
11324
26662
25352
17582
20044
30066
1264
5330
650
6137
22490
990
14409
16211
5192
4697
12229
9561
23812
9977
1963
13718
22720
20920
17372
2296
3833
17705
12654
18891
3105
31245
19444
5096
4348
12578
2048
9514
20811
18235
9958
29218
1448
3989
30658
29452
21681
10345
10684
15617
22376
32190
5002
15214
15578
28289
5175
7620
20735
18391
28963
19825
27362
2738
21836
16
1537
12195
21963
14812
2807
23791
8098
21611
2904
17124
12980
23961
29917
4717
19989
25282
32705
16869
29060
31796
23658
5161
6198
11491
25676
5617
4310
27231
21003
1376
5833
24836
17631
22489
4278
18544
4925
21013
6214
23611
12468
26226
12072
19682
11029
19854
17753
15619
726
3349
29858
7888
25272
24791
5474
1470
31400
14878
4237
16509
483
18750
4853
20269
9310
17773
1480
2511
24421
26325
28762
2809
4482
18152
10021
13006
16800
6900
27663
22062
24944
31991
25579
28202
3852
14004
1345
23483
6619
17158
25682
5043
20148
31093
87
18163
20294
6151
30218
23263
30903
8024
15207
17935
7563
13549
18612
9543
5832
32710
21183
7338
28759
13106
31335
22826
13486
15336
5469
17987
7084
17234
29740
19433
8388
32044
18807
10431
17502
29518
5762
15497
31866
17350
16629
22244
6295
1322
13788
24117
7379
17709
15857
25311
22611
21871
26398
29369
15077
23194
10046
16575
11748
20906
7204
29959
29789
32652
3294
14583
22127
32491
4154
21430
7160
24647
31882
27360
6766
4167
1189
15230
23050
30800
9774
24373
5676
3414
19737
29117
7419
16626
20586
10901
21067
2229
11328
16117
22981
28605
7443
8197
11329
26245
58
26956
7287
17665
7600
4971
3799
13035
16151
16139
26805
27224
14333
11284
31401
2190
17247
12575
27190
24857
23147
18223
24233
1820
26762
32155
30020
230
158
27215
16540
22981
30600
27189
22336
1567
2030
17901
13723
19902
25403
3780
30492
12396
21479
18404
10900
30912
21752
12232
17887
28983
17097
15859
31942
28550
2314
10466
32548
10799
29192
2111
25160
3155
31534
26455
14747
31687
21196
23502
8834
17770
25368
29841
18310
9141
3699
5389
7859
5011
237
4255
26429
27507
15114
6731
10858
26780
14791
23728
17323
9921
24536
20027
13324
13782
1076
5532
17615
16930
18899
4726
15700
660
9398
24155
12349
24922
12329
23031
9167
4784
14917
6795
6554
3574
10424
19358
14684
7430
6857
22767
8995
30148
27798
29869
11442
4599
32672
19946
3622
14679
27786
2894
16857
29158
542
24072
7047
19076
13713
16650
23215
13246
26632
14454
15420
23272
9562
9555
20325
15211
16408
389
4562
23135
28363
6140
5888
24669
20092
3371
16102
1422
28282
19388
16345
1032
18775
10626
1965
1115
20276
22703
14365
14438
25918
31047
17004
6256
32377
24276
26189
30324
12733
24156
6145
23483
28926
14480
4543
25776
17872
29766
5208
3825
14121
15657
6939
11682
15465
6831
1782
30726
24985
4940
1247
26192
240
4070
13170
20662
13724
5000
19420
1224
27583
7002
20983
17664
12727
15057
4022
26266
11938
18467
24516
421
25121
11518
2920
26459
4445
12153
16300
21166
1352
18251
23998
1827
32294
21306
10902
20963
75
17111
8665
8464
24102
2153
28670
9557
9086
26407
22447
12737
17916
29098
1650
19925
16106
19617
7304
11739
29242
2503
27669
1402
1738
12050
13186
26760
5094
15917
22304
11807
18447
20521
24078
2547
27898
6512
13916
20450
27868
27130
1136
5581
15589
32195
425
10151
20746
12668
11843
459
32008
28544
23163
17811
26278
26891
19187
23590
27962
28582
31831
15249
10862
742
19009
538
28740
26198
32090
23504
26712
21426
1219
26215
14438
7510
24243
1859
20491
21749
29793
26579
17360
19086
27940
3104
22884
30620
15576
14246
10537
10894
29061
5218
30962
1654
1083
20524
13324
11013
12608
9287
9339
6327
7022
31543
20869
9547
16086
10450
10101
5238
30377
26778
19609
10456
6745
5706
18317
16687
30203
21679
23227
21963
8688
5817
14627
27202
32196
16082
30808
18276
21078
18542
25547
4465
24377
12260
5452
3722
22363
3196
30414
12646
4324
4297
4459
15430
27745
25913
19880
4139
14114
4330
2297
31814
3296
25791
9352
8624
31908
7348
28978
16219
29923
11118
7378
31305
15086
25623
1219
30203
29066
30312
4512
20781
29402
28935
78
23232
390
15892
15421
4856
5398
19966
12010
19687
17823
25756
10409
1065
6818
15481
18081
15058
16689
29807
31256
29605
27987
31607
5361
7303
27306
28351
32626
32051
8275
7677
31563
32302
3086
10756
6100
23550
30879
29076
15255
6807
29556
16503
26382
19734
17799
29897
5294
1457
29574
3736
23076
494
2354
23981
11998
26388
13317
16808
31693
8927
28951
12371
22633
17528
21058
30256
6390
24996
7812
25940
4614
23612
20902
26232
13632
7133
16155
8270
27487
4064
23595
10513
20350
3469
30033
30304
12178
24203
21217
32588
30264
5019
4333
17584
25009
28551
11882
13249
11306
32340
6031
5861
2369
11455
12158
2249
7366
29672
7462
7597
20158
27976
24424
14083
8366
25320
27768
13625
26646
12245
24711
31699
4667
1231
32671
31676
21801
25921
3790
14302
29177
28790
18566
30704
27728
19209
28740
7567
23336
15517
18800
20369
14035
21967
30084
28566
18492
12905
32113
3551
7537
11224
2623
20324
10078
4065
4339
31264
25819
12175
30133
7088
16106
23152
27186
32284
31289
6657
2880
24309
25071
16742
448
7328
4005
9566
10953
19953
29873
4215
2819
30716
2219
18302
4432
22055
16682
12858
27826
26756
14031
31834
31081
15454
7045
17067
2395
8978
26118
8334
3001
19232
22178
12714
22496
28546
14652
23518
8061
4413
2197
30073
19445
28469
22221
7086
19204
12357
7974
19778
3748
29583
25868
7560
17456
15121
17490
5007
1737
25722
22207
2458
4345
9275
4809
8400
12694
14048
1952
7477
2025
15521
6766
15833
19216
29492
10461
25936
8353
16870
13531
9825
18064
19434
32154
2306
5203
31985
10714
7045
5955
17403
26474
9228
20038
28780
9196
1602
18603
25954
17114
12621
11349
5958
29894
10750
26396
1953
5094
1355
3952
13105
10703
26368
14399
9789
641
22705
15385
11045
28836
3315
17299
18237
10001
25292
2793
31195
19348
15719
10983
29103
9968
1036
26889
11347
5668
24144
21217
13347
8429
137
10425
28751
22924
7301
23418
15151
27081
19068
8652
13014
28984
32322
26751
30697
6331
23745
8746
20146
32584
1447
14865
22128
25581
9564
11852
19185
12561
25399
5414
1123
19708
32753
4548
10600
21402
14426
31751
18280
7547
16458
16306
17707
14367
27099
14032
25511
13169
19669
848
16662
26769
618
11251
4684
7638
18724
104
1608
11284
9499
2229
2057
2330
20587
984
21155
23423
4069
14766
2961
31647
16389
9237
22349
1504
11812
13133
7198
25146
4591
12709
26417
25846
15128
2643
10220
27829
18252
30627
13695
8629
29796
23636
21180
14928
25311
19518
9256
26821
23696
2105
19538
22075
29588
28987
8803
20227
3463
14016
14071
1054
12023
17519
6955
1535
6937
13050
7671
23697
7099
16454
29631
24700
1402
4812
31780
14757
19509
19519
6688
9971
15298
12142
21074
29529
10463
23917
9110
15377
11883
28143
19929
27685
19158
26359
31532
4404
29142
22448
32534
28019
26203
6808
8239
27378
28870
740
8170
21537
17749
31009
29875
30098
12002
19223
27194
3328
20942
13042
7182
10641
6968
22948
32365
24920
12402
22661
26971
30
29365
32316
23025
4962
27411
23267
24056
30622
12974
22374
23990
19148
11048
23596
14344
26665
7002
19194
25777
20793
1097
20500
4338
10251
16981
20133
27227
7870
20148
27744
3040
68
13599
104
16687
13926
4555
26989
5185
28936
11163
3864
22831
21167
32404
4778
11336
17984
19089
29408
5728
25099
31288
10009
19306
31751
30252
30138
14154
21343
14468
2514
19684
29486
13437
3066
19321
12935
26219
17024
28211
30137
8182
31940
14846
5329
25730
19937
23962
2912
27119
23184
22510
21886
4483
15946
22688
7694
27940
19373
3810
8772
9419
11297
23183
28261
20533
8891
4982
22478
6364
30306
23286
22584
14373
18224
11211
11834
9691
21274
7207
26383
2780
28116
1540
13722
19474
12271
2489
15015
16805
8517
7884
8820
28271
25238
9992
15216
19377
6771
14287
27202
32004
10587
3505
7949
146
26917
24125
12275
12165
31645
31766
15576
8896
27762
330
104
20429
10832
29664
12891
29207
6985
6320
24311
5210
20601
26744
22487
20055
7402
23339
8684
2764
5045
32140
1217
27043
12650
1276
7939
4714
13490
21904
9280
2819
27187
11879
10223
26269
28596
28731
6577
24803
12930
12853
22230
14706
11538
6406
29987
25489
10215
9267
10962
24092
438
26032
30683
18370
17097
22449
29810
881
32673
17597
26833
269
20191
30212
4663
32360
22117
7154
14641
21615
13240
9476
32024
9377
17320
30427
30939
31430
3380
15759
9470
14045
21416
17733
6883
21334
5128
4612
7497
23425
29105
10692
2578
9799
22078
17608
6473
10520
18601
22574
3427
30500
16306
11973
14533
16590
29573
1054
31879
26461
29335
21990
9336
30965
32209
24434
17506
10439
28656
29596
31375
6020
13356
10446
15243
23
4119
2908
2860
7315
17609
18967
18128
22378
19258
4383
25830
7393
12271
1784
19888
24768
20953
8160
12614
11342
2170
15200
32479
18556
30025
16418
24908
22625
1112
10754
25797
30694
24628
15975
10728
12995
23820
23252
18943
26538
7958
4538
20610
27585
47
2449
28125
598
30914
21030
18290
31951
4074
9271
2274
5855
5851
16189
6792
25344
13182
22921
8519
23325
32347
22162
11142
27022
14268
14222
12152
32330
22543
31295
16033
1112
32653
23056
4758
19335
2329
10080
22276
14943
17515
10526
21747
23639
7021
15510
25420
8265
9957
10122
16537
23330
30293
20613
14861
25310
3871
20844
17348
21940
26349
6230
26187
24973
23888
2717
9571
8123
30888
24118
17410
22760
27203
7485
2459
17740
7625
2004
27807
7460
22487
18478
17988
3423
10218
11495
29573
25754
12671
23959
1898
3150
4216
15782
29321
8776
23746
29026
17357
18010
4405
14670
26230
28753
22971
6077
353
25126
3253
29856
23434
2681
21402
13213
27087
27450
18145
28769
27127
22698
290
21814
12018
9346
28024
16344
610
2417
21801
10372
16219
27340
28809
32595
2663
15490
32539
29638
19150
10062
11002
23202
18708
15664
15223
9726
5826
21021
23300
9114
9066
19702
29777
30066
