8933
1207
27316
30867
10463
32241
12750
3630
7574
7290
2156
31467
28638
7522
23211
20607
10345
27946
3936
5505
16965
11825
17590
8057
27814
879
16409
21307
6630
29541
5459
16243
32714
30548
18677
17792
27911
2734
29177
17542
6148
20170
7845
31422
19170
5851
179
4369
4282
28707
9390
1254
18469
31332
14495
25656
16130
9368
9705
4075
15219
8673
626
30816
5673
10947
7427
2119
18914
24209
10482
12724
7215
22821
19710
20853
17275
20692
6522
23716
11849
20642
10670
3192
20413
25265
29818
31840
5470
16128
4156
28243
27162
21074
28148
10593
27275
12651
20390
9871
11896
19586
32256
32737
19359
30452
317
21944
30129
5942
24905
7774
24479
4877
12582
5088
16916
19457
27022
13340
11074
16399
22234
1818
31714
8862
7714
8096
13686
436
7590
2560
32210
19306
11372
7477
31706
18333
32043
25134
29069
23015
10344
1386
14147
8141
8671
1733
31794
16186
7460
7058
28727
31021
9610
30441
15060
21678
27972
27714
25461
30214
6090
8259
3831
30255
895
15319
13930
20106
22160
21888
15126
11472
21279
1262
31677
17227
13985
21712
20256
26950
10372
1770
1988
8130
31765
24168
25846
20074
18850
25714
5389
19657
8923
23296
11503
3003
26238
20976
14551
29473
30516
4694
19029
18393
22966
21523
10134
11758
32307
29097
32741
6923
14582
3661
18802
19766
11844
25150
11346
6586
13699
8534
7880
10341
30626
12254
5827
28404
19636
6567
29863
204
7390
32598
2896
1771
18548
28160
26965
29725
23391
21751
18313
18803
4034
3555
16584
32497
25565
11028
14064
25735
18225
22
2349
3907
8932
6278
32634
9924
16744
4389
3940
9970
22872
1835
24081
27116
16290
4574
9090
3650
1259
31330
21269
3429
559
9683
11598
5723
6312
26001
7894
183
10482
8667
4292
27593
1388
4768
3612
24082
25569
31377
25237
30970
4712
6267
5792
5318
29576
17108
27813
22724
1440
24980
17296
9160
31110
14918
652
22748
7279
16990
29198
25652
6415
27597
9750
3168
21505
8147
23986
25541
26472
23572
31683
28238
471
9711
32003
20319
11374
18443
3911
5131
15430
3634
11778
28038
29456
29539
26635
28637
4856
30242
12960
10468
27088
1811
28074
9072
5994
17863
32066
10951
4933
32726
7285
25173
13676
9774
19780
1441
18076
11434
2543
25727
23461
2023
7028
28550
18
15699
14674
26820
29708
14726
22162
3249
380
24790
16392
18274
11376
3621
28631
18943
17088
29694
14899
5239
3825
5089
14187
18290
12889
16346
3878
21128
27268
23128
2284
21168
17879
18493
1513
13563
2931
18738
18414
29058
23133
10813
10681
29340
17371
1685
11382
31829
25889
2741
32390
10268
17452
28079
24446
18620
29679
5315
1395
19086
17325
5424
26485
25580
32166
2122
4441
10728
30965
26061
25788
23870
697
22641
27460
904
25203
16574
7721
8369
32175
23074
18164
9388
24295
13889
23943
24934
9124
652
1886
7417
5606
19477
7188
5154
29894
13729
21289
245
12378
21503
32514
31183
7385
9369
31025
15501
24831
21065
9207
14843
9139
15470
9479
30095
15592
29758
15757
3416
28097
9310
25455
32305
25592
5808
32723
30778
3200
19564
30433
22409
31081
23666
23754
5404
24325
3038
31753
17426
27721
21725
4329
28443
629
20416
24135
27182
4088
12879
32665
27770
4749
22880
7215
1694
1195
4264
24505
18716
14876
3280
23562
12043
28651
19403
14363
8461
4996
20328
20563
9345
1303
26147
11269
2810
22845
30273
27707
13807
24030
32540
6066
17076
26194
17595
26661
12968
8902
22949
31950
25521
1762
31479
5675
27877
937
29365
16126
13194
6304
29790
1687
19521
50
10179
12373
31870
31571
22040
31851
28731
100
27980
28128
30702
20822
19862
12762
25272
15635
5457
3099
18655
4121
24329
27852
23166
30824
9686
4985
1659
24735
17384
25438
3514
1634
16228
19681
22160
20478
22895
28767
5243
9552
4999
24107
6160
20451
7962
6100
23348
9816
27473
13991
7567
1803
17709
23413
9534
26099
15830
19351
30664
29130
19248
24366
8020
5230
22190
9391
20505
21128
11883
23968
533
20075
3191
14492
21250
29247
10350
27805
17542
1374
1872
6523
10922
12542
32140
4527
24205
14353
5982
29021
2394
26217
23387
9874
7031
31520
6987
20170
17407
4663
18230
3509
31859
20861
30402
16698
31916
23730
7356
14013
11028
21741
6388
17821
23830
26427
7246
29441
31699
11913
4886
725
24855
27844
2452
6671
139
24382
16096
22071
12588
12884
23032
32294
11003
22606
29968
12302
3318
18310
29481
12474
32584
25549
21477
16407
17853
5898
31130
5876
22136
23844
5541
29190
18664
18210
12033
20015
12536
14737
30488
14847
14982
27174
24792
24700
6423
24741
11786
12574
8137
32513
26335
18718
5513
21701
28620
497
6533
16818
12696
18703
11236
11178
1972
9464
11957
19405
26826
2937
29478
22241
32152
27947
9975
1271
6655
6718
13870
15435
19543
25716
29963
25453
30470
8816
9790
7838
10321
30769
12632
31869
9330
2266
7552
21987
21994
30132
9319
25867
6168
20085
29054
22518
4107
22211
24934
25101
1941
17652
21927
4361
32416
24088
28838
26896
26309
4921
19921
3104
15643
993
2589
28849
30285
2525
12466
27542
28912
12865
24548
4389
25107
18348
14950
12695
28695
20941
30906
29874
28609
11814
12012
22693
30605
9744
6784
6195
15685
9728
3241
15379
29139
31240
17596
23447
3924
13217
20195
20621
19821
7335
15126
25187
12258
23461
16455
11406
25444
11603
8157
17451
23723
22365
23908
24807
28101
14438
7811
3357
17838
6477
18222
8511
3616
9135
9756
3703
7084
8621
17788
15502
25610
27375
13284
32524
11950
8936
22922
26017
13211
11356
11702
27587
7292
30240
24695
19353
7153
1314
19606
30744
3879
24489
17864
620
23979
15837
5927
28313
2944
9097
17891
15202
12655
18208
27701
8554
20382
27134
16533
19865
11876
1521
7469
6849
16732
29688
7053
3713
16568
28746
6304
7530
27864
8090
13535
31329
12316
31130
9412
30020
4854
15550
25986
11473
13891
20290
10739
6083
18395
12654
5074
10557
9574
25881
3370
5228
8562
28268
22030
29545
7875
20968
6795
21852
30186
13226
9435
30695
22810
31726
32731
12226
10806
9427
7616
17570
30510
5470
22277
17504
4236
11712
21927
4439
28234
26844
16533
12302
22247
14084
15202
6167
31930
30211
3646
3126
1413
10849
2596
15814
12365
24034
32085
16217
3433
18256
19460
2719
31962
8058
339
7561
26330
18301
27774
29357
25271
9282
7766
22765
16354
21320
23282
28243
9539
7332
21409
16960
15056
17990
15650
25286
4446
11389
5656
22866
15543
17342
12728
23182
21484
26529
23237
11653
19437
6956
8894
3593
24662
7764
12630
3665
32396
31937
10276
15335
26377
31186
28316
3010
30964
32225
31294
20910
23541
26824
26381
18165
31815
28067
29763
25656
3343
23512
14659
4766
1260
31061
9935
30769
18639
21017
10363
25476
30989
8438
31329
6809
5298
13717
1815
4355
26393
31674
25054
18760
29625
1993
12572
25993
21570
19594
7437
11109
15593
24105
5813
32538
6911
26241
2841
6637
457
11929
22190
32717
22924
24943
3346
30771
1255
27637
26874
3660
28773
7770
30828
23642
16467
29322
22830
9816
4303
7160
6526
2012
31778
17563
4355
14658
23376
6966
17924
12295
29933
5853
13016
7795
3633
5045
32669
5755
4687
11515
1069
21477
17411
30792
9806
29101
11626
1555
26665
3752
16919
19319
15102
9575
26467
22838
27157
7006
22276
1023
12792
19269
4066
25068
22495
3775
18726
16719
21868
2874
7059
31918
27800
17942
21785
20492
14318
17417
10919
4970
2807
14274
15426
32398
14069
972
8020
23043
2003
5046
25414
16737
3421
20593
17488
23247
1197
13305
144
10181
30181
16439
858
21271
23076
23847
23248
8239
23986
25142
11186
24473
4734
20206
6007
3270
9931
30420
18588
30985
29734
9361
6460
10214
31387
30801
2017
16524
7208
1385
28314
14496
11378
29500
12365
7228
10423
9567
20559
5944
11268
12027
10290
9128
29608
5491
12254
421
2024
9799
3043
23633
23796
25657
22030
16405
26
20398
21563
17965
9530
3670
4457
6503
10362
13839
3348
14375
22586
16135
29887
6063
6987
24865
7120
3229
18267
24731
9632
7349
15284
3565
5587
7649
5159
31988
15077
18038
2114
14159
9990
4793
19146
28170
11048
9122
32101
28281
2134
31456
3222
24167
19271
14364
2030
881
1587
15234
19073
6572
23781
20862
1944
32142
5906
19395
4005
11531
11497
11154
24956
25598
491
16697
23487
22475
16893
25818
8858
22082
5307
11373
3505
19399
6928
17160
12887
29872
27395
17758
24065
15855
32212
18311
5370
6385
17480
26623
26968
18118
21825
5104
15918
24193
27281
24756
19203
4834
8208
7829
29571
31538
10477
2264
18293
25455
28481
14075
16109
26537
20970
13114
1731
24236
29846
23128
28995
22495
22046
26779
24358
12396
8470
22553
13506
929
27298
29746
12157
31383
21386
18014
12167
16145
16273
16425
18889
5542
5891
18043
13848
25379
18062
541
28079
8491
29010
6521
3548
1568
2363
14241
21241
25671
16783
1171
16286
1062
4035
29372
17429
32305
11923
1466
31246
22438
22354
30310
18580
26294
9598
22546
1088
16869
22679
8975
24493
16051
26673
18547
16427
17276
7753
13080
19128
28829
11221
23016
15660
25816
27550
18264
26547
8442
18258
14899
23168
20154
29397
17305
7104
28389
29145
1607
31181
12984
7086
31513
19877
1165
4443
24268
16794
955
23021
11529
28747
30647
6415
19615
28626
32383
5083
20753
7487
31288
30704
30032
15430
533
6341
13257
16180
23164
5949
8098
19239
14436
10107
25409
19583
21506
26871
2063
12176
3748
1233
27515
4505
12253
1638
1345
32250
32226
8738
25324
2977
13620
24213
31897
28358
9087
21448
18175
21208
27074
29905
9900
4279
10673
6053
10385
5411
8792
12078
9153
2933
0
27549
10358
8332
25430
13570
24661
29195
25546
13337
17395
32194
4406
23911
18839
9577
14528
12934
28994
6804
28929
11710
20972
18147
12647
3029
3089
1145
30935
26663
17772
15024
18327
24313
4611
13067
28780
10762
28259
14957
1279
27499
12077
25224
24965
6801
2513
30615
7071
18345
6810
32336
22655
10539
3051
19988
20045
10162
17096
7018
29897
23563
13463
1707
10545
13195
18984
767
18789
11942
29684
10631
2633
28094
21410
19676
3435
57
7888
24761
31206
10710
7951
2548
7302
4673
29487
27315
21292
4837
30142
32476
18292
5889
27851
7373
15510
16894
26351
28238
29834
20480
27023
30147
28784
25787
21595
29607
4142
15496
7706
16437
21851
29623
20138
28008
19804
22567
23106
17702
26316
30997
16891
30648
13858
26930
7567
3710
28045
26360
29280
30433
3107
24381
31676
14728
2107
32265
18527
12751
30999
16805
20793
22901
967
17396
28018
31892
3913
11782
18348
27095
1013
2539
14472
29415
6681
26309
10859
20774
31712
801
27266
17056
15992
29064
2819
29503
30323
27472
15030
1598
27502
17848
13749
21471
12017
15669
13168
12129
6807
2822
30195
18732
31087
30990
24172
336
24737
26595
10983
15917
31573
31523
16733
7027
19920
24583
11245
1358
13280
25146
10857
5082
7803
17131
32020
15069
21667
1569
19626
8629
15244
10830
21409
14223
27137
32296
11439
22490
2820
2228
27276
4860
21429
14243
23801
28483
4213
18402
9985
13854
3402
7277
2687
8589
23941
30564
3296
32214
18083
18784
22826
4986
21106
2823
829
28007
19573
21726
4186
20335
11912
10591
26849
28921
16583
9548
5983
20470
28845
2626
30919
12311
9081
22417
16896
6717
2006
25931
32416
28722
10938
13723
27896
26774
21391
28760
23376
1820
27537
15578
27251
25846
29815
28173
22895
23949
21077
13507
16022
29558
27841
19535
20936
417
27445
21839
11253
3284
4276
21193
8157
18776
31408
32122
4122
10483
18220
24938
26209
1302
26142
31172
4101
14678
6679
16101
9148
16928
27685
23219
5286
13225
5881
30512
5771
7461
11589
23375
5989
11321
32616
18950
29214
9394
1101
22436
16026
119
18832
10597
25336
19388
12003
21315
18965
4473
28849
18448
25426
27675
17921
4034
20376
3705
5532
14350
24473
22793
1650
13112
18264
20308
28474
6441
10987
423
26969
32450
26751
16140
2821
22384
17310
9080
3242
5376
21933
22086
23948
31157
26553
3300
27567
20632
6515
9677
8948
16
31096
28599
26500
10930
29398
28941
3953
21082
13260
17311
8091
12667
29138
22681
20433
16051
11993
14513
6713
3747
25556
5285
23026
2045
13431
14821
15607
7646
4159
16268
3399
1119
25778
32661
5443
4967
17640
12364
9047
19395
10826
12802
28892
12920
12954
25861
28733
30295
32564
7120
18009
5075
6547
32126
29481
27408
278
27781
28067
31804
17924
17824
14046
15906
21967
2829
10358
17148
23701
20473
562
8073
24556
30777
31460
18528
30431
8250
22673
22916
17204
16699
21458
31800
4081
26041
19066
24341
14622
555
1401
29785
16587
17904
5633
27266
13653
30854
3559
4892
19686
14076
5963
11223
23099
9642
12155
15836
32426
27167
2325
1889
15715
347
22892
9083
21494
17983
5421
25652
31765
15425
24643
4830
31387
29284
13559
2727
8142
4712
1628
24941
7393
28733
25066
4819
21182
11710
21609
24980
32258
18076
5649
25367
25672
6296
16879
26948
26282
15350
7306
16023
7557
16430
11719
26738
24957
8420
12810
25528
26049
1818
9886
3991
18320
10917
30039
15013
14077
26589
885
1583
7407
23961
10188
5069
25195
10075
19490
12602
15638
1991
15833
30307
9461
5978
29134
2494
22392
19288
16256
32477
2999
26886
22389
835
15355
14618
30937
19830
10368
3952
10857
598
30585
31486
31375
1196
5717
12810
2766
25350
16449
3738
27233
22467
19950
12077
1055
3946
12948
4008
9122
10560
18999
11923
21928
9753
23849
4741
10169
14702
31952
17373
2827
12464
7593
3763
24226
25820
4749
8463
25787
27216
19763
22872
10091
29405
2039
22799
4228
5661
15577
12221
14520
29702
3529
12841
12801
26048
546
20943
20800
12468
15732
2190
15140
28646
4998
11425
14413
10116
7579
16592
5297
14015
13557
5351
3647
7129
30360
19048
5827
15999
13392
4477
27914
13402
30453
12848
20806
13281
30190
13790
22707
10609
10228
17641
9339
8863
20760
3246
32728
973
12808
16823
10616
15355
15502
4657
19493
27360
29017
7328
27301
11577
19200
16081
17119
866
23108
20752
27712
1571
30614
8604
13661
24012
11737
17496
1242
12164
17000
2755
16778
29918
32347
14378
1495
29101
7430
17949
8805
15386
963
19743
13298
2803
9970
26017
20609
15942
16445
5426
4023
22063
14881
7152
29317
19438
29865
13890
28167
316
18301
9929
7596
14816
25884
7315
24728
21373
870
18834
26182
12206
27997
15693
28274
1108
25132
22486
16438
1583
25961
26876
7283
8620
25751
20417
12146
13822
21999
11791
17867
1648
13408
1190
18566
22010
31956
19289
17537
24850
4277
22906
273
10692
8623
12947
27116
18949
2744
2902
20551
16453
14926
6871
18235
27203
4608
3065
8045
8741
24368
8998
17902
12744
20759
27716
2656
4181
4106
1252
4187
7701
23035
22204
28687
21126
18498
22103
18986
4270
8862
6667
21244
5551
25462
23852
6360
13724
20837
17279
2494
23179
20982
28913
31800
31211
22956
18825
16258
29720
7494
28060
30445
4653
26688
17984
17541
5658
15517
13826
1778
4342
8164
16860
11932
29590
14697
18017
28179
3422
9677
3387
18861
27991
9160
22231
19057
22914
32294
11359
22579
20588
22288
3561
32513
18691
14477
20718
9150
9384
3657
17149
27661
1925
27796
25776
23921
2849
18605
20704
30642
32561
1601
9237
20098
11442
32303
30784
26208
20276
25230
18605
22717
14457
9201
21043
861
21054
15337
17326
18177
29273
204
21167
6467
13572
26293
2161
28097
20857
20940
23311
14973
7359
24008
26357
7044
11971
16050
23700
22990
23978
7915
30299
22886
870
7792
2786
13002
16775
22365
3944
31637
14164
2992
7807
603
24091
24656
22278
469
32709
18766
10072
3902
31661
2922
22723
18428
19891
30425
28476
643
2956
16197
12624
1655
19548
5398
27742
4112
11910
25584
18692
8899
28610
23164
17367
28447
19313
8044
7767
20469
4910
22457
23586
8891
13734
25135
8295
32562
10153
27692
32670
4679
25473
17317
6518
8247
29314
2665
3855
29175
13538
11946
10602
12755
23499
19641
17438
31573
18863
24081
20556
8808
19676
22935
980
30141
26704
10528
2249
110
7886
6196
16675
3810
29745
8210
29364
31472
6401
13555
28510
839
29764
30867
3458
12813
32662
30190
1211
5830
10620
19015
717
22392
12790
24431
3288
23820
13651
6980
210
7928
22857
10360
19251
21019
20549
15508
9458
32488
9984
32572
28081
17095
4179
30388
30261
16568
9036
7587
20248
1338
16257
1559
28610
24939
2980
11722
18837
368
16984
26532
7016
16919
16707
32384
6455
2491
3685
30003
15384
10345
18344
1994
20081
832
12472
21012
2153
3870
21268
16225
20636
24185
25702
10120
29971
18058
26384
15663
28787
24497
14599
12614
3956
25877
1252
12245
2709
14219
18744
6648
26639
1977
27168
8487
14855
27515
282
10171
3335
25221
24343
2734
6831
3658
29906
14499
5288
8477
5471
14886
7130
18582
18183
3892
14303
5944
5715
1534
25271
12624
8039
28394
31933
16672
16785
20955
15577
30269
12578
2226
28920
5174
23421
25365
8889
21622
20845
14191
29801
8044
11196
1335
18994
24809
7681
3190
5007
31689
11193
32387
18691
8405
13209
11281
29195
3304
17699
21612
18257
29265
29816
31232
17698
4473
8301
24603
16930
17606
24288
5620
24127
958
845
13035
24035
8560
29596
10258
17774
18959
16189
19181
18659
993
11383
32118
25569
14167
12285
5988
11734
638
707
29869
15983
23446
18959
19786
13907
18175
1491
14906
16400
9309
14650
3017
7509
22260
385
21778
5219
19796
3848
20675
20926
11323
13481
800
4648
8375
328
15691
10447
7563
6059
26050
13766
2004
14476
10793
8370
5868
13037
32330
11206
27535
11948
3162
13041
8764
1367
31357
27477
25822
7489
10637
14076
16300
31446
20759
24774
15694
31787
7335
21670
3649
29402
11846
10254
16252
4108
10816
1704
17492
22231
12331
22343
22429
2251
25892
11549
30738
16583
29532
22830
1015
12305
8916
12292
14332
12710
28516
22437
5477
10191
16386
12738
29544
22517
9025
13873
16342
14518
13592
20894
13054
26169
4581
7293
31439
12478
31409
32322
8508
31097
3766
4309
12773
20896
15902
22592
25331
4035
23054
8875
17731
20316
26083
9355
16328
3751
3516
9494
23082
24243
26168
20218
6835
22969
22913
31054
31596
21422
25993
31945
14979
30996
3987
26930
2544
20501
12534
12055
25176
20434
285
4546
32050
505
211
30057
14888
25237
10941
23973
29632
29227
3368
12325
1851
11778
12550
4004
5054
25282
29234
25368
13487
3393
11516
23853
15202
15769
25825
6129
11253
12414
18586
6353
376
4814
14169
20676
32081
9066
11087
27846
1503
10053
11633
2696
22622
25530
13948
9574
4619
4899
8502
20377
21640
1959
4599
2990
2433
28755
30569
23094
2448
29804
2188
20416
10846
6404
25597
18180
30732
9420
13431
865
7633
30249
32410
22410
16868
32650
31723
9340
22684
24056
10013
17587
13013
15855
23951
14237
19351
620
14869
8527
6386
25159
3323
29303
25644
28611
5447
19601
27935
15972
24383
30302
23772
6912
27691
29842
19348
2585
1884
6861
23993
106
27757
10445
15456
2496
8905
18402
27882
21003
12909
31906
19427
17589
5616
24797
12074
13874
3520
14804
29522
19417
14510
16037
30793
5618
5549
8970
20791
4112
21206
14915
11177
31649
3504
18001
12783
18627
26799
18277
27842
345
6650
24472
26667
27230
22385
7900
8096
20346
17391
19251
30063
11475
16844
31007
14688
11046
20135
2137
661
8726
19554
22725
24758
5316
23405
19366
10315
23711
10824
25871
24169
30334
24131
8602
1937
9708
31113
21595
24021
25282
25180
8471
12860
17660
28578
26290
32104
25285
7841
11751
25462
21716
22023
28732
12070
21755
23085
19252
2108
11005
22172
29638
26918
23457
8401
32270
6110
19972
6205
19779
9746
23347
18320
16361
15491
31737
11063
27719
13739
2294
16675
284
19362
16625
17869
7822
23874
2416
17015
15203
3722
7557
20660
27251
18496
7914
14122
5213
23258
15696
17303
31098
18591
26613
1554
4111
31498
15733
20884
4807
26479
11746
9654
21344
26336
790
26044
9636
17746
17224
211
30363
19452
8670
28567
25599
19200
29314
10968
26608
26189
21112
32670
27881
10692
31791
25706
24051
10394
30998
13247
1816
11261
9648
28641
23067
13562
15339
29661
27494
21918
22446
13769
15172
9563
10673
32333
8016
21678
19601
14691
24622
9215
28708
17498
24440
16841
20234
23841
23035
21498
8836
5826
6692
12445
2185
30509
11957
2486
4119
8759
31164
4205
24520
13794
11206
21359
10917
15327
32592
23698
26430
21585
18558
20920
31995
32212
11536
7413
23469
7870
6289
24564
12648
13221
16593
13974
12949
18209
20118
3293
10307
5842
32399
3081
14526
2469
20105
25344
7779
23380
2789
28147
16562
8492
20554
319
25509
3091
21911
23441
24896
3017
4636
846
8554
14190
5129
4914
17403
8005
6950
14903
12566
27575
19397
29368
953
28059
3574
13526
658
948
27897
10267
6933
31099
2809
6237
4811
17183
31991
12773
25325
15051
8964
18641
29233
17191
20659
12215
8420
29473
22990
24971
23353
12013
22344
707
9697
21066
14451
32184
22747
20488
29811
15952
31886
27335
28659
20698
32021
27393
27414
26681
10202
30283
2992
3909
10086
27607
22455
2414
29047
27198
13300
9891
23379
25212
15102
3698
18525
23612
105
18032
9958
20311
5179
30683
12101
13975
23199
14462
6442
16320
3038
23253
15151
15569
28810
2418
18608
14983
11773
12703
8669
24611
14082
325
27149
31853
13521
31756
22614
25593
31809
27588
30298
1193
25401
12292
16739
21107
2663
12560
25011
29028
28469
31232
27669
16613
23033
15903
25016
11326
31852
19858
25149
25688
21598
15674
17423
26311
9896
17883
1779
30215
9825
7805
21728
26374
7253
22034
1296
26595
8882
28762
21847
9206
18693
18948
19892
26896
13413
2070
550
12804
4078
5774
9920
14950
24946
31305
10752
32658
5738
31269
18781
21232
23859
25443
21535
24951
7799
27983
4211
21616
10985
34
30399
28541
28981
25383
14131
20441
20534
5661
15777
12513
22890
23005
10126
22996
6052
11324
24713
6359
11777
15155
22715
28476
25373
4925
2496
21251
27783
3329
15797
10657
3698
15921
19602
24577
25517
29106
17338
17353
25045
27389
11217
478
28105
30917
24782
28202
5214
6874
12369
30877
15188
16205
12854
29553
24201
23253
3946
3763
11629
24689
11005
11519
7350
23631
24953
30091
16469
13805
21107
18278
424
23934
26719
29186
1521
26767
4777
22257
22791
25066
26113
22764
12363
20666
5878
15385
23006
15089
710
23438
11281
9959
14964
22545
2333
24643
17436
9249
19221
1055
1668
4411
11288
6247
4851
16982
32459
12930
16710
10160
19206
28981
21056
26572
8910
19908
3106
22971
17284
2138
1403
29852
22363
13226
4674
22623
27408
9175
1826
21454
27605
17553
18197
3021
16782
6786
20276
10208
22847
29672
13518
10223
13253
3203
18871
18246
19653
10417
23266
4320
28131
27608
15666
2277
16948
28164
7310
3953
15861
21713
16692
24727
11901
29580
16207
21926
1648
13973
17611
19370
14902
24071
31080
21302
16555
19355
9485
3425
3096
26570
4192
23055
3939
25138
21395
15218
9090
20795
1920
4816
24885
29946
3321
6790
17141
8534
24153
16717
8999
4969
8031
19132
27286
13865
24381
22798
800
6727
16619
17446
25264
9559
32193
25040
17004
15410
30277
9034
22063
27800
17730
11267
6201
23066
2330
17826
32037
29239
22364
21834
9244
11206
3737
13852
22345
21908
31348
7422
28812
14413
32249
27035
30323
4000
14384
2219
1382
7838
22257
19317
22817
25443
3065
22674
2664
11769
22590
6643
21749
7801
8576
19494
31158
20083
17953
4820
4405
10640
9014
13967
25176
14710
16606
28618
4426
26860
6355
25385
15033
575
11070
13052
20290
27876
21968
18950
17193
28254
8462
17282
26190
29283
30700
5224
30812
7738
32158
23020
19780
13159
30123
28999
5610
1418
29251
15547
8477
1925
15570
14801
10445
13277
11477
19686
32632
21603
24813
26085
12774
27923
3633
25174
28950
20028
22985
20632
22648
4577
28857
30826
25693
2143
20986
19633
11435
22609
32463
10869
14293
21937
1366
2348
31242
21568
6493
59
21677
31015
12152
17850
10758
20446
20048
2679
22839
9805
2622
22334
13937
29745
24345
20312
21351
20930
23628
31826
11267
16787
22315
1792
2904
20921
6023
448
15577
22575
12927
10243
24008
20089
1946
14090
25329
4232
5139
17390
9879
734
4212
13027
4783
25586
3174
13245
15180
19670
31944
26548
32091
9495
28670
5220
30096
3557
23692
2072
25504
2163
15843
4935
19889
23457
29562
15199
30734
31961
5665
2754
1312
54
14227
8718
20890
21484
16458
28322
24819
19172
24471
10846
28185
15014
16881
2217
29796
12412
398
13497
17608
468
1328
1295
31568
15335
16706
2112
26823
13976
3875
20219
17592
20127
3778
5960
15258
2790
18027
15630
11588
12595
29920
5080
12199
3592
18860
3544
10683
29640
30644
21549
6842
13594
22031
13409
24973
7826
791
1846
6275
13199
15808
29858
22857
12895
26921
14616
32023
9130
28273
20489
11559
30989
28876
10155
22379
32517
2006
16889
23423
9743
29735
26363
989
26381
551
19527
8016
18156
3875
21960
20139
15748
25761
21438
23226
959
24049
25094
9849
3326
3077
19612
4484
12216
19331
7518
24271
16740
279
14098
29591
10650
28686
8619
664
12405
24353
27592
30593
3131
32654
17790
13989
29248
19054
14423
1267
12039
18498
8346
11304
2475
30415
19405
12099
30333
16684
24697
9017
23791
15897
29485
32747
29873
10386
27845
32085
32281
18084
9708
20744
22984
12928
23520
24538
17291
14798
25206
14300
13439
18243
14173
26252
12409
2678
23206
32588
676
20975
4228
26131
11628
19329
28753
12899
4507
7899
25810
15995
4290
5721
444
14029
11995
18976
21111
15794
30508
361
1569
30557
10351
15901
7382
4621
27695
9891
31279
7815
7541
16885
264
19652
25252
14842
7303
24807
7842
6160
23130
29810
32056
12263
31295
22456
7868
11414
5834
10134
9965
29672
19299
27486
13086
21495
31630
20244
31639
12029
8047
19933
9272
6502
14733
24756
95
7722
22998
1375
19980
7513
20963
12705
11331
30968
32382
1714
20658
1035
19041
22764
16532
26611
20033
24519
4309
29690
12811
8711
29047
2861
13166
29236
2100
9322
30105
3915
24165
4281
32326
15795
26146
31711
1015
27762
23211
23345
29055
15009
6
16039
17093
28957
1514
14385
7877
17536
4572
19790
21207
29520
13464
9946
4916
5238
20146
29479
9398
10737
10365
11856
21471
19403
16684
17610
23837
32588
6455
17468
10828
3695
31745
3729
2429
29586
3255
17227
16630
11633
6779
21274
9338
3925
32706
29101
4042
24969
4346
22984
27243
26126
24177
6039
6314
5519
19826
19778
32222
10391
19633
9665
29677
16642
10216
27122
23569
18354
16067
27624
11484
21123
8954
15494
8570
9856
25020
24397
28215
10839
31828
28787
7744
23818
21511
28981
32430
9448
3387
11886
15040
2748
11743
30055
3432
13636
31494
2801
11274
14564
22997
6321
20096
3996
14240
1212
30817
19768
15696
26468
26499
25542
21000
4945
19390
3149
12552
25555
11251
10172
5841
17782
7245
11297
18825
11479
10695
29211
162
28599
7919
30354
28599
13390
1513
25765
30902
27361
2998
31716
18756
1431
10423
9920
26461
25225
12908
21823
28987
7192
14978
28661
5242
13187
24333
30511
121
18873
28690
8817
22531
23147
3656
5155
26159
11622
10015
30087
6788
29216
29186
3822
4193
14736
21209
12332
9628
16963
17875
32073
25706
19117
14434
29561
17535
23997
29575
14926
1910
19892
31567
5421
13426
20790
1950
2303
30470
30369
31275
2600
25938
24991
30156
18109
29039
1783
31476
24817
2574
23209
11641
11729
11867
9273
10139
19506
31016
27979
32323
10215
26439
15984
23176
15671
23863
7744
19575
12430
12292
1705
15124
3698
13672
17542
5532
18361
7990
30067
10765
15865
9720
6112
17640
29761
18135
24933
32310
14342
6332
20309
22473
22112
31925
9622
4292
12663
11674
20400
21086
18999
29424
22563
6626
4684
31501
27134
1018
6730
8317
4269
23854
28715
7845
10771
7080
16895
31142
16089
9786
6367
7557
13573
3234
16419
30856
4302
5388
11477
5347
14254
17112
31077
30099
27066
15006
18845
14987
25903
10095
10968
20494
26701
1374
17519
11612
1384
30015
27765
26256
32060
32175
29860
5577
4993
23893
17302
24456
4543
21095
3641
5721
27748
31599
17789
16822
15892
13647
3151
3112
3392
6786
18891
23727
4090
1958
11181
8036
25095
18743
11529
349
24886
22174
30013
9169
9201
15978
8995
2684
15890
10205
22667
18757
18424
3498
6632
13599
23513
5629
22089
7213
32089
11196
11147
18729
8028
15628
15053
22022
15385
17176
8485
4564
13169
30478
26769
32229
25470
22633
1329
9774
12142
26742
12979
22767
26770
16145
17934
407
19890
23728
18291
10978
5284
23972
26752
27716
12828
29339
10936
18058
21446
17000
18992
13247
16530
6407
16522
28236
4944
2011
29735
13156
892
23355
26521
1183
12379
2349
32087
11493
8775
32113
9141
3214
30278
26306
32019
28871
26594
26968
22612
31288
11573
23217
3474
22244
22852
27281
4879
21328
14478
23880
24175
1767
23524
15155
26149
8093
17786
6533
22316
4307
27711
24647
21239
10618
2410
12702
18858
21884
25685
22093
17546
3671
4239
21370
13490
16139
21037
3509
6665
7991
7264
7478
5744
18815
24141
14182
16704
4400
4632
20898
20211
23335
16962
24891
24865
32239
31030
23745
4783
27945
20254
25217
5187
13361
2555
10316
27898
1022
1013
6266
13150
22602
19439
16431
21138
30707
13407
29405
12240
21666
17501
18186
17430
3498
16122
20564
32283
6707
13522
15026
136
24215
21477
11004
4197
12556
27042
2222
18385
4484
19269
5353
24823
6353
6243
29370
11581
25357
3011
1183
3262
31033
20080
17223
31227
32292
268
29082
32205
8846
28519
20985
8095
9358
8785
16583
9689
24113
17324
22568
15007
10084
2245
264
18620
3860
5860
5472
9433
12179
5665
30644
22259
8766
26234
17377
6156
22109
11043
32021
22560
20298
8221
23839
24666
3542
28170
10473
25992
10472
28736
11842
7885
22887
8476
20193
13461
32090
8344
15527
7118
22094
2336
19237
12630
1784
1698
31326
10671
5148
25573
7886
10490
27822
539
19115
5923
15670
28345
23658
1113
4729
2950
22149
12737
3925
31986
25724
4715
14829
21162
12570
22661
9222
7785
29177
25294
29361
27921
19528
7758
2347
22010
30412
12357
23297
5258
15653
31841
10615
24582
18515
23347
12331
30119
20600
5348
1270
2289
7135
29732
12051
3648
28478
1380
14723
5028
21304
22085
17583
7150
21286
18768
23376
12299
6423
20967
3724
6801
2837
11387
7521
408
19883
26368
11079
21195
20388
19870
18961
13759
17172
4010
23317
30851
10141
12500
2956
10872
18923
6818
28732
22882
23681
25117
1108
9408
3512
5578
3991
7001
16132
10203
14268
5912
16762
18599
16661
2841
15247
17752
17008
30724
7203
16099
20539
31386
16062
19774
25323
10381
9497
25293
31902
12181
27104
1053
20990
27328
20662
10196
31337
25098
6010
21224
27472
26669
27848
17680
17117
19130
12227
18808
9689
18537
23826
32697
13516
16813
19753
12552
23654
22412
10186
1453
1309
27822
12491
11960
26136
15540
21017
22511
32588
32203
1789
30218
32485
16512
3230
17699
5607
470
31688
2920
21
9109
12267
29715
17170
16102
8039
5788
26822
1309
2310
32300
14595
8918
6858
17750
13928
22851
30186
6658
25222
16836
13335
15785
3394
28600
20995
21960
13178
25748
8996
8334
12524
2610
12982
25048
18771
10091
13823
7264
19666
743
29654
27441
23446
10292
17766
3935
3256
790
5168
1524
31840
17694
31055
14893
1328
18814
25088
10215
10464
27420
23905
596
27685
229
30585
13042
10712
29796
17785
17598
8532
9875
1857
4005
17440
5873
550
14395
1742
212
30963
22447
14626
25345
25901
24575
10615
9594
21916
4200
5983
20887
5638
3617
14730
4184
1086
30024
23273
25338
13918
30237
21266
18888
22096
21102
24039
19764
22163
20306
5746
7462
25659
28442
6420
14996
14906
1925
4319
24403
14815
2099
13376
6189
27804
1372
29921
17715
21260
23234
26317
29780
9524
31460
8918
18991
26634
15989
10292
27942
31795
18444
366
9908
2577
20509
12414
12032
28413
27944
9776
22194
4049
11312
18635
773
13482
3439
19955
12317
20972
14664
27598
28060
25222
381
9574
2416
14199
674
13902
23790
24721
31186
24969
28709
4732
8864
10151
26476
11775
12624
10289
28478
19579
15688
12871
6728
30136
12225
18568
26047
25316
2754
7218
22519
29401
7247
17290
27954
13215
29150
12159
18102
9522
8202
9354
20514
6533
12939
15064
20225
21958
22630
10667
4256
22756
8289
25086
10781
27471
22970
15464
32449
23551
27928
15938
143
3767
16834
14860
24349
16267
783
20237
6307
8096
23070
3130
8530
12083
28614
14937
5351
30940
19152
4454
9855
4628
24164
23862
17069
1270
23746
21850
6090
1858
8755
11334
30860
8871
19518
6579
19674
12866
20766
25665
1247
22882
11124
11873
16990
22414
28218
2674
11333
24009
21752
6698
8324
18708
9274
15672
14367
26165
28225
4903
20866
8887
4089
21638
5398
20274
31275
18246
10257
22220
6900
21091
402
4096
31606
29895
5613
2718
26061
9067
19523
32531
10052
21183
29271
17131
17097
12108
8860
26260
10143
18839
20627
24677
16467
14665
28499
26846
28145
31630
26217
27698
17271
4283
18659
13570
5514
7475
680
13420
12904
4491
28683
2884
22046
7660
5023
14497
12027
29881
24140
4508
1604
8306
15778
26196
24873
28889
25710
30774
11768
17235
395
9595
20881
10896
22779
28145
10522
14702
29494
13567
21492
29979
22210
25827
23021
12922
4
22335
439
25289
2902
9940
27545
4992
17754
20109
17508
9596
5517
14783
9385
32604
30495
10671
28713
16172
29698
5205
18829
12097
22081
24671
28247
611
915
8825
3865
6962
14128
16332
30692
25282
3555
6596
7428
29321
6240
10007
24554
5499
26585
7683
8298
25715
18636
5079
28199
469
8223
13748
28235
14449
7790
32405
18811
427
15780
3725
13834
14041
15560
1872
29292
29165
3610
4597
17390
24916
27487
29178
19877
4894
1145
18825
21412
31582
31802
29433
15986
14804
10106
5016
29372
25289
16999
19368
20806
20283
4125
10151
29479
14394
6263
14036
30262
8594
30756
27374
28096
22442
30461
9535
19324
1196
22677
5337
21696
8422
6930
18976
30708
17009
6204
9096
5704
4112
15572
30624
5538
23386
18983
8272
20186
9756
21987
19294
11306
5881
31784
13367
3040
8531
30690
10989
15190
25711
5463
3196
7716
1491
13052
4177
21908
2803
17549
3853
31831
30221
3164
9862
19062
10834
32490
24334
13707
23366
1204
13817
24880
2921
3663
12633
29624
24087
11959
24844
8989
16557
12261
28921
3642
12013
21919
12438
13882
5796
17044
13230
11345
7817
13224
28769
18346
21609
1421
32364
30624
1665
14483
23466
1584
19500
26305
23003
24238
446
24612
6565
11448
15279
24935
14040
26473
29948
6308
2550
7374
31946
27770
8947
4510
26444
14688
24889
2341
1512
31032
19695
18818
10901
2344
5499
12306
14984
421
22853
27180
21519
21712
6846
9743
3005
9990
1698
20504
1223
5554
28538
12345
26798
24678
8804
31654
542
10283
30998
11985
32535
14613
19745
17305
7754
4634
12403
6078
19398
7971
3872
6041
28883
22884
7778
266
31518
16873
15582
21169
24343
27250
10280
15201
6552
129
11146
7633
29895
3761
11265
31893
5181
26697
13705
25165
3176
29457
28058
6685
2349
17253
3827
19549
18386
16007
21142
21393
26652
14138
27156
23963
22708
14476
28426
11567
25295
29427
27628
3976
6414
32667
25089
23129
11683
28159
28847
1543
29622
20407
505
14357
4103
13968
8262
20960
7380
22754
22884
22412
17661
20510
21196
17214
6758
9639
29480
6283
11165
8675
17682
19505
7357
4497
30495
21509
18322
30045
7452
29485
9981
20401
5783
5775
4506
1231
16034
21897
1953
285
18643
27363
6154
6591
28559
14850
8437
23403
22408
13406
28488
15225
19589
13110
410
24378
15202
6530
29264
28043
3415
21033
19717
7850
18557
32372
21296
32328
6541
26818
29696
5087
10987
3966
31627
25925
27876
23631
15656
1922
13108
23438
15641
12767
19404
2045
7534
1855
29394
32438
21029
2482
18408
12129
24726
27720
10417
23722
11791
14115
5265
243
8635
29136
32181
27461
7624
18392
11092
10381
5064
23441
4404
3333
14424
15162
16495
29168
6656
11335
21879
31626
8027
16634
1880
31551
12408
27699
15421
16923
3967
1929
18230
30594
9368
32665
13112
18465
16648
6814
16230
292
7581
3395
28814
27561
6221
20917
23543
31861
29978
29947
3930
11238
9785
20106
14894
2601
24434
22036
31784
25517
30922
2978
32003
2520
25696
9698
12669
5112
15253
31426
29090
11388
10095
22077
17484
15972
10304
13173
1003
5878
130
3075
16514
20403
18182
12683
754
5257
25678
26003
21883
6730
32567
9109
13696
22877
7386
20818
21130
24756
30645
18794
16016
21757
20998
29738
29558
28701
18296
25253
20947
5338
25089
8198
31991
19159
30219
11556
14381
14022
2514
23127
10557
25305
19469
29579
9269
27513
24016
29330
25705
25659
29617
11199
22201
2320
4650
10416
22802
4028
26942
9579
4920
11657
4959
25517
19650
9532
15248
18558
25702
29000
28359
30729
19574
24130
7317
25515
12459
10645
2824
32330
10530
30839
16849
2792
7844
15131
12450
14711
17450
20520
5338
1519
18848
31851
25188
3487
11242
2760
13276
20160
