2620
23951
20499
9021
6415
23384
5170
27059
11126
6154
4776
8176
1569
22821
66
22429
9186
24257
19211
31662
25781
26240
24941
2799
11774
23233
29848
24799
24593
534
14888
194
17655
17145
28929
5874
23664
20410
11646
9334
10548
20156
12492
2261
25470
21217
20368
24108
13515
14403
11216
23423
24799
14629
17936
12621
10
20265
10683
5223
11945
13507
14533
27394
21999
6893
23183
20490
29158
26396
4619
24761
30896
3443
16160
2153
18195
23351
3920
16038
13877
17796
24984
27528
16035
4158
8599
26175
19608
24905
24051
16880
10621
5117
7673
23744
7852
24788
14979
25902
13689
11622
15903
18853
14451
6296
4205
18001
23015
5904
28873
1331
9126
13292
1066
1136
5128
18867
31306
14063
3121
18315
3592
4898
29587
22189
25866
1060
13492
29719
4774
28933
30514
21120
16899
20066
15108
6289
19323
28216
14594
20306
14660
505
11432
5347
32592
736
27415
26476
27249
29826
27484
7254
2753
13735
9205
22460
7489
21335
24977
6172
14528
4664
31512
10835
16895
8727
1771
6600
27410
12228
30061
28903
16905
18723
13506
24017
4816
18304
16855
3921
8276
13347
19106
24083
30951
23332
17835
5648
27110
129
8907
29773
22169
27502
31027
11461
30298
15340
22193
3235
15866
16029
5167
3253
30816
13015
21373
26654
21107
14071
2640
2891
24123
20216
16010
28456
20802
14660
22459
13459
577
1481
10728
5137
27128
9040
7564
30143
11102
22282
6365
17804
26362
21100
3664
22438
23953
23357
21599
28978
9729
14830
10890
18752
31341
25129
3996
5630
24730
2476
19759
31275
12697
8536
23666
26319
17575
25733
2090
17706
16721
29337
28663
31978
23772
9945
20697
10913
1763
8831
14066
6773
18754
15628
31886
23322
24371
20191
14944
31997
18359
2567
3342
20930
22328
21846
21489
16369
3180
23990
19734
32492
11388
20928
12936
20261
27238
31627
15569
653
7584
11458
11966
26960
19454
12538
20067
30399
2773
14914
28511
12941
31585
31739
29281
19007
26212
26602
24043
22238
15120
16779
29782
10991
29991
31656
27415
15525
11873
5163
10048
84
24334
25137
9034
18217
4604
2655
25105
30233
3995
3449
4896
10519
17503
9520
19503
5770
26214
25404
31722
18174
7771
18091
31220
29977
14234
15225
22572
10705
7060
14432
22831
26845
7285
28401
12318
361
21253
16868
28065
22286
5068
30125
15915
14081
16250
20304
23936
3467
29318
5493
25461
4025
22548
10175
19959
11604
9244
8282
27727
24339
30921
13267
4004
9488
15135
17197
9410
18809
6881
21553
6938
15240
20914
25605
15625
5813
23930
18432
23901
10794
14859
4285
32277
5239
24069
9070
21608
18311
32502
32115
19977
2258
24774
22060
31658
16853
13395
4875
1215
13503
18776
16877
2180
26990
6035
3498
4161
26265
25383
24810
30412
2895
63
11067
26960
7328
31220
31841
25934
23450
8305
27117
22497
14199
16980
29458
16966
28692
5464
22195
1947
15525
4657
4032
18407
19112
18360
27587
27739
10519
26952
28598
18648
29666
7272
32536
30385
21404
18858
31040
19633
9588
29907
16624
6240
24424
24635
25133
31874
1205
32631
19022
6369
16018
32054
18004
24396
27933
22633
15225
14816
17558
23719
19980
26246
19147
31183
27259
11197
18643
16111
25778
19098
1279
31844
8611
21004
22798
20803
32550
14181
30880
10232
28164
22550
31726
26157
29262
18618
695
21486
32244
5463
894
32266
22930
22240
6898
6076
3981
16894
28590
8074
3423
4879
32290
19310
28463
31600
24785
52
10661
29687
26814
22563
1532
6340
6688
31967
9305
29242
24925
22670
30811
20296
5174
25146
29683
5357
4927
2422
21622
9979
8083
1349
17904
19995
14533
2615
20668
16145
5914
11221
17745
10049
5621
27967
6751
25202
8850
17684
28955
15827
759
6290
13270
27707
2344
29183
725
4021
1691
30279
25437
31804
5099
24038
25869
6083
208
29960
12657
31609
79
26351
14803
14922
25902
22678
30548
28841
683
5780
28988
397
1390
23106
32143
9401
22715
27168
28641
10817
27628
6517
10858
5962
27679
27446
17757
17
17964
23593
16502
17199
1242
6218
29394
2587
24402
8046
11524
13040
3027
7462
16741
1904
10920
30694
26283
25929
23895
23399
10430
15256
24092
16969
23495
428
11157
17149
17801
2828
7359
9186
28916
23739
28961
31406
24567
26554
12615
23312
3991
19663
29554
22676
574
3461
22670
24518
17493
20084
21860
10906
7956
3778
7185
21515
28057
30954
14775
20227
18488
12476
15474
17531
31251
17062
30094
7395
29930
6193
11255
14532
14132
5582
21232
7332
22638
17875
6408
5162
12211
13505
25418
4226
18573
25288
2229
17923
6667
28301
25068
19727
13331
23850
302
19003
22266
9078
9863
25008
10578
21640
17480
31186
3
6518
10166
4383
27806
22114
6655
11097
1517
8376
3442
6631
7887
27313
10990
9081
24386
2076
21403
20203
29634
28765
27353
21868
18130
25014
31862
32735
30936
18885
4900
29569
2605
5966
21290
12748
27509
22843
11609
20380
26668
20193
15938
10129
8066
19845
11686
2996
32617
7967
8750
14941
30188
15965
7516
6740
19650
5099
21442
566
25379
6386
21874
3866
14810
735
6837
20085
1436
23653
18688
16187
15256
12229
17443
28231
19535
9805
24516
12797
166
16670
17676
18734
11577
3891
24736
24891
12275
1183
27859
18302
27612
22294
27674
18917
14129
943
10176
2784
28602
25064
1754
19582
10584
26603
20862
30419
10974
1040
13360
23964
11553
12194
6045
2342
4179
7910
8332
1643
31628
12889
27665
638
6826
3386
23555
13610
28251
30024
1969
24278
25208
24525
9425
23980
7829
20443
31929
7675
17622
27094
16850
27097
4868
24626
22857
23564
6623
7550
27911
31275
32438
20386
23012
14848
31542
14437
19991
30257
3968
26418
11249
5663
6782
16411
1228
27919
19574
29726
16446
5256
10207
20135
17298
17915
1140
31831
11640
30634
18568
12036
31227
16578
19609
17153
8884
18634
7463
18847
3901
17985
3782
7411
27113
20611
22643
24794
11442
2285
10276
5435
31347
24385
26019
7564
6232
30028
6043
24984
7058
26054
7923
27519
8015
29305
15452
9982
5865
23974
5158
9712
4189
29348
9304
3605
31488
458
24831
5139
18029
21391
27334
10170
28098
22256
5063
13708
17164
3858
9889
8573
3839
1065
9163
24311
22763
15256
26920
18977
27371
31578
30683
9825
26208
23712
19548
26144
31901
29115
31947
8141
8164
829
4485
21540
16530
10331
19446
27056
27286
16022
20398
398
22311
1179
25014
2421
18103
23655
12836
12019
14114
30894
25581
6137
18988
31102
18171
1178
28714
15392
30847
15888
11007
25151
23945
30464
32074
21579
11222
255
23006
17184
29928
31572
10099
27875
26460
24319
11419
10541
14969
3067
30711
108
30725
15297
6314
21126
6236
32013
15118
20671
9411
7396
32166
20188
21497
8406
4692
12168
21775
13953
32716
28664
15482
15446
5961
5835
18279
18336
29311
2612
26958
19393
3536
4442
22474
18111
21186
1279
2216
5888
9905
29536
22077
24146
20929
15197
15869
5679
21015
25306
27978
14654
28489
11365
4234
9756
8722
12313
6268
8029
9291
31682
27084
3278
15638
32322
10981
25085
7517
16947
9222
19964
24699
15309
26008
6241
1336
11786
10431
20369
29435
27401
7727
11327
24379
29616
8001
20015
10039
14998
30021
13888
29159
3616
11034
8617
11826
28138
7421
10883
16737
20328
15007
20872
31188
5581
12154
21786
6643
16683
25956
31111
3944
6364
5477
9867
10892
21794
23238
32278
27166
3082
31850
20560
12091
26006
24674
4314
28042
23322
23995
12631
11192
1511
24730
1324
26660
16679
5260
4739
13787
8968
2327
29846
9670
4381
1173
13098
20514
29697
31042
13145
4657
20029
20627
9621
21551
14955
201
5354
27528
5276
8391
31619
27976
21240
28192
112
1235
20900
31093
17063
8918
5609
27902
21832
6269
19602
8550
20773
29415
1941
29916
8065
10967
32502
6247
25112
31916
22761
18297
7264
31891
15671
7624
527
15099
14306
32601
3805
3401
12044
18141
19339
20173
28693
11841
25636
11765
6148
9601
29571
22977
23336
3005
10261
9079
28671
32398
9696
26776
8534
13210
18884
22802
19378
4198
12801
28087
18927
29804
12282
8942
5415
26990
1849
19369
7125
11785
7602
4247
5178
20109
332
28570
19968
16396
26269
20347
18206
12721
1269
31709
2043
2131
29599
7535
2774
14410
27747
614
12901
29058
5967
19243
5052
20942
17336
20304
6001
4478
12923
20169
13822
24115
21896
17241
21350
22514
10402
26186
32284
25720
1888
15969
5408
19661
9336
18961
6507
22812
1596
6639
11917
24258
11365
28518
3733
29861
17168
13228
30001
16839
1798
23284
17942
6683
16192
2022
29346
23959
28587
844
25280
19850
10536
23566
25869
19504
6871
17248
27193
14979
18581
31034
4015
26709
2755
23816
15736
19100
15178
30372
23388
27661
13275
2945
24907
19436
380
5161
18172
7970
28992
9705
5844
10128
23125
9418
10249
5539
18756
20932
17415
10280
28789
2351
15123
32354
498
17786
11310
20570
22124
14879
1084
375
1411
6870
30821
16718
21314
25354
32700
11963
5865
12681
4126
12593
32496
3199
8797
31822
22088
8613
16798
29107
12004
22198
10752
21778
5496
15907
14975
1672
12929
17415
15895
14126
31877
10077
20524
19435
24476
4977
24617
25228
32303
28052
6248
11542
28416
11028
11346
5978
7274
17259
20935
27339
10475
4791
27072
25741
31967
16490
7218
29134
24974
32323
27446
1625
19817
13181
360
16744
17809
26694
16268
21690
30873
1394
19832
25062
30349
15473
12846
16879
10803
11134
14152
27416
30608
4634
7065
26874
9134
10681
22801
6867
27037
30395
481
11297
24760
9629
30944
31600
6185
18545
2349
25456
2992
2187
8470
6730
21920
8318
13369
6964
16938
12871
2281
20036
10205
19911
29908
25217
10606
15223
19682
3648
17589
24407
3168
10670
21241
18471
30557
22441
24173
16090
15444
12500
28922
27208
22796
9450
16447
23331
18109
1618
23255
5164
12660
29684
15066
25254
16056
5452
24998
6923
10094
23740
24799
3583
10490
17447
29876
18818
4519
14267
4964
31337
27721
8974
5633
527
3873
21613
24181
5192
4608
10865
7874
29078
28591
16338
9614
4512
22159
2432
21470
20959
27773
6896
8226
31899
2552
1204
19058
15382
12422
335
9751
19975
16467
25671
7245
2889
12572
32636
19527
6101
21067
29367
27764
20206
22116
6534
20737
16283
11679
2888
15263
19802
29655
24964
22662
18707
30114
14463
3257
5707
4290
7693
31116
12442
29628
25255
22884
9567
198
190
6591
21938
22502
3663
22132
5274
19545
27832
6715
30080
18738
10954
2159
24292
26947
19743
21523
13647
17984
28845
10260
12937
17186
31644
25805
15627
21962
20565
22224
21431
5095
14044
19172
25031
1817
28767
9034
3844
3159
10511
21061
24632
17038
15406
24025
15333
19594
32361
20690
10039
27162
617
15624
20280
11375
2981
13026
12867
18886
9082
21017
32187
21575
1149
22462
29692
22572
20496
19839
28306
9509
16947
15910
20650
18171
22429
4962
32197
29044
6668
202
10420
25464
1753
8223
3776
1393
17359
8913
29481
18168
5693
15557
28370
32685
20554
11350
26682
22374
10377
922
18350
31117
12237
5862
15293
6083
22847
13460
8685
32713
18605
2563
26540
18593
23333
23008
30601
23280
7619
26532
1700
22695
9927
15454
22115
10210
1258
10419
15975
9489
14579
10275
4799
16469
28037
2446
14939
2605
24891
246
2499
29521
14071
1670
13833
17374
8310
9939
29691
3508
5928
10339
6046
7708
5951
10860
18392
12975
4358
8413
6765
30067
1141
20898
11309
1094
31490
14116
2411
1920
21433
27664
31408
7124
5519
1114
2481
4983
15348
30593
21119
21124
12711
20
29950
19104
28110
5237
15000
23002
26438
23773
17458
4308
21048
19104
21599
9256
23533
13491
2516
3333
22755
7531
7709
7449
6432
1415
31886
2484
22214
28785
17787
12842
29416
32193
4524
9593
29852
15363
2571
11051
32337
6330
10144
21374
11619
4517
12223
21187
6125
2880
16512
11268
23775
28814
368
28393
31312
22
19590
3292
24085
27179
25433
2412
25746
9329
1167
2543
14800
5789
30105
2156
20688
1148
21662
11704
25887
22839
18100
5854
15019
14293
22102
2500
4053
29953
5651
23820
30151
24078
23427
5945
776
28984
9855
2323
5197
27437
2193
26444
3987
19916
8362
10083
23914
17452
32531
9161
3220
2016
1446
19267
21454
11129
6206
24463
26094
28237
12652
1866
19502
32119
12140
14097
15048
17951
27991
13799
5059
15612
31897
16598
3084
16150
4774
4569
9928
28625
32489
19962
31465
14375
15613
7864
30463
19253
30496
31403
5969
21497
3301
24939
16941
12378
29225
3757
15996
23912
31303
26799
30873
30950
25488
11735
2404
31750
14069
9623
13202
4979
20487
22675
19271
14484
8482
5126
15334
28688
2020
15457
8232
20877
17892
13110
8299
15550
29089
21589
2893
24476
29625
20021
23674
29171
25692
22933
9666
18977
23807
5218
3695
12058
4693
988
23765
2992
19067
501
15914
26386
883
6649
16536
18066
24019
6260
13201
23723
8126
21073
25187
10562
25620
26431
23820
28460
18918
857
17231
8945
14381
25605
17927
14031
2491
9244
21180
26626
13681
4940
7540
28995
18099
7355
31947
18063
14873
237
19526
15913
4711
26344
18661
19170
14784
2198
7159
11160
790
32362
2098
13309
24549
28230
27907
4761
7713
8605
5155
14355
17005
18133
32107
17324
21133
25071
7401
6412
9246
12393
16179
833
900
1123
2043
2309
18213
23298
16100
22079
8917
12818
24212
24269
20368
24815
6667
7809
23407
30885
19507
6761
13781
28502
1464
1876
19433
6876
11545
14737
18762
16048
25856
16890
20734
12554
11471
23602
17067
23370
28539
4650
24585
6551
29853
14570
26263
15814
26566
10894
29069
14717
27155
24974
14354
13208
25090
22851
31664
3275
32132
22439
15109
6025
6740
1117
31931
1829
2182
28913
18106
23096
23395
30304
5531
17474
15476
3035
26720
23188
29917
31432
13411
2157
8429
5130
21901
3683
16882
19074
20168
4356
8786
22229
28343
31422
16343
18544
11428
13564
12363
10186
20922
31890
13381
3561
17012
21851
27714
21800
31829
24864
25591
18231
7130
7612
26598
27747
32429
20094
22832
24600
22043
5327
29610
20132
15816
31765
14898
61
10913
31959
32068
5446
17939
15137
12232
22478
2426
1066
32302
18010
11741
20276
23485
15332
17368
17844
31272
22819
2009
5811
24419
4877
18064
6516
3508
2715
26016
855
29197
4556
25755
13565
3225
492
27181
25261
1941
18198
12695
7158
12385
17656
27743
30358
1751
30934
27718
24731
22235
31953
10619
24008
4147
20586
30990
13370
20634
2626
1959
19532
21519
22307
27768
18359
16243
27204
26736
5118
31059
17097
9650
31753
1283
27274
2885
32015
5100
4629
30989
25274
16678
11766
32762
28294
11082
31030
27263
3691
24705
289
10566
26299
20705
7756
30754
13133
15098
32471
20293
17371
18091
9712
29875
6057
16955
1176
16886
23655
13732
4010
29203
21593
16434
30489
3006
26549
29773
25209
15306
25933
9619
22209
13283
13933
23851
10575
24959
2567
26709
9260
4370
15117
13637
16274
20865
30239
29233
5291
11226
25190
8873
28060
834
20928
7975
5826
12591
15389
13031
21819
12759
2601
19448
9897
29928
29483
29076
11826
9849
29228
29869
29388
1088
5725
3784
21175
4870
12979
25358
20554
18521
12500
5536
7155
31873
2870
27948
32634
14517
12933
12990
3717
13710
25158
17368
16481
7611
10427
2756
22271
26871
9734
20777
14141
25400
18064
8413
5735
13353
31916
9978
8446
31451
15736
19764
32440
20919
17668
32105
22471
20152
26039
17274
16222
21463
26350
16730
10098
17350
14053
10596
16830
28384
29659
13042
29193
19553
4209
15659
13739
21458
5972
5148
9294
2760
21019
3083
28146
6862
22387
26375
31284
928
17529
14532
3279
15770
9575
15526
4963
24687
20851
21020
117
8734
15860
4911
22455
16930
3271
14683
20362
13545
23025
17565
11202
9096
3205
6349
13737
5037
11977
1326
30022
19413
4500
27204
4063
18367
16122
29157
28604
20768
43
3475
6446
4248
31385
12041
20688
10981
10329
28436
30477
15959
12236
5796
15586
21635
24190
15907
5605
7228
19278
30469
2951
32703
25552
13217
21910
27438
26863
24895
23558
22336
7895
26738
1520
27702
13330
1960
31195
20753
9200
15359
13115
31490
6189
11354
4407
4386
3534
19125
17071
14435
16716
8117
13182
23494
9716
29827
24316
17615
27790
20187
11207
6199
23869
29536
13508
2784
2214
25139
9056
25358
5204
451
32540
6611
9819
27623
5704
12491
13372
4394
25614
4106
14601
9829
6067
83
5834
4244
8474
5514
10014
17122
26250
7532
16166
17158
1968
26238
10910
18386
20968
29507
25165
9737
18872
28082
416
32626
28061
28391
16274
26666
5643
28441
28366
30270
5807
29132
18712
28537
1271
16968
2537
2427
18388
21577
7257
28683
21695
7416
24642
1455
15866
30746
19107
4729
30232
28040
25922
21795
27839
27359
29078
10847
26797
17784
13027
15976
17145
6299
9127
31965
26523
21487
6709
13007
16175
3637
8352
5913
26102
28726
986
11503
21534
19450
24093
13498
23363
13371
8330
7971
7477
10265
24593
13934
24572
10000
27024
29194
25369
16678
24895
10342
6671
30569
29003
4870
28706
152
19393
22741
31071
17953
942
4797
13532
11595
389
32373
17473
181
5824
21402
15495
3583
29898
28418
29696
19399
2845
18509
29080
7127
4263
26044
24922
32156
15475
16967
12854
17627
29061
23017
16641
10399
25094
20543
13501
15990
28065
25937
28699
13788
16172
11440
15422
26616
28043
15041
4290
3974
9169
15448
7421
15637
5289
11400
30340
23410
15605
7354
4337
22628
14772
17149
25316
17817
13609
17053
23624
1505
12090
25335
4568
23194
9494
10379
16865
25963
23578
1107
5705
29238
21494
3412
18384
7495
9227
30834
1686
10706
18456
17032
19422
7324
8214
16568
30993
28408
10080
2816
26630
28149
10007
29966
20608
6614
26565
2390
9976
6594
9792
14945
22685
6077
20434
15976
2202
6359
18838
18721
12951
9635
18213
6105
22146
22251
29810
963
4495
6818
30451
3728
18557
17690
2562
7487
18204
17016
14978
21815
30988
31844
1477
20371
8135
18437
24493
5821
10721
28716
25618
8766
3983
12239
14180
17620
22631
12474
23186
16581
11878
25217
30250
30324
8759
15801
24769
24882
1202
18279
25749
22102
31140
26809
2161
14992
10190
28404
24529
8570
10800
18350
9799
2928
9863
19773
10781
13730
11540
14191
19004
12391
17823
1148
2892
12245
19900
28216
2077
19086
3149
16269
16710
6876
7752
7721
4108
30209
8378
7284
16517
11720
15372
10181
5885
4192
29829
9941
17560
6762
25617
23668
3897
3921
16705
25210
12451
27610
22418
20737
12510
26364
21746
26065
16349
29937
4224
16412
21085
141
11924
1132
1552
20175
17919
31961
4347
16566
27284
2431
16412
26453
16615
29999
18769
7722
32596
613
29813
8108
67
17530
24524
18467
18859
6427
25505
31420
11733
22010
22829
23773
26979
32451
18619
23478
25232
5970
17162
12313
28089
26147
27123
21643
15133
15114
27723
8603
20961
3620
30987
1138
15447
2829
28078
940
18815
23635
17371
1638
1998
19243
580
4504
23855
1891
13518
28582
24648
11160
12274
30257
22270
20905
9059
24115
32315
19307
16369
25163
32494
21407
29869
5973
13396
19233
1870
13118
10103
22114
3027
13846
25588
28439
32618
10599
2560
15923
2705
27078
16813
21011
11899
11943
29546
1273
25013
17526
27081
10172
24585
11491
16518
17598
12707
6525
17604
3869
11634
29826
10905
21038
31441
27637
15309
29991
22119
13042
25567
26395
7755
27967
15689
1836
26988
31011
1029
23804
11825
2939
4432
13668
15452
21002
17582
30569
3636
4113
32302
17771
13539
26911
3567
16032
25629
20011
15587
29889
24834
16608
21203
27139
22598
24888
15780
11081
24463
31052
15832
23192
9758
31595
15448
15819
6322
9833
11632
9608
31913
17465
9499
16498
18025
14014
129
11936
12030
18143
18622
26959
19716
27098
13029
21203
13512
28890
24900
724
25514
22219
18922
8886
31430
8301
26215
28249
3283
679
4307
11523
842
17183
12818
13978
24267
1799
9557
22807
22206
1082
29924
12855
7222
18567
21532
20851
17434
2892
31411
13875
7302
15687
17732
32319
29039
19114
16135
22646
1158
17261
30943
4034
15455
24040
20891
16971
20179
1953
4981
6379
27299
30819
2783
4835
9309
31632
31360
14796
10884
25527
4217
20944
1259
23657
16620
23065
25442
3657
10687
29066
16276
18787
25501
29613
22064
10687
25662
25069
15175
27189
21993
27910
3574
22914
2103
12985
3908
9628
24089
964
8269
28995
23836
17937
27553
26585
16876
18222
15847
17267
15895
4861
20934
31024
17172
8877
4869
32714
32388
30696
7408
25706
27575
30798
30718
8641
7794
7459
23218
27988
10992
19268
29119
28439
20262
26464
29551
5950
16716
31332
581
1616
18328
31287
8930
15229
32077
2728
18725
32049
26868
19109
16534
12265
18409
429
29701
3910
13082
16775
22638
32095
268
20533
32544
23644
2335
28196
4894
9793
11282
19621
17862
14087
17865
18593
28336
31985
27726
15751
25305
797
8215
1162
18177
2650
20871
29706
24913
9273
24502
29519
11841
1127
29813
30333
15545
31801
24973
30404
5494
21641
25416
15064
12720
31169
27699
929
17658
11829
24097
28979
24169
14006
21619
13312
9464
13667
25495
24140
13099
9923
29135
27106
22003
13585
3380
17926
13010
21975
25338
426
6463
26047
15349
26085
844
13989
8796
5280
2438
17392
5326
32659
19997
291
27282
19312
9029
30383
19747
29533
28891
8460
27372
16552
7500
17927
18256
27318
32179
13406
19437
29501
4417
8586
32546
4787
3042
6620
974
18695
29725
14027
18011
26254
22588
3981
31484
8512
24238
6116
20786
2596
13737
24891
149
30473
9748
29169
4817
13431
19875
9973
3823
5093
17476
21395
27094
10796
12474
5005
24593
21052
4231
878
7378
18446
14096
21275
21047
28634
18428
26283
9933
7561
12509
31096
7251
28781
26130
30582
21440
5936
26348
196
21127
4106
19727
19329
11545
14647
27419
22497
15019
17833
16012
10880
13882
27130
14559
246
28877
21924
9207
13483
30971
19572
9662
16365
23468
29756
9999
6463
25124
10953
8660
22772
28989
30740
6763
23805
28147
28860
18511
24320
19238
7348
12788
12458
9372
13881
16370
4677
2886
21768
2918
22413
26308
22989
27541
20159
4138
11742
1747
7668
2565
11049
27300
2733
31129
16492
28448
24495
17773
9636
27036
25873
32010
13511
29318
7827
28159
15029
17041
17457
2600
21612
27410
10488
816
11388
28074
1049
16213
11452
30502
20540
2923
30778
16803
13590
11812
16760
25078
12094
16526
20693
1099
27196
28637
20297
23563
227
3179
10581
19204
6114
2557
7738
964
1685
21832
20330
11077
545
8884
25660
15824
32447
6751
5603
15131
15192
1381
14241
23989
11091
24671
3896
24995
12971
30505
4514
7756
26692
28137
22529
30610
21119
23372
24793
27202
21004
22547
29053
14254
12031
10191
11207
29848
31782
24296
11276
32594
17562
10724
17231
8484
14229
6630
8629
24302
18051
6773
1337
15630
26972
29823
16545
31364
32048
670
11953
1876
28932
31385
26014
14892
13532
28718
16070
2375
7961
29967
1693
19089
15365
31274
26859
16140
15277
22061
27957
28018
29167
5450
6008
4124
7379
30264
286
6690
25887
14458
32298
6084
19749
8163
8886
28169
480
20826
15519
15781
16959
27867
5503
27936
20673
2238
4315
7733
9026
29244
31390
4729
17685
22319
6598
17213
8018
15641
23390
12468
7025
26984
10668
11353
21528
7928
17323
8843
18482
21722
10428
10106
17473
19028
27800
19271
30197
7208
1929
31079
24061
16153
30426
26441
5149
940
16779
22072
4481
1836
13642
11394
30033
13808
28575
10714
30597
17121
1895
15099
32251
14390
27267
12430
1990
1410
17361
23886
25290
12017
32091
24426
24454
462
13007
6442
30512
29257
10288
7382
6151
1656
6346
4052
3045
29339
29291
18704
11539
19108
20688
11937
23906
27895
19806
5801
29559
2670
30483
12156
4711
28576
1723
13061
8068
29539
9063
26982
19062
11919
19227
16095
23437
24837
13255
28913
15445
10224
14456
5827
28267
26955
9936
2244
25744
6308
180
27538
29180
14623
1604
25115
17396
16573
7184
11010
6559
16606
24968
11588
11798
30725
2997
14363
2234
12508
22567
31266
10186
4728
11311
29626
14645
17885
13390
26797
21932
5317
6124
5394
29180
26013
5453
10609
31387
14545
6594
21031
19840
2889
10780
19979
1592
16948
12134
22609
20535
1028
31700
27055
13164
8889
7158
5311
3864
31587
18481
421
14047
28386
2672
19697
26144
22513
27671
19911
32130
8803
16441
1853
16079
26539
24074
18692
31494
13474
24471
17227
26283
23685
14516
4576
2146
32061
14902
664
30140
6372
21859
6898
21073
26756
13223
8439
17679
19490
30345
11108
22481
31739
13276
32011
30003
24333
570
12151
30885
10969
10670
28879
1215
12392
19633
22780
5077
31372
7512
6670
30410
8552
29387
4060
13865
30514
21241
29419
2417
29240
17546
12946
22705
30753
32021
14939
31829
28278
16276
9899
12096
13409
32533
11430
26395
27060
6578
14669
1772
10028
16322
3049
8170
3064
23377
20397
13456
17525
3022
30871
12784
28220
2564
26519
4938
32094
2124
6643
25565
1774
25344
26602
4861
5312
13618
5784
20070
26225
9630
16665
22224
17319
32734
23793
707
17306
28125
23979
25517
11732
25998
15297
16690
22581
7902
25276
24259
9785
9703
19100
16242
3454
23910
16506
23556
17280
1391
8812
32584
30887
6751
4777
15528
17541
8211
26094
13566
10072
11607
20768
7593
17623
19361
6706
15839
15403
32512
20553
22084
16699
2639
20254
9916
23340
17326
4516
1662
27688
3379
6124
17003
26207
17884
25669
13725
21068
18120
21415
20546
2618
16551
21842
171
20230
3440
17842
12960
6694
19026
28806
22775
20714
19948
32321
13669
15618
20160
20656
21139
28225
19941
4830
25716
27041
6653
53
727
18822
32359
9957
29240
13127
29366
10634
28380
17898
24161
17417
11805
26159
17595
6074
2562
3025
27942
717
2834
29704
23428
1766
17514
23890
11503
779
13838
12403
11434
17600
10621
15034
13655
13424
15496
23943
12906
8463
3683
22282
21981
28414
17149
2125
22054
11823
20621
23669
18534
23433
19309
13637
27363
20878
9260
227
29624
11323
3039
23775
14283
9263
29367
27249
15872
9488
21721
14338
4780
9003
18793
25582
28493
29786
2024
23689
2680
12331
22465
24928
9234
23358
7710
10689
8643
25071
32256
21629
20392
9781
16015
1260
6472
9418
27567
20786
20170
30093
25811
26049
19045
11044
19990
543
2583
21989
6024
13034
4506
11767
3781
27929
10388
10420
11981
28292
18702
32082
8719
1959
21031
23747
10951
12962
21257
24793
25994
7045
541
30382
6687
32203
13435
18499
3729
31524
27045
26983
4226
20344
16244
19419
10434
1576
25170
16051
11553
5271
19882
31999
9345
32233
28829
4011
12591
25610
2807
1700
30067
10738
22113
19772
9829
2856
20440
7632
16643
19589
13661
22696
5505
27195
3054
16926
7392
26390
16822
27651
19650
8449
16513
20030
23933
20171
1138
21174
13934
2859
2808
22643
29840
4354
11774
29184
16204
3297
16226
25363
24467
10187
30889
8559
19755
12092
4849
23818
9798
32361
6950
21355
17753
3274
22137
29271
26923
17878
19214
3500
9005
3598
16629
11405
9
6460
20316
12735
7805
30205
18947
25427
10346
29309
8944
5510
25128
16002
5219
31973
17437
28332
9996
27573
21134
17659
26748
32401
10164
25233
26074
31829
25619
18105
16087
27963
30983
16169
25827
11588
416
11652
23202
32218
7599
17955
1945
23219
801
11285
29742
5624
14732
3684
463
32679
13320
10906
29553
7222
15680
22660
23100
11897
27081
822
14980
6341
1202
13135
31996
22870
10844
3711
38
9710
1419
28742
24078
27327
25278
32766
14904
12427
3516
26651
11223
11786
11632
4786
6207
2188
4598
3896
4509
2015
10486
1421
3558
16755
3121
23096
2573
32444
24153
26613
28025
25304
27174
29293
16822
4978
14246
13892
4715
26854
3029
14936
2444
27045
1645
17992
7120
5340
20991
8756
22886
16464
6723
964
14052
3468
15533
19564
25216
14911
26432
31982
31106
20448
6567
544
12793
30355
15490
16111
19629
28496
17150
30628
25430
31042
2728
614
26379
9837
28035
24832
25341
25492
14935
10213
22373
14170
1869
22129
16571
31911
4793
1138
7977
7245
9783
2279
4671
2540
12281
32264
23784
2067
1631
18054
26013
30631
2504
30739
1752
13961
6313
20261
17356
20851
2524
4087
13651
3363
8506
30929
17192
2748
12907
10634
32086
2921
26109
9291
10736
5955
21684
19349
23299
2933
27937
390
8393
21405
22390
19544
11295
21110
19353
9258
30009
15797
3447
19971
14997
28976
923
26644
27693
32069
7167
2877
22257
29818
29474
9683
9332
15457
29018
29601
742
26047
21100
14124
2370
20460
19290
6204
11208
7037
17020
19351
21678
12321
19922
26640
29971
22985
27545
3264
8756
16652
10524
15508
4834
17097
11213
4872
4404
27406
20628
13873
13433
5944
21863
10753
30576
860
16667
26823
32444
18150
32122
25845
9106
1152
22421
22566
5813
20790
23132
863
12196
5847
14187
17557
15377
30110
12839
9584
25494
26897
16650
18255
29604
13354
22843
20620
10172
22709
6242
16129
16865
7673
16570
17355
1869
27290
15208
3149
30051
30142
5387
7288
17125
4975
10388
7754
359
8257
27736
19093
29443
20532
5475
20226
26703
25819
1295
21845
14988
3774
13526
4083
13856
32254
5221
28577
2375
26167
3569
26254
2821
31146
9422
23700
28255
8092
25150
14523
13770
27129
1159
9215
31460
3645
9288
26963
24162
26004
17420
5861
13385
14400
32288
17572
16482
22588
17570
9216
5863
20255
26587
15600
30083
9026
22223
31802
10362
30757
19985
30447
20515
3599
26844
1844
6815
25845
18528
9800
17861
1693
17754
10179
32092
15364
24551
14876
27021
12796
24986
20590
407
20761
26060
22908
30405
19662
15411
26610
19358
11732
22967
12270
27483
23499
19328
32190
21918
27172
24660
2540
12896
11326
31776
20087
25131
21711
18900
16740
24202
9350
16244
6261
32447
27631
10348
31289
29875
25750
10789
16453
5683
9583
30421
11968
18008
13941
8859
17701
4935
1938
20171
3140
23579
20159
8071
1418
4896
4460
12175
8067
28738
23842
30297
21405
10181
29543
21605
20783
31030
27874
14795
22969
10913
6079
6934
12910
17412
5461
10324
20207
7940
31494
31342
6490
7903
31335
10934
31619
9378
21665
2239
3457
5020
7448
25201
3437
31250
3914
4700
1126
12852
31737
18509
15576
3920
4492
16415
28158
27462
947
23252
16550
10300
22090
19941
4405
31378
20352
23765
4842
3864
21816
20748
14439
24959
14767
9187
1389
22286
15199
3836
11751
29078
15396
30420
9770
11944
29598
25499
2171
26373
8406
31811
29649
16982
32548
14295
18397
4894
592
14606
25160
12012
7671
2080
16700
5845
7216
7896
12069
1057
18288
31466
23481
11589
27563
10888
1590
22290
29372
1840
7402
1579
8199
4808
30201
25788
12125
10988
1371
12393
23328
1671
13348
17541
3495
12704
15624
5253
16867
31607
12830
10932
22339
2769
4068
32552
23766
3216
388
15092
6064
12422
14933
15263
18574
26763
2213
27349
29885
7629
1462
15965
13879
20584
1798
29771
22288
21815
13523
24439
15376
9705
27103
22573
25250
30551
16497
9510
30188
2580
28828
28855
16192
26950
25539
7753
30131
2997
8541
5129
12555
2850
30966
19681
991
26074
3446
18086
249
32395
9638
8339
12287
20053
26096
32246
13651
32036
22375
297
12599
21566
24583
29380
6709
16152
4157
26897
5822
20078
27050
960
6673
29074
804
4060
18526
23045
11773
10238
26155
15684
136
9409
22264
26852
27098
29045
28446
23777
13006
6424
7421
24628
4172
8066
11606
17315
10954
31455
12022
18141
16146
16738
14741
21446
15430
24376
7165
1040
802
26811
13679
9483
10882
23785
32322
11710
27940
27668
973
23350
9390
5850
23431
26398
30195
14680
20845
3216
4722
22171
21924
20267
13087
14423
28000
14438
12391
14044
11012
32547
23406
15685
29067
19848
31899
24051
1830
6410
6998
2874
15142
16586
29456
18521
8989
26149
14724
26288
13120
13190
6717
9005
13840
1407
2905
14344
26426
10777
24460
14000
13755
10856
14696
15877
28999
21090
17371
24775
26348
27377
21497
20558
12531
23110
22523
8060
15879
7793
14216
12785
21401
22062
2356
11133
3970
19458
16711
29659
11498
14215
15807
8860
4201
10500
21400
26465
24429
21313
16714
16973
9948
10138
10900
8378
21754
30801
376
12843
2700
5417
135
2434
1854
5680
6750
24180
13634
18652
625
825
6202
29529
13063
25224
9048
25122
5254
6594
15043
29647
10737
878
25661
5933
26287
17893
27396
28564
4494
14926
31477
4981
22791
16333
30455
6451
31940
20216
3735
26164
12383
24971
22256
29751
7021
604
27342
232
6843
6545
22035
23473
9943
18704
20569
17876
978
27959
2776
6327
7749
5582
5514
9854
14738
2873
8078
2271
21356
13298
5835
21042
24730
28215
27349
21704
18167
12800
30484
29822
14526
3892
22563
13970
21764
23580
12406
949
12678
10264
8256
20577
12709
18065
29843
8044
20143
1582
20937
4830
13664
26699
23844
32512
23721
27815
10673
13237
31151
17756
27762
28685
29975
1813
15291
13336
17793
10619
24029
25848
21330
27632
27394
30522
18871
29312
18008
4967
30951
12052
12914
26837
11688
27369
1259
8899
8724
1089
15692
13221
27549
13401
815
27325
2639
29082
20389
2027
32085
16915
17878
16838
191
4647
32487
29163
22658
25475
19745
23446
19648
26708
14927
16495
15178
24246
17767
14246
25188
16495
9069
31553
18632
6877
1941
8117
26349
9005
13992
27060
30088
23246
27048
13895
1364
22565
17335
10524
17422
1923
24373
5409
4804
30804
13865
21330
20816
2713
27106
31694
800
4248
11742
13617
12600
14545
23018
3614
11641
21557
26507
5403
6947
19603
24221
8866
24729
24403
30010
2420
26212
28774
26333
8497
18299
2429
18119
24358
22209
22905
20898
29030
7632
18467
613
4124
14581
29214
28279
31007
13435
8474
11543
18887
20269
5193
19963
11008
17942
11543
9015
924
3467
21526
25185
9454
7020
10807
24819
9620
9894
23104
28656
24212
32764
7802
6859
16043
26632
20138
19844
26593
1660
2627
9748
19297
26286
21210
29963
14216
7508
10970
12664
3132
31627
3193
25609
2431
29471
19691
19827
27715
4102
16341
19476
19840
11053
12036
17623
30597
14968
31327
4953
9612
25092
29722
17738
24976
10927
19757
9493
29795
474
9733
22467
7163
26221
6009
4636
31756
26396
18431
10512
31965
21993
24864
342
3156
21738
31017
8787
30034
8269
17700
28733
16711
14745
9990
20864
22525
22582
27690
17249
20920
17200
20478
8673
12161
30776
5885
9956
28095
17388
21981
25746
9479
12120
14601
16126
11573
26300
24657
10501
30396
32143
8928
10362
3642
13253
20335
25984
32336
8270
15545
18742
944
25823
15919
28570
18295
20212
20716
28839
5054
2582
5355
17601
13931
18265
26232
18515
1613
32298
11236
8887
15977
10823
11133
5206
9102
11023
32189
28688
10288
10236
28610
17374
627
7790
27134
29877
26757
31914
12080
20910
26417
28194
1939
25189
1713
15607
11349
29854
12740
27836
1866
11567
4865
29309
6882
8218
23659
11775
9817
13305
11589
2122
23085
21663
2600
23397
12501
14588
6994
1889
16304
16449
9537
22680
5180
10821
28545
9015
29064
12071
3522
14330
492
14902
16173
5687
20727
19469
22520
32542
8617
18434
26936
20031
29922
12482
6903
15181
21531
6197
27783
26913
13396
18088
20245
26113
1357
23850
20097
291
16633
30518
15470
6509
3888
3987
4501
18815
20900
11385
31070
5363
11286
5877
15281
31459
23754
8590
30985
4524
31032
16937
27851
4082
25348
810
10711
26341
2352
4060
1372
20930
18833
24595
9200
32412
1663
18192
23776
13404
17617
27044
26564
6663
26121
24473
2135
831
21195
1101
11398
26125
10644
15008
12487
24029
17832
10256
16044
24522
12876
11043
31160
1052
24118
4358
28273
2319
9026
20083
30646
29399
30310
16343
3667
27872
21480
13493
14035
20570
15310
19013
406
29685
21143
22882
20771
10473
31272
31651
23230
2362
30473
27591
5438
31546
30161
17750
2585
3663
1247
26501
15553
5366
22091
32602
7219
8200
24092
32018
13004
16189
8380
30912
2143
10990
17833
18998
27270
15135
17004
22568
3893
20412
12751
25231
17813
3619
11083
19532
10511
6115
11968
10254
2726
7875
30825
3189
1163
31239
20750
29560
27627
8430
11899
10500
5388
11903
14386
3301
7576
21125
1117
11242
12601
21465
8454
29764
31845
2015
15754
2352
16764
25427
2123
31190
17424
2118
5286
24432
32387
30051
23845
9902
21976
14967
13813
2137
16323
22065
17306
30008
3842
8486
18913
31024
23024
27159
26390
22958
12120
10103
3960
29514
3463
25128
23786
6820
20389
15750
1771
1170
1349
16550
5832
31102
26682
17631
11280
22537
25772
11658
25929
10996
26476
19719
16609
22081
26245
6913
2664
8085
22548
8178
10236
5601
2905
14825
23556
7233
6157
7819
20257
7205
22518
15959
30305
8878
7866
27951
10678
27995
9201
29716
32423
10724
21373
28722
15174
28006
30750
8988
30050
9921
29761
6232
12797
4158
32025
17438
6400
25718
3057
32605
4398
23151
31169
1279
22615
11527
30975
21614
27598
12694
25015
7511
21789
16847
990
6318
12022
31975
29668
29426
30317
9210
1416
11186
31845
5546
26864
3664
2888
11529
7673
10245
5372
1977
12748
24357
32018
30545
31410
4004
21312
8707
17961
20698
4625
5756
11575
18563
13787
22284
766
12042
16370
8199
4497
26887
31259
28011
6406
23046
3651
962
17612
21642
18033
74
2879
19281
2298
13396
11130
10202
25844
20458
15724
27173
17132
8116
2095
30138
3548
25117
4756
12268
26711
30641
8707
21343
16903
29385
7042
7368
24921
19051
31507
13556
13687
13420
21827
31756
1143
27351
5888
6679
18897
24723
30635
30912
22807
10559
20846
2649
6368
6241
21456
545
27142
23488
17542
25026
3857
5390
17036
30
10226
14026
16245
27979
5621
10341
8960
22492
23537
30116
19691
22371
20161
3397
26892
16436
10744
21221
18845
25707
23761
2081
15320
26160
9061
20732
2756
32569
16417
22400
9294
24977
26998
21161
5275
5528
16338
29822
19357
31052
24528
897
24804
17606
25772
9033
18871
14343
28409
4206
13668
22005
918
21413
980
20641
22238
12332
2658
2763
22559
20841
6893
21160
4429
31694
300
14819
12024
17663
27202
12001
17532
5943
27283
15177
8312
1000
5589
3012
17793
10657
23914
9473
23319
12597
10477
27133
10967
9754
23819
22401
32243
11791
17556
6380
28384
25601
4049
23090
846
23088
24089
31525
8797
1934
1439
2035
15118
9319
3470
6896
12023
14919
3672
2966
21820
27417
27722
3786
10682
13196
8293
11361
31877
11451
873
11747
13717
4364
20274
27279
188
2136
19015
5279
30171
32589
20913
27597
4438
3601
13577
30997
4293
12840
6357
14269
2029
24472
21269
20371
16878
11595
30232
17526
17085
8372
32148
16151
31957
23734
20982
21249
3882
14273
5623
26071
8031
32062
29296
7133
9272
24109
21615
28090
13394
21772
20874
19325
11538
251
9843
28893
17883
15391
973
20165
25476
28996
7486
11792
16393
29894
11974
28561
14976
25777
27727
3414
25423
21543
3973
16685
6301
17922
30695
29800
18182
15035
4382
23774
8851
21899
29582
27442
27625
23759
29484
28248
5568
6577
4239
4180
24215
23301
73
4165
12966
8049
15479
23971
27157
10961
21655
30917
14187
2777
28570
15526
23113
20220
13370
30184
27224
30605
2958
27417
20096
24613
29148
14902
13403
10564
18862
12141
7145
25915
25896
31015
19333
3145
14744
23878
16407
31748
29007
21419
28044
1530
20400
10748
25475
20889
7046
5284
10825
5452
923
20763
27656
27367
12678
15719
15931
17221
32452
2275
8037
15663
10
25151
32003
25472
23258
18120
21951
5767
6485
22249
19430
9389
28752
21490
15388
22104
11177
11033
11343
28943
13531
12735
9961
30174
26577
30452
22090
7932
10744
20028
29813
24747
30616
30611
25353
29024
23396
2224
32628
7460
1104
31623
1891
26682
28066
1553
8572
17666
19788
8015
24144
24861
15481
21901
17803
19922
20070
23012
17262
1968
2419
25858
2688
8565
30330
22830
15744
5679
14943
17798
30109
1697
28136
11915
30954
26088
10191
16352
13580
22879
27926
19279
21045
20415
31643
14605
29271
5003
8940
19775
28817
23723
8028
26300
13550
9558
11095
6933
28750
17974
15090
21459
21668
7623
5574
20735
7522
18177
17151
13544
31794
9014
31664
32032
15847
15165
5994
3272
15283
15312
9996
11277
27802
4403
12764
8435
11046
26134
18647
17746
861
2493
25670
15901
7408
350
16274
14314
5557
18635
10073
19631
24663
1616
28097
30410
31565
13791
30989
13637
5128
3946
8302
17751
27249
11409
19227
5422
2194
12669
1443
21483
8851
32012
386
17135
13033
9262
13043
11349
9930
15503
262
8895
12004
14966
15346
28246
2126
26093
19884
19212
20927
11042
22713
23589
16638
18957
14656
30965
19609
10579
7267
14059
7642
20586
8655
21710
24311
19710
15250
27463
14729
1940
16430
1696
6463
19310
25323
3531
1748
1454
1649
6822
12094
32702
7573
10109
27433
6382
3700
13776
23203
17247
19390
21079
26905
18465
6229
6724
19842
5784
10519
9672
23258
8996
6391
31704
13522
6400
25427
29489
15558
25451
22658
9370
19183
20998
16556
21097
2010
23678
8414
26952
31256
18794
22109
32313
7224
15479
31803
28120
3826
28610
20265
224
15269
7301
908
14833
31492
22262
16851
12433
5131
24940
15623
7536
10041
15044
6051
31728
23033
27651
2727
25828
22113
22844
744
1688
29470
6581
10410
24083
6063
6981
1392
5528
12498
5376
15379
11379
18748
3351
1810
19442
6797
30201
28969
28081
10883
9918
31781
14106
18542
12998
10742
11821
32484
25757
7174
11133
19893
24610
15561
11643
16417
12265
10134
28919
13129
16861
17077
29412
24804
5930
16313
16220
563
11098
30223
12772
7991
22205
19416
2800
24097
12303
8436
32426
26378
12629
28767
8431
12260
9224
7105
21146
17585
6261
5440
5126
24563
27748
23449
24782
26467
9464
31855
30935
8421
8150
4323
14993
13244
24457
26724
29305
18938
30502
21960
17379
26171
22827
21148
3830
16787
3501
27833
30712
17861
5043
12824
29644
30646
29149
3816
32184
26145
14921
20957
23148
28811
1462
19146
3136
31354
10730
14194
23742
24290
12114
29340
8032
14304
18921
6501
4506
20138
22874
6874
31771
18375
13417
26054
31057
24443
17295
10441
1323
19078
12004
22698
14882
3854
9027
28910
24442
27097
29352
8874
11461
5055
5084
26005
26282
31583
17749
8033
14564
18194
22359
21836
29069
13085
24928
7154
413
8235
26307
14693
26286
26106
11923
11647
25090
15956
21186
5239
8390
23617
19082
6067
14744
891
29708
24797
9032
13346
24888
17209
2267
16049
27628
3894
7894
21553
21856
17475
23993
26284
29889
5347
17865
28133
14620
28932
4114
25670
638
2701
28845
4122
5722
2102
20031
27900
13098
23196
4802
18831
1881
26517
31112
28016
3937
32704
32380
23401
7985
21089
21164
1000
6865
21356
31236
31663
8776
18400
30300
2764
13502
27734
9142
10188
3806
27098
10688
13100
18558
3321
9889
1808
30082
29467
30449
12087
19965
8724
16137
23855
8602
15861
6526
27845
6715
20776
3816
3264
4575
23228
15080
24527
32713
5885
17001
10687
16607
13896
32549
23793
16208
30237
1131
7180
15737
20598
24864
1007
18442
13655
17157
20970
4964
679
24375
14893
18502
11838
17404
640
937
22079
30652
13621
3560
11176
2382
91
3364
27431
30070
5429
14055
22576
1451
7147
17671
28236
3101
3966
12750
15540
8438
5633
32599
8222
17632
10503
3643
20183
3272
8792
18286
27410
15074
232
7523
3968
26862
31241
10359
2592
10169
10975
25228
14681
14310
32276
17908
16198
16366
6606
21394
32593
9062
27102
17467
6659
24449
6715
26978
23322
4309
5550
245
19932
1634
23758
130
27564
1488
18735
7070
6363
9464
4311
2439
25536
23718
7665
19976
14859
14493
3782
2461
2134
18652
29160
5336
30717
14368
4784
27395
16176
11178
27115
10247
14150
20546
1745
7565
11604
14460
1079
17250
8447
28730
24069
1824
25998
26994
15081
16139
22852
9778
32333
17465
9964
17377
13959
30710
17845
19399
15184
14438
11072
27856
4216
2156
25592
652
24792
28363
1442
3451
9607
20619
12340
136
19793
19103
4331
2003
30820
20164
7064
11443
7245
1964
28219
31484
9251
18524
4818
2941
24834
2771
4979
6093
24251
16876
5273
31560
28874
645
27068
17748
2953
18401
22564
16617
15779
22347
31742
5456
24010
1788
944
25642
16557
27711
13674
2229
2852
13523
29437
23627
29870
12177
12273
9259
3614
18510
3537
3196
24721
31491
4810
21647
30883
556
11893
4197
12771
17517
240
9073
22148
17787
6195
22686
26453
7738
6049
15252
8179
16419
32222
5943
2876
2025
31969
15729
15368
25436
6218
31794
32276
3725
32245
25525
4927
11315
19663
16900
20729
15693
15848
30654
12792
15369
25546
2584
12332
24037
29706
5666
31478
16660
20252
2380
23957
2339
14955
17192
27105
11996
169
1137
15163
1899
27748
20301
26052
18111
20699
7375
26061
307
5391
3008
9103
28782
29981
27807
24348
32647
28106
20198
6294
25197
1632
29583
18591
15495
27833
18647
32016
6807
6041
21314
11758
17380
25409
10207
24218
9880
23616
23501
24391
25447
11405
3326
17073
15473
24275
26683
23565
27498
27660
20584
22843
8952
18257
2826
19779
16220
23536
5638
16127
27221
12736
2731
4117
13889
11185
12787
20521
29830
5287
11782
20560
19248
28297
23808
2759
19932
14228
22772
13029
7636
6646
14641
334
21883
14744
30916
4202
17132
5179
9790
23829
13790
10182
16567
16280
25803
21214
26130
28888
11601
9144
13955
28622
13272
2347
4431
23351
9845
6666
3795
5005
9998
26288
23496
14645
8383
2268
22981
23290
3197
26048
10501
26810
26873
22100
32619
15967
27079
10736
28867
23313
8640
14106
3147
6315
11429
28317
29554
30571
7173
9435
19935
20973
11104
1379
16053
3418
32652
25798
16150
6621
30040
25767
486
22358
17264
7698
17617
12883
29568
17935
12943
3388
30364
118
14950
18893
22752
21764
241
1737
22611
31407
20001
26093
25361
27959
7297
28195
16554
254
11710
24057
27333
26905
18534
593
22793
25511
752
25946
17469
97
16381
27071
9389
13683
16349
9758
28624
13963
27477
5307
22825
16943
15263
27510
6763
22867
25523
12282
1760
5419
7877
23608
28171
3902
18447
10004
4493
4028
8144
17757
12869
30225
24981
14083
30907
4026
4023
29828
15551
20823
6181
4264
28749
9730
13923
8814
12724
18656
14035
2886
18679
23797
32564
28032
5236
14141
104
26373
10435
3832
30074
25669
10209
2117
5087
8048
5006
19698
4348
8169
7923
10131
8425
19960
17288
21713
21109
28351
7477
32517
27754
7279
20920
6150
12306
3771
1862
1342
9465
18317
11893
20996
20981
30712
9049
23590
1892
12655
27117
11972
7861
14132
2485
32613
21290
1042
19618
324
6107
22607
25910
747
3839
25565
16360
2563
1639
24784
970
24939
7499
12821
1641
19847
30537
23136
14069
23259
8363
24422
17570
31448
2025
27981
1101
25333
12398
20064
22883
25090
671
2824
9727
8121
23834
17911
1618
31383
19259
10407
23368
30698
1253
29699
26728
31274
7039
2404
2301
12684
30780
32702
16499
31445
4000
6428
10755
8300
28224
11337
2963
12724
713
22224
4055
25752
18755
2855
27581
13672
15255
20264
29448
14563
11087
16064
24634
21653
26782
9963
21432
20835
23200
19680
20009
31844
27874
13704
10783
18930
30245
309
22777
12033
31839
12177
26376
9392
31235
24533
2800
2590
2178
24891
17489
22655
5138
10165
19879
23919
31918
30943
25967
28549
18526
25906
12940
20780
19128
24955
18408
13742
26023
5260
2910
7314
18283
11570
984
30504
18913
21607
21172
19554
22277
4040
23661
20197
30389
10313
25719
6496
27064
26919
8298
1309
30206
19230
1635
20182
18473
24541
23207
32201
3661
4535
16522
16654
12276
2971
21136
14121
18278
23878
1489
21468
16423
12215
23714
22591
16064
7651
11377
4370
13762
1451
31473
20305
19465
25867
13944
20233
30782
6036
19877
107
30111
2076
27205
26398
30211
10932
21367
986
13592
21210
15119
31795
20720
14832
31289
29874
3004
18925
351
20778
23255
83
32588
20297
26374
32097
913
12142
25086
5001
8231
24506
21798
27428
20055
23914
19871
3685
6871
16484
2434
29067
23862
9487
2664
19291
32377
26728
12592
20942
4871
27219
18172
12039
19394
18990
6013
17031
631
20908
113
676
25976
481
6761
4663
1671
30361
24272
24214
20726
5102
28457
22978
11021
12826
24984
9441
18092
15241
13988
16110
25905
28979
23611
2991
4764
18728
25078
18151
7154
7020
17055
14286
17631
4358
26353
14526
158
2388
17822
26415
12830
27041
17559
4069
14173
2809
16263
11112
17432
14908
22432
32437
20391
32370
28827
13363
6691
6494
32506
232
3273
30294
2961
10733
31139
31570
4164
32287
32357
28738
4626
6168
3733
28837
7251
31838
26862
6999
317
26585
31751
29866
941
25227
32304
11961
20005
27259
15516
19449
23312
19186
26054
20497
12878
29674
21261
29420
8172
26052
5537
2572
18483
1337
19107
7201
15589
27539
31368
21210
30659
1821
1983
16123
24146
8152
28819
8880
13023
5231
26706
13856
5825
25453
2991
6726
478
21678
13413
28156
21361
22291
12317
14681
24586
26234
24210
9021
8406
3566
31475
9514
26656
23066
5257
12630
16152
20484
31385
32510
20691
15352
8076
28924
1684
27841
14157
19100
14666
12064
5363
9900
7257
7542
2976
25810
17821
6084
22184
291
30380
30677
19702
2544
2908
21946
25516
10211
12678
28791
17418
27723
19977
3836
30865
22965
13073
27991
30056
23228
2969
2599
32766
6946
8238
26708
14833
30495
22774
6397
21295
29944
8434
8626
10075
31956
3712
4836
19058
17100
29988
25241
18606
5953
17543
24420
7594
4466
22720
20373
9928
18509
8147
4269
5328
3462
14455
19221
8409
24295
28189
3599
2157
487
13869
26604
5352
32125
4755
20096
12833
26166
32122
27603
22604
12422
16983
8985
19743
32091
26666
25060
52
5368
4353
4505
1711
1025
29373
15648
31264
3794
19736
16096
16043
28437
231
2795
29798
3988
11421
26997
6146
14923
29201
13707
5806
27842
18817
29698
22840
18074
1494
22189
2677
18021
28201
32723
7396
18619
4231
6623
21390
32138
12785
5978
21040
18349
32679
12055
30876
15040
26023
26797
3421
11059
11888
19754
31642
1182
20491
4102
10301
23124
2636
17494
8787
26171
14934
29250
12982
27099
1885
8377
3818
9652
19632
10084
13126
23253
25846
23768
10324
2730
15031
29967
14202
26902
16927
9241
21209
13505
16383
22799
13429
27060
533
9545
30870
547
27789
9168
14191
14729
199
29974
25086
1531
16731
8933
26163
15285
5979
150
24148
3834
7384
23427
20384
26651
28839
4031
15411
15829
30564
21764
3113
27103
11704
22508
4614
11204
28632
29540
11862
19951
23118
7774
22160
8452
10236
25031
832
16759
12638
27321
18789
23383
28943
3313
8984
24682
12687
18819
11119
25727
18499
11724
20897
5120
445
7849
18283
30919
9022
25574
11954
306
9593
2042
19049
32122
3226
24561
14005
1856
391
20393
27727
1897
4198
7745
4907
20012
12383
28367
26711
29033
30883
12625
15141
25917
9901
8167
17804
723
22984
7231
25548
29053
10193
336
28497
9731
28478
15691
16602
27707
2655
18382
7642
11993
18404
18523
5406
29065
19616
266
3761
12603
17036
20858
4861
7870
30991
26125
3378
26513
23164
26453
3308
246
23261
15817
19216
10567
17391
15805
30198
5005
621
20369
2254
29007
22673
26664
12860
20136
6617
26011
3654
29852
21511
9263
14192
17836
2411
24453
29477
18600
24676
13329
32089
21957
27685
21709
14189
6640
29365
18735
15955
25697
21561
18264
11250
29298
30582
32398
1996
11698
24466
26092
10974
4149
20250
25432
6855
9007
7242
24246
8237
19393
6792
5467
7261
23059
15665
16837
25137
3747
22424
27529
5687
2525
7756
29580
23055
23019
19866
12406
18197
6862
6483
12132
31809
23726
18896
27870
17227
17518
10802
6664
4370
6788
11246
16924
25918
15368
25482
25623
19748
8714
17057
21683
3563
29481
13101
31894
14829
21345
30726
18121
13664
26149
30373
21355
28214
13998
20014
17063
19265
31378
24494
11235
5787
25240
11168
5434
26437
28107
10423
32557
19982
29389
30679
22677
18871
21358
6500
28380
18004
3709
1984
11885
11253
9183
23311
18281
16518
32477
23102
2716
24820
23234
7491
4783
21906
21926
9382
3487
17850
9605
2624
14958
3767
9108
12099
28440
482
8660
2938
15048
19980
16103
466
30796
6172
11299
24090
25798
1785
6629
24583
3749
18091
15911
30587
12500
18109
10581
5638
20017
14309
23901
14766
8513
3303
23302
5355
13346
694
6530
30710
13505
29660
7238
24387
22861
31517
6937
19276
26859
10583
28779
17809
15531
21165
16873
14045
19642
14052
5966
29386
7642
2317
21372
7303
8976
6757
17355
18649
26524
11385
14753
352
5422
11918
25155
3356
10839
27199
20714
8752
30014
25448
28442
25829
9876
28483
18223
22513
4298
18129
23865
8698
26497
6268
2569
19542
4930
23802
3212
24341
28015
29556
17752
32321
30841
18664
20613
27748
26708
3788
29118
5707
3880
17652
1687
3082
586
6837
29473
2880
2922
27467
15549
32412
14862
22904
18221
5792
10559
20078
26609
24485
19841
24559
17360
31008
24329
25011
10933
21027
13355
9738
26044
3879
8210
12738
11149
32008
10675
26443
12009
13649
12035
27929
31618
22458
18536
21322
5392
31983
110
15497
3233
18067
13244
3634
48
12421
11590
27574
14458
1890
21188
322
22797
10315
30050
24987
22178
28136
6841
31565
10156
28332
20990
26884
25393
28763
27001
8506
16857
13514
6201
18706
13637
999
28679
11908
2465
5880
11160
11707
17789
18728
11527
1467
15320
12607
16514
24647
1150
2225
30531
4354
20117
986
11969
20436
16754
32648
6184
29327
24497
10170
21511
27091
8324
31655
30281
1327
13131
21250
1639
17032
8549
18557
20444
11455
16966
11660
5848
3470
13770
27499
1336
30387
22729
30050
25526
26193
26604
12360
29533
2707
17599
29510
31553
26770
4359
1501
24172
27257
5205
16170
19995
6375
8155
10857
27691
916
25727
21689
29134
7480
28462
10270
11906
3752
16243
30668
29508
17730
11336
8611
15872
16524
2860
26870
14669
25368
19829
28304
25687
19115
2024
27129
30492
29597
6279
2037
22236
11139
24234
4686
11978
5900
14673
17619
264
20265
16313
29601
17362
22897
26669
26273
24314
32707
4383
3666
7572
19245
8311
30153
26610
9740
11563
5622
22995
26997
26384
28200
2263
22996
12528
1491
3894
22227
8412
15250
11954
17022
23235
1384
8138
25508
31044
1611
24881
18304
30913
7395
7038
26264
22709
20367
27941
4326
26439
14761
12966
25910
27423
24075
7940
22479
8056
721
14457
3157
13942
31329
3432
1774
21946
32169
13715
30884
16693
31656
29582
11019
10297
560
2676
20259
18646
9194
7128
13183
23907
32666
8702
9639
2139
19620
23115
700
12907
4304
13307
15194
3784
25418
5906
20162
14790
24813
6037
313
9639
13760
26873
20907
18864
24513
9692
29332
18307
3810
16371
18977
31400
18002
11332
15762
9837
8957
8085
19426
13808
27478
28452
15274
17018
19540
27032
24643
21518
26554
15416
14890
4162
6044
14427
30377
19278
2847
3359
4788
12131
8320
18782
9490
28222
8280
14814
5053
12540
15902
30664
14474
14896
493
15196
14604
28211
32647
18146
5558
13755
32411
32228
13377
28335
30787
31898
26957
24378
3537
17318
17739
24351
23755
19458
10394
11084
21556
5942
25328
6065
28429
4046
25084
4946
30748
19979
13130
12955
15084
5337
23910
13300
17941
6913
21572
12950
8893
29856
3295
31645
9567
12504
29729
14686
15308
32709
19715
26874
23663
29874
14837
20020
31444
14477
30080
22911
9580
16537
32298
13403
12426
23907
14746
26594
4786
13815
21244
20894
22035
851
22695
23198
17234
8220
23805
9417
10633
16528
7827
8818
26512
26300
31635
19500
6779
26351
13406
26847
5475
4206
16757
7195
1642
20073
16537
11949
27897
21806
15665
17776
17740
12189
22509
31334
3377
16604
4521
3079
1548
3660
15764
5849
22559
26043
24209
3393
31496
13275
29661
24985
1931
7922
30962
5762
22162
14804
7340
10620
4466
25359
29611
2996
6000
9317
10744
7452
23684
9855
30699
24001
9565
3295
24140
18778
