4747
7842
25814
11009
17818
18480
15423
21458
15432
5636
11621
8119
27860
28918
23316
20063
24573
10066
24755
15011
15885
21969
26476
11030
11542
23752
5773
4318
25724
13728
25390
10435
6579
15494
789
12934
10826
16995
1750
12916
10025
31503
24382
28986
9495
7106
20978
11771
30335
15819
8532
13984
12915
22916
27558
23152
11505
28037
1394
27360
17509
9752
21289
16044
10352
6381
26122
27430
32232
26895
24645
10190
1056
26391
25697
4132
8041
416
5083
14266
27864
6650
24848
17549
17226
4387
14428
917
17830
8434
17540
11163
27234
21910
21073
16971
7241
15167
6014
22410
22651
5147
24789
2826
28085
10884
27540
4123
16594
4984
28181
9156
14994
30025
5038
10514
17051
9877
28631
24496
27581
14713
11402
26808
13690
18178
30704
3529
1734
3812
30009
32346
17931
16239
13515
30541
12912
31166
30624
2247
25179
26162
16873
28224
2868
27935
248
11478
30317
26564
18524
27623
18367
23937
27214
15326
30902
8516
28492
16205
11631
25413
12547
27197
18081
2803
7282
19394
21722
27949
24397
5586
20747
12982
1183
22358
15943
739
17588
7298
6344
18071
3126
26978
13875
6001
32406
17078
31516
12100
30637
14592
2509
27592
20644
10715
20035
14991
27665
11150
2938
314
19810
22241
19947
21996
16255
25392
26450
7167
20139
18621
22452
22774
6571
23882
18337
21939
15915
7912
30647
24555
25693
8458
18791
16342
11747
20445
17660
13867
3055
32220
16600
5707
16553
28575
3585
20668
4049
23027
19933
474
25253
1584
21818
22729
25349
4295
16529
27310
20949
30235
7564
17951
7331
24978
19909
23256
30345
29419
1745
2479
30805
28114
4989
28874
3048
1969
14935
18447
9948
18378
28017
25052
6250
11651
10081
9208
28298
4352
6540
3274
13915
29175
4005
6345
7110
10432
11376
7220
11358
11692
25548
25859
16779
27288
22000
14621
21992
19138
28661
1227
18921
31963
30101
19821
23489
7005
22578
15468
22147
12062
32537
22127
15495
16422
25865
13010
28943
26813
12015
18260
9514
7881
8180
7183
3033
10071
3769
31662
6513
26744
16353
29658
21056
3406
18897
14837
27763
12390
26035
18443
18743
72
20929
17925
2335
4685
10432
4896
16326
22449
21194
926
2741
26857
29521
9916
3975
6967
30817
10467
9547
5243
12069
9762
11561
20812
429
220
24137
20807
16878
4286
2288
23975
9739
15860
5356
7703
22995
23709
16179
28612
18826
23676
23239
12981
2540
8432
6364
351
367
5414
7229
1652
14025
20621
23532
25853
26802
24458
6408
26280
21227
1134
27636
25699
17535
1189
11446
7465
27465
22063
15005
28444
30902
16725
26407
9941
972
19092
2081
22776
19563
30942
29968
31243
17363
19458
29648
10376
32359
30568
22651
23856
29361
13569
23693
30115
10661
17534
28997
19758
17450
27328
4430
22500
31190
1424
21918
29680
29945
1937
20895
25897
12254
28786
31372
12007
14157
5480
7710
16405
30292
19932
11369
9608
28488
22625
22784
13967
1542
3048
22368
28620
16254
10551
13964
28738
6771
24727
8180
19630
25980
24525
32155
11547
13903
31820
19321
26801
26174
19881
6175
5070
14338
19535
30873
13400
2744
18548
29592
4177
15913
19788
10193
19115
11342
17532
12704
16990
23572
28113
5105
26553
20828
32562
10336
31733
7750
211
23199
28432
6575
14764
13080
20441
24312
16426
29908
583
31497
804
21148
12302
27286
24336
32606
10100
19873
4983
7634
7265
29761
11430
21340
32694
10401
13735
565
24800
23115
18031
28358
3501
3751
16985
21588
25694
15038
23251
11490
3069
27204
10839
12371
1777
22486
31646
20176
21455
23168
4368
10857
4211
19586
126
21503
21328
20308
30483
20321
12036
4327
31112
8885
5167
30254
29848
29978
1414
20189
12724
139
21027
30321
1015
23302
18975
1648
16732
23278
8547
32242
23599
6831
29883
608
12481
24480
9517
7548
23392
26669
32136
7329
10886
25909
22079
30028
337
8881
11128
21212
15923
9111
22881
12694
31211
13566
29379
10988
12980
15490
26073
22271
14268
17898
25442
26466
26839
5128
15349
24353
7797
14561
10133
3074
19922
30990
11141
9482
15724
32354
4701
12867
23994
7629
10846
8637
6683
13440
15875
11731
13837
24658
31448
30895
2719
5987
14991
273
14377
25343
25169
21579
8250
16837
19538
8593
15314
29960
28584
4719
8657
15733
14941
3227
20912
19190
20931
16621
5743
25559
11527
11180
5582
1832
15881
27147
24512
3682
7275
2291
4637
4685
26345
12547
25751
5920
20200
21462
12527
17386
593
16004
19305
10546
26527
13675
16253
23258
24631
32047
17615
24906
1272
29951
97
17866
4372
9754
26119
15918
28446
27794
19996
15289
7268
7504
4980
24892
22142
19801
19857
9342
18215
7760
31514
7904
8780
13371
12424
20801
27235
14474
7971
24352
20222
3669
2093
1280
22944
7141
28765
19985
23759
19830
10127
19724
22890
13627
30905
23647
20029
27811
5665
10634
9683
6875
5581
4041
13963
17556
4667
1523
2286
18694
17235
9122
22592
12340
9114
404
341
11890
30120
31057
21415
293
15836
2062
30885
2251
1102
22738
25933
17467
29445
14807
2556
4397
9323
307
13445
22012
13821
9399
22657
30891
29511
2328
12775
18215
11536
19532
30173
13515
4306
3895
1485
4393
5229
647
22714
7176
18971
15069
3797
6825
12455
4141
25419
21071
21466
3175
28770
3069
20791
11607
31172
1410
5352
32202
12570
29619
25335
18930
10461
31224
193
29451
26985
15114
4776
9791
23636
26362
521
31431
509
27254
32622
15188
9576
9032
29956
24237
585
15903
32079
29593
4446
8594
12828
1023
28418
2658
26551
13132
4096
15615
10335
7189
14501
28750
1015
12542
27161
21930
2046
9434
14831
25129
29633
7699
18426
15648
31951
14668
18018
30697
14254
8006
18424
29411
30924
12800
18631
5051
16824
5411
9451
12522
3730
5532
29095
22143
6081
13451
27825
18463
23523
22876
30160
25674
1546
28467
18089
19679
1061
29070
23766
30947
25020
11302
19001
4990
15073
12822
24464
19526
23395
20542
25929
31937
24132
32490
22167
18212
24941
5807
21189
4705
8609
19606
14539
1889
4784
14717
8479
29582
18413
28857
10701
13461
16609
27136
18634
4458
28225
17031
6277
9356
798
6503
21184
15242
26204
2885
28062
20422
22629
4402
3837
31865
8478
18128
18949
5623
23067
23478
23297
17973
10511
13334
21870
21128
32390
31901
30802
28335
11478
13723
7376
16660
27474
31076
29432
31823
6594
502
228
12780
22544
12764
6144
17006
17988
9298
13481
3731
178
2217
31738
19930
11378
19693
19426
11843
10257
23494
4474
8534
13446
29084
22934
31334
10856
19710
20379
16919
3934
15941
7824
25374
8150
23156
26743
5192
8442
21859
18397
9150
3807
18205
4016
1927
31488
24710
15697
22350
12012
21313
20714
4966
26427
28880
2
23819
15046
17661
30286
1003
536
12153
6346
3301
21279
16580
32521
5648
25895
24140
5833
15359
28938
29145
9675
25667
24992
10280
7650
4402
26749
726
30537
8935
19164
16769
1337
10634
31446
26153
30907
11474
20696
22748
1468
3271
31059
28306
24159
24525
27317
22358
30871
29150
30617
14246
20980
18711
20794
28957
9661
21366
3630
24143
18752
8674
2385
1525
8806
21611
11519
2378
27786
7124
32390
20916
16267
29774
32218
16807
3360
32135
11659
27846
2156
5091
22261
6988
11219
3849
24247
7339
20747
18850
15718
11635
3958
22109
28802
29812
21679
1591
30632
23335
27491
9209
12810
17738
25698
2306
12317
27595
5621
28486
19857
24295
9587
9367
10118
29587
20239
804
17149
8219
24564
21311
30604
3081
5780
31331
29271
22344
23868
7029
25915
23689
4844
3146
13900
29414
22119
17514
17282
29381
1926
10515
3759
512
29393
23169
26036
27459
23376
26221
23285
1205
22175
980
8714
27098
12097
15353
9400
3256
16694
9389
25631
25144
1232
4046
31284
11728
15298
21518
20338
12383
29818
4853
22733
15960
22449
8234
29160
291
29760
28142
10119
26560
32053
8937
1607
2734
11814
15657
16781
1803
18885
26216
18108
5372
26293
23949
4267
23887
32412
6518
20310
21087
29562
2293
14291
4152
32569
5144
4232
2044
16773
17070
19868
31366
24541
11270
20907
1612
27626
5114
9918
19594
1040
22828
17274
29085
25156
6288
12439
31916
19741
10795
8852
23182
7981
23322
23465
2024
22673
2261
27134
9878
28359
437
5658
589
20160
20148
5534
18558
17718
19061
22067
30589
16704
10628
29889
18658
9508
22494
13538
6960
6508
20404
3222
7860
5692
19820
6200
18864
5858
1257
2736
22457
11183
15372
28139
22622
24069
28282
18312
4362
6834
24224
30164
13868
5756
14325
22777
16276
24829
9855
7282
23584
6578
1945
13506
18585
31566
6131
25958
3544
12628
17114
25352
27181
11236
30394
26101
27137
26069
8929
16593
29625
20741
17029
20362
19166
23789
6409
21130
20091
19321
892
2609
30407
18454
867
9858
22020
29964
26296
24348
8359
25358
12594
18284
185
9999
10951
13090
14461
600
14192
16097
22611
20696
23596
20795
3036
12731
5447
10204
16991
7742
25052
17669
13932
25281
10393
20797
6335
11805
22978
17731
25190
11065
29304
28742
4647
22744
17724
11864
22812
5045
11183
25377
31392
1746
1435
3280
25455
30221
10551
855
15368
5876
10407
14296
31318
27610
4291
2138
13968
21803
1305
31681
18270
19708
23861
31229
26941
230
10016
21633
29988
15893
13094
13047
27240
25500
3292
14386
20445
20235
1378
29540
12350
30532
13030
29073
13774
10634
2409
835
10560
7387
28870
2688
22484
20352
31728
25849
9412
25314
9595
18052
18910
27039
13662
6092
2930
23517
13303
11591
25454
9695
3663
27241
26568
1238
20384
9496
28700
9721
5140
23903
16023
15319
6352
7526
12307
32236
3377
5538
14211
18035
2389
18761
10386
17020
19934
24329
5511
26686
12530
27129
17516
10158
23686
16080
32623
2385
16861
10581
17544
12110
26187
5654
6236
27847
27967
1117
98
26473
897
21600
26692
30530
4023
17848
30344
14547
19502
14868
5231
1383
11735
4143
11549
17827
15504
11007
26619
21085
16549
31024
25178
22450
27031
4304
11353
28242
21020
13132
3336
24351
1382
19867
20941
17655
27048
18617
11527
205
13271
15959
26610
13311
18606
26065
27595
13539
12020
19808
26164
12707
30465
13201
3289
30028
15231
5365
17492
801
8046
16922
11854
31797
28010
4539
25319
825
15409
820
22872
4754
15456
25912
17367
30895
4989
21702
25276
28313
26682
10329
4833
31947
1016
7008
6990
8773
11659
19949
32278
29148
8509
27825
20604
6612
18965
5416
24154
2480
8281
18961
7364
10825
20817
3105
12264
23582
5198
27384
2104
12267
20715
8788
23244
3453
31379
6021
30977
15556
17731
19233
19303
1322
6033
4856
29658
22307
24046
12362
23278
13317
9000
5688
11409
18459
4659
29817
2027
27380
17704
23118
26249
31233
1422
1464
32443
16736
25049
13032
9530
26354
15408
32759
29198
2995
13939
14551
11439
5963
8061
8074
17259
25056
17830
1169
20999
12335
21132
17320
31657
13787
5140
30896
7158
4612
22187
237
4983
31260
13522
7281
13121
1782
32729
17368
3029
22560
9706
1590
9029
371
14666
846
22168
30440
31964
22021
27248
27310
6631
790
3818
20857
25368
16390
23238
284
18635
9819
456
7514
25222
9993
19037
18169
12742
21037
1666
16665
511
18173
5090
196
2526
24575
10046
23238
12753
28538
26386
17343
9161
8235
6518
22134
2111
20024
26946
5232
5237
27754
1653
5314
19966
18838
9688
5411
10112
19036
9182
8517
23225
27412
20175
17510
9152
7686
7205
31010
16781
23001
19767
19339
24508
27727
18196
24955
19854
25903
8626
23849
9777
11650
12872
19963
20033
7937
5368
9115
27278
12239
31153
22349
13344
1636
14420
16256
19832
2505
28693
16802
32025
16907
13861
22073
28999
7402
6030
4912
28943
27345
29278
12398
7815
10251
27143
15022
11863
26163
31494
26762
14456
27116
29123
17880
1596
20691
18616
10554
399
21426
12758
10225
10620
30967
20260
31730
12275
19300
24234
4156
9417
26887
23949
10088
20992
32365
26235
20610
11593
531
20297
7703
711
17437
18907
21391
15638
9802
3141
31933
28300
4136
17455
9141
32702
29572
22910
6366
10054
29989
17457
328
3780
3514
31112
7999
18723
14096
13420
2336
32286
31112
7435
17003
28418
28105
5059
27418
14517
1714
9025
31025
30455
14226
24042
12439
11496
19100
10873
19748
5834
31637
17386
4859
18697
10960
28824
14618
16504
15452
13474
25135
18398
30588
914
6061
22193
31319
13633
31520
19745
5617
16885
8638
12633
9818
2509
20030
20993
15142
11103
31981
29191
9244
11679
30206
24991
13875
259
23073
10376
23738
7140
23896
9617
19158
13864
9222
18269
24881
26654
30281
16995
7153
12457
15754
26680
7399
9889
83
1041
9737
22902
20576
24708
6179
9494
24312
23182
18889
32017
11134
9690
19088
29435
67
9792
26238
31763
12702
653
32190
14881
21311
21634
1176
19365
22464
6687
16289
26413
20093
19489
4143
17927
13222
15817
25872
8728
1682
10719
9084
19212
6742
4343
7239
5808
21655
19699
24923
12443
20124
32201
3942
3348
3239
13190
24528
816
16262
31123
5872
21051
17509
10039
8831
5721
22246
6494
31821
28781
10612
14745
9522
25914
22484
30309
19528
14281
26620
4272
30295
17162
19753
25241
14737
5821
8492
888
24960
23443
2052
27934
3900
17041
29106
1630
10721
950
11849
14028
13120
12253
2117
26564
21717
23013
22813
5806
14586
23310
19484
23681
1113
13990
17260
3718
935
24806
4980
23647
24976
27927
2148
3911
30957
26360
27149
20123
5949
23396
29175
3482
17235
21552
26541
1641
23628
19283
22364
26201
9412
22857
5788
3949
3658
8889
2958
4887
22800
18773
27175
19011
23527
25601
23499
11926
2155
16952
17694
22776
32635
32428
7703
18768
18925
9517
4182
23438
2431
28620
20407
3567
13840
24384
24871
31868
15120
12937
17334
13781
2357
467
12270
19756
28783
156
24931
19860
22047
11033
7820
29308
7044
25302
29393
18806
18549
16030
20197
8510
20054
4506
854
27127
30533
28092
18787
27319
21908
9567
19981
28742
18300
4135
29553
22819
25359
5935
15444
8904
24175
19555
5632
23599
18494
4394
29775
8597
9301
4169
29701
1406
16569
3844
30562
2809
22218
22917
28920
5413
19646
20098
20667
28660
11086
19995
18263
22063
7087
4097
21446
6331
452
9437
20257
19226
1682
9968
27318
6452
9972
24054
21596
10840
6800
23121
29955
13694
9993
19299
32143
10959
13175
5436
13799
5735
12308
26997
16968
8281
9783
26459
21216
19955
1159
1873
29080
26692
31592
21871
25137
11228
32186
16239
18578
9683
14787
31178
2400
25101
7785
16414
6352
20155
16549
29907
11193
31013
13620
25598
32494
1960
12944
11653
10442
5370
3870
6789
10508
20662
28585
25072
10981
2324
14863
8315
11600
503
8250
1975
1442
15662
22354
2173
28770
6131
20273
31888
9306
25016
32280
4990
7150
20516
5280
1735
2221
29784
11763
22849
9510
5494
20539
9659
22781
5220
20827
16609
25406
15565
29662
12896
32496
10089
20524
18762
13806
4479
24068
20411
22002
19880
12838
8637
15347
12757
17488
11113
27057
9875
20844
4687
6542
15246
11784
3608
17567
25940
7430
13418
20227
18524
32405
15372
20083
13639
27488
31563
7963
14949
4101
9628
15016
28283
23752
3202
1443
22724
23945
26546
1789
6709
19955
26742
15851
15365
15863
7247
2548
18285
23160
25310
22855
2733
11848
31492
4435
12111
28500
27465
26002
1455
11291
18810
4261
10683
28005
9622
9126
25848
8241
7148
24506
29126
23535
21117
19941
996
22767
26023
2339
14902
11034
2053
28340
24006
5344
22929
10423
4618
1649
14859
18170
23141
7472
6815
23057
6383
14180
4802
17573
27257
28721
15453
14095
972
6088
6957
2341
29746
31706
4969
26196
28984
5202
13222
32752
4017
26691
22009
14791
3582
16159
23643
1276
5005
29227
3153
23827
2464
29231
19916
6984
29008
21874
20813
5157
23249
485
24910
13139
25079
18335
25310
2481
21497
32649
18827
419
25206
603
644
11693
1973
3015
6911
25920
49
24051
9689
9171
32085
14637
9340
24118
30084
31707
30470
16931
13660
32432
6056
5143
5692
294
9547
8031
32259
14888
378
27766
3099
24846
1404
12686
6071
17103
4800
12653
25432
14194
639
31866
10646
3014
14492
18456
26397
13139
24015
20530
1526
22160
1282
30487
19976
4439
16379
6025
16094
30101
26428
15632
13994
9798
6439
13973
2698
7841
13414
14123
29707
31119
20874
31024
30700
19810
32754
6037
10788
28612
18927
4474
29477
13805
17445
11262
14947
1306
11317
9813
6672
18234
23193
29723
42
6122
3023
29159
24760
15779
17593
18468
23889
17202
22084
28700
1501
17769
17480
3926
5792
18709
5039
7458
22388
11568
17370
1650
85
3415
30528
17387
18211
10366
3928
5692
31396
8162
16314
23727
20169
8767
23681
14845
15922
22339
26611
31591
9459
8003
9060
30210
30873
31534
10071
20051
16744
12479
18151
24091
14567
32502
16997
11380
12703
30408
3395
11293
11295
19478
11056
13331
15683
13020
26757
26209
10678
7339
29152
31032
23222
27225
3854
5698
4119
26103
1327
17460
29579
6403
25620
3747
28960
21215
17132
24600
30986
29570
12320
16998
3747
20078
22651
31035
18608
14817
10638
10998
9958
7760
29523
3000
24749
6673
19728
16062
4387
3416
16766
25070
25700
8804
1579
30639
10761
9722
16925
8958
28910
17427
10168
27071
4153
31954
26082
29008
16791
26040
13412
26980
12489
2843
32659
6415
9312
1492
30513
16925
9156
6457
1166
20136
15995
27979
27634
31978
22696
14640
7487
32079
8402
29155
30675
14030
4839
20778
1452
9594
11393
18632
29135
1876
13927
13812
15850
19300
18263
26891
31544
30472
25603
21890
2725
30091
24665
32286
10291
1529
26119
29031
17820
15154
17471
27226
30777
16958
27831
26974
32290
25312
16885
22905
7831
28270
6857
5572
27038
4319
7963
25372
6894
14374
25062
12827
9228
1471
23685
15686
8628
32391
12078
22408
16506
27856
19132
32480
21681
10421
26545
1878
10636
15019
28283
29235
19331
3161
13558
17777
20984
7082
13619
30577
27675
25632
8568
17132
13579
29291
31111
30508
4926
22074
1315
6268
10018
26193
22481
25821
3332
2779
16860
4346
30258
514
21147
20830
23900
21182
20470
997
23104
25066
18215
3440
22663
23965
6846
16349
13801
29367
12776
23607
2968
186
11504
1321
9948
16348
17158
13753
29946
3418
11584
4147
26203
21006
17118
6498
3306
14148
10962
13318
31166
7626
18048
28803
7673
2886
14786
1239
13040
460
13359
206
28044
30128
24477
4729
240
21913
6116
28380
13403
22743
20453
13031
4176
2039
18379
20648
26357
13204
30865
23742
15290
19824
22725
20497
20026
22467
24203
4544
19558
24274
25316
23899
28640
12484
18992
22867
2725
18353
5618
29102
18159
6653
17364
19199
7770
17636
7659
24982
19525
17749
24635
10484
16251
13060
22398
16258
20243
12731
23841
2690
13972
3312
21648
20037
7517
12701
3507
5790
11588
31308
12472
920
31870
369
5908
20068
20159
28157
13764
6805
29089
28208
31961
26512
14410
21679
20531
13885
23113
3030
32141
14083
14786
21327
21434
5108
21707
31716
16173
11076
26133
5521
4031
19968
30927
17374
19373
22268
29639
11372
13280
11790
24531
13261
23922
2937
28015
31896
1133
4012
32167
23741
31702
813
12856
15639
24298
21200
18674
5952
26535
7212
18016
1449
3726
24143
13227
6634
22440
8881
29628
27990
28871
12903
29601
8147
1294
11161
14898
14569
27059
2870
6900
7960
2052
32486
4157
6511
10408
4929
153
3930
1064
4670
29549
31420
15534
9710
30938
16445
9484
4970
18660
25062
30975
8714
24020
16363
27317
727
3546
23495
10638
19523
26615
20878
17952
24088
22554
31615
6013
16815
22154
29657
1464
23138
9859
26865
23973
31299
26660
30592
4577
12047
393
32577
3346
23389
9012
9660
31088
28699
27569
31580
8581
23099
28281
30408
20016
30890
8728
14960
17904
11906
31115
22630
20831
25984
11500
2160
26877
5304
30033
1115
28719
8071
16369
32402
8584
8394
7304
26351
4166
30285
27389
29136
25376
8327
3138
5486
11327
19076
6781
29034
650
3618
27749
21673
16422
18560
26606
21858
2621
4788
26664
12149
1535
12988
14948
23807
24295
6327
30362
7467
576
15446
14087
23883
13287
28301
29466
14375
24658
29582
401
32660
20433
30967
1504
1097
7956
15434
19666
4079
8430
30111
23666
17783
3416
23189
15148
23472
8633
19854
12848
26137
5733
3356
3863
8180
3427
30646
10441
28059
24179
14256
11166
2071
25679
27498
28867
1775
12082
7623
25824
15422
16535
8928
16887
5896
13379
11514
8336
32718
31365
11702
9235
25440
1981
22408
18037
24563
7451
21354
1814
18547
3753
32466
234
29211
10892
17889
11224
66
9607
28125
19807
8824
12480
25569
23679
30929
7367
25555
23767
4737
11732
2967
29963
15017
1360
11906
17512
1905
17559
32018
15307
24407
19709
21724
32190
26823
16655
19653
2533
6123
11035
20853
14233
20164
27890
26121
17362
17274
23788
23816
30282
8432
13357
7577
8671
5532
12839
18675
1081
17558
6496
21524
18606
19694
26997
27062
12898
23363
31328
10367
12723
31121
23798
4472
26836
4427
9395
15040
25527
21418
32442
6786
1841
31812
14872
32292
31577
8672
9545
449
5425
2441
25853
7130
904
12257
10268
4424
17182
31928
23815
25973
7690
21725
19489
6860
14937
32308
15246
22382
31736
2569
58
16935
15828
14756
8221
11168
9791
4382
27070
22486
6806
3187
9462
31690
5664
10967
16631
17275
26682
17486
9100
29713
7601
23927
32163
32347
6512
28072
18696
5499
8283
19264
21363
7648
23674
12857
31429
2165
7002
6397
32399
28184
19376
18299
2772
32590
32320
25721
24592
7221
28157
27948
15480
10426
21362
19206
27268
28939
1888
31695
6315
12880
14505
32759
24173
7062
14700
811
4759
23307
10098
29478
22211
2929
29641
30922
31774
5581
3502
1903
9582
23391
13489
30331
19027
15319
13843
22834
32716
19398
6515
2256
10750
20307
169
5333
31537
19759
16115
3489
25628
19915
27471
23872
22882
6856
29223
8839
4700
4783
27187
16992
9497
25826
12444
9058
9123
18898
4189
18341
7812
2931
30959
14548
12425
29165
2085
31363
30662
26773
27477
30403
8154
28443
23480
6388
24949
11012
14867
2779
6935
11611
3479
18421
26394
16548
27142
31498
21234
21266
280
23044
7092
20730
25373
29698
5077
902
13027
9641
5684
18350
20698
10170
10843
12644
16758
27626
15874
28431
21205
15342
6101
315
17826
20181
26488
6799
32057
18586
5831
15359
31500
22522
16482
24899
10565
26243
28521
20871
14509
3822
3204
26724
5580
19886
7207
27407
14674
8137
12820
15824
22453
999
15905
3510
13340
4520
5691
17034
6780
6971
25003
19713
17664
3373
18840
9525
12463
126
4813
3414
9545
13050
1213
27805
29809
22982
16836
22146
13329
570
29872
4655
30715
29934
30592
13876
20172
20248
22380
11388
1558
17941
23077
12928
31166
18757
26717
10682
29346
30236
394
19549
22655
4726
7399
6723
15123
299
7100
4647
30334
25828
12512
2836
30446
25901
24956
16925
24443
18891
785
28751
6224
24655
23229
31972
2060
24555
16826
8121
31848
16261
29479
2051
1561
12810
26379
23357
19448
15621
24215
8293
6496
7536
1451
27495
11223
28361
19868
23770
1009
18537
25909
18922
15730
17682
29179
8341
12979
10439
28341
23579
28487
6368
21292
7599
13789
6749
26928
15731
7528
19067
29403
26531
2430
1413
1562
6672
510
28653
16744
5585
11766
5531
15837
6453
30148
4997
25192
30204
4219
32640
31833
22470
136
597
16674
20171
17301
22552
7518
29389
14765
10933
29970
12875
1953
31436
14643
8696
30891
2751
30313
24683
9042
9
16659
25112
21901
11985
8843
14719
3115
17342
27563
12195
31090
16398
4240
16574
24327
31714
29085
20787
16142
8924
13763
11972
10385
24300
6656
12805
8998
9575
23078
5136
32204
23130
5854
19579
1303
15901
23788
2951
25741
22827
12725
9370
14159
23088
18686
31984
3068
6756
18422
21133
24530
15384
14711
28534
21782
6030
6025
7456
10422
27150
3624
27689
11054
31542
23367
9286
16552
11410
28692
28797
11367
10093
14206
7060
11109
7398
9716
28873
8763
19526
30320
5315
25154
17296
14517
27337
18936
3674
5333
23090
17573
18140
26613
2076
27966
15687
7764
22881
22665
10584
28298
20679
19074
6700
23054
7543
23294
6230
5883
28081
19854
11823
18196
22973
8358
19053
8197
31525
6142
12535
26860
1057
17977
28152
28951
27475
22981
32562
25615
32692
12546
10134
7894
30927
31142
8465
27246
22317
24416
8360
16282
10512
3515
24775
30697
1892
2374
9686
4079
24306
9202
28942
24278
22999
4283
21899
26390
32052
23178
9122
9344
20264
16986
24180
31617
6395
18586
12227
11685
6556
26067
19973
30554
15438
13963
2231
15095
10142
7785
28404
23804
14488
9882
17478
13723
15930
7026
14268
15224
2345
11607
4413
19374
9123
6363
18715
13074
17845
6696
15851
23739
22958
12193
31893
18882
9427
28614
20135
13894
26708
30296
751
4019
3711
11454
9288
8260
14388
29096
4788
5063
16025
25586
12971
14753
32014
21707
9907
10257
30564
9494
18225
9401
12361
4624
19583
30298
17415
13620
24382
991
7023
15196
750
25757
19215
5928
3772
17881
29356
12963
10394
18826
12524
25636
30357
16993
32594
10867
31331
28935
2671
29741
19260
9894
23127
30314
8684
28842
24403
22172
27429
12745
14037
11195
21529
19520
15537
6815
1352
16736
15497
4525
32663
27210
22409
26549
20387
11767
29269
25115
2900
22651
16192
26165
19893
30602
14527
23029
9475
24635
8221
30664
9988
16908
21616
6589
8089
27430
5579
16362
3479
8675
2229
22028
25043
14222
3546
31853
13436
14442
16897
22539
25774
23797
14910
11766
22083
8301
20585
19962
16877
8340
5070
4222
19330
10929
12838
27564
21142
6615
27847
25554
12623
27241
28183
23304
23925
9950
4934
1044
8137
4546
32317
31882
21912
12541
977
21048
28815
7768
19005
30656
10449
16701
11215
27783
5447
21950
12769
7118
7735
25818
15371
14111
32281
4603
10135
4075
17574
25026
2869
13425
4145
24071
23280
21473
28986
15132
2145
11714
11329
25170
29475
4241
19928
1471
15751
11179
17660
8510
22920
14445
30629
3254
25089
16025
1436
928
5149
30715
11661
17859
32015
5965
2141
13634
12292
30297
3773
5593
6230
28509
7424
20836
15363
26035
26921
26017
605
16817
8009
24374
21251
25551
6152
1526
8463
21255
23937
7776
13969
10882
29267
25704
21565
2672
3828
9083
31072
4152
18761
4029
26649
6609
23156
17557
14789
22639
30446
3179
6075
30307
27861
21936
27706
21564
31879
31007
8095
8499
8047
13635
13787
21190
12575
826
24613
16290
11935
10424
22252
25030
5
11087
4112
998
70
2285
9553
24077
14156
22950
32520
25991
31305
16051
5909
21502
26186
17083
26648
10723
26895
3922
23780
12304
19482
7104
21552
15531
30214
14595
3216
16205
22042
7959
3236
22627
11806
24436
23439
32725
11885
24793
7595
32486
6220
18504
27004
16732
23162
29521
26850
16864
23561
26516
6802
5543
26987
23426
18374
23378
30672
15459
564
4371
12976
21917
15933
5650
1955
32051
23912
23311
9337
27020
15630
1608
7047
5238
7511
3741
8767
20330
29797
4594
7684
27922
462
27349
29500
9224
13904
18784
19110
3809
17344
21345
16621
28010
26948
4025
13438
2865
20418
8450
9623
28487
2712
4981
23713
14661
4238
16906
19136
20365
16648
5856
22696
17106
18817
10976
6066
2779
32564
2206
2351
131
284
5759
28668
14597
13855
27681
24663
9846
31623
5879
496
8595
6065
4660
14403
16573
17673
30187
9510
8258
26934
8564
14750
32734
19601
25873
18679
22914
26076
28369
21012
21843
3633
32437
29443
16118
12600
9746
15060
24587
19869
5686
19884
25591
22977
16974
3861
10471
24752
22664
18072
8722
27476
22132
29326
12094
2536
15536
15667
3461
4526
9668
18428
17753
25317
17483
16683
14790
19190
3156
30624
15607
22254
3079
24818
19964
10800
14220
17854
25546
11628
11304
2111
27011
10699
11945
14623
20472
9324
26885
28301
22637
3604
11070
4496
31900
6945
13192
5531
6140
22464
16814
20065
13890
19552
31154
22506
11048
18023
22964
17639
22382
6435
18196
1859
16159
27395
30427
18170
21782
25351
13655
6958
8128
19061
20742
22904
6948
30414
11446
28540
31776
4096
15593
31424
14581
1757
29822
4798
31494
20428
25742
31031
24028
13758
5013
9419
8046
22884
20434
22983
9631
12448
240
17726
32009
6713
15589
20059
13561
22994
9243
4597
15546
4125
18637
15460
9751
844
9653
13715
28955
19400
26596
21335
17691
14630
4081
1535
15095
855
11861
13101
7324
7198
16150
13028
15821
13511
26787
8929
21028
19479
8703
1071
25683
22655
1058
22262
21168
25236
19101
10388
29937
9156
18300
18414
20275
32065
20080
5128
30274
23362
23342
6356
2324
22635
30482
28232
25494
13705
8712
3507
28332
31107
17068
4433
12658
19854
25008
4637
1993
27039
13438
6118
8719
9510
15135
20389
12845
32761
30044
31758
27095
14222
29475
21605
11791
15470
17452
17811
9195
7142
2779
18809
31385
12800
13929
18564
5792
14258
10303
14722
616
340
18594
29620
18429
343
20117
26404
6160
25397
16123
12088
25151
21156
26365
13192
17046
17167
21931
19181
26709
19270
6374
5338
23027
26997
16765
31984
14948
17235
29334
7372
29592
13979
80
28708
27204
19904
24998
3858
7908
27869
31127
25263
24577
19178
31619
2020
29103
2870
28377
21629
20059
2833
5615
12927
25795
14281
15409
17852
30534
217
12158
4004
94
14940
26831
1374
16491
968
10266
19480
22706
1752
1910
3995
6053
8906
18815
10018
23141
22475
26364
31852
10117
1712
8127
26896
26385
22758
4813
32273
23502
25772
8639
27058
16836
24959
9064
28555
13818
214
10680
9949
19329
16144
24288
29475
29107
16555
15799
27369
4029
4022
10589
8417
31067
19849
10270
820
8419
11443
17817
17686
10885
18228
24609
1693
17617
9453
25955
11987
27257
1620
16969
11274
29017
18284
2591
3695
2740
28405
6389
12514
6337
15839
13636
25605
32102
21253
29908
20371
17987
14104
26844
32244
23026
25817
21868
17934
2701
8588
30728
1885
12657
14761
8597
27718
14402
30164
10106
9896
13104
23567
28671
23221
28792
4399
7672
11264
8493
28300
8104
8406
32568
8189
9440
20434
5278
24068
16487
2988
2049
6213
14494
338
4714
9277
19300
31802
581
17456
26936
17654
28589
6755
11165
19977
1514
23692
2755
8953
1592
23431
5731
19877
26570
13130
13803
9689
14607
14107
13275
16160
9780
28161
6255
26841
18666
13176
6014
29837
9577
20584
5538
13952
30901
8280
2201
29830
15392
5855
14059
14104
528
14684
6861
12455
4098
24807
27718
12080
22991
22664
5776
19473
16942
11174
7361
19995
17531
14530
12715
29160
27575
23653
1792
3183
15055
18518
6074
15317
27169
23313
29113
6791
7740
2933
17070
10373
31719
15549
11321
24321
15718
3761
9038
8744
11512
32285
24285
1344
10404
27011
6578
5363
4917
19981
11162
7146
22148
20677
15815
5534
23285
26632
7797
17259
6212
14648
30670
6119
9090
32434
28171
27761
24154
2560
26845
13581
11161
13903
3083
9839
19694
24355
9052
597
19949
12105
1463
32282
8282
23566
13193
30600
19877
8366
13415
27631
25009
3599
30709
25971
29401
687
15878
21162
27445
24283
18948
31847
30489
18723
26003
3536
15583
5898
30321
25271
16871
11778
11168
4135
8411
28823
1480
23356
30008
3050
16087
4664
8202
14689
21738
31700
18935
18589
15472
20692
18046
1452
32140
29662
15489
20352
16572
23436
14337
29344
3769
25280
2346
7198
18334
29496
5263
30921
5451
15970
30902
21667
23820
30833
11479
20118
29814
18864
31969
29794
7570
27158
1726
23258
3646
6939
7384
1616
1743
29643
12764
14158
15355
13081
12734
28551
6135
3189
27645
17164
5852
8865
29480
18883
16975
9408
5537
17686
4193
16816
21409
19944
10676
26009
30332
7885
23264
30150
11558
20090
13588
32436
20982
3706
8705
2153
15787
16931
28403
1287
19373
457
4929
3489
29589
24113
13800
24909
7150
30792
13939
23163
2621
16661
15646
20101
5184
30189
5690
2951
30324
11494
23763
26736
29657
1422
14481
7001
8953
20956
13020
18966
3111
19302
26435
2315
32005
10453
4895
15425
13641
10134
18547
3770
20672
24019
18455
29697
4755
26786
18198
26628
30153
19068
9044
24870
9997
3568
19316
10385
19377
152
24056
3273
14836
6733
17322
8839
1664
25751
18747
1988
2871
30311
31787
23828
19247
22537
20200
26933
22523
25428
18490
6888
7213
29732
16862
23807
12056
32010
31346
28856
5595
21569
32401
16969
5531
19684
11582
27580
31503
28767
23430
23037
31554
27684
23393
18482
4500
1951
27098
1354
32514
13931
18543
14297
20136
6854
1467
5155
900
3138
14674
14454
21373
30398
14061
9150
5028
9621
31943
31315
14777
20245
24902
3349
5873
29747
17374
22203
12278
26748
17715
25448
22064
5711
19069
22143
26179
21322
20529
697
20441
22786
20446
18549
19105
13815
15700
11855
23704
19143
24332
26611
5511
10145
1476
16180
9164
24061
26474
4952
9822
6794
8507
25270
24588
7016
9516
4740
12293
22168
5769
26858
29597
25777
23004
27994
13646
980
23568
8996
19709
18145
21718
21061
21887
17643
2120
21120
7004
23786
19404
3249
26835
25008
21052
9821
21278
16927
836
2957
27895
408
25099
19165
602
5302
18197
30672
16781
30269
29032
1894
30046
2125
13037
23281
13484
5596
15386
27940
11048
2147
19150
21869
24413
9686
16508
5509
6638
27354
25484
25925
21023
21811
20478
28859
17303
12923
23377
15485
4453
18202
28579
9277
6720
24946
8729
10142
25107
11610
2177
31046
13497
23502
4662
1076
26116
29412
26692
23380
21253
23042
6349
18257
2183
30287
4524
26283
13021
27495
11863
5129
15070
21587
23818
1744
13357
2232
7970
25076
190
16974
26823
9487
19861
13972
9165
13232
19665
30915
23004
26357
20714
14336
18895
23900
11575
11733
27739
31958
32691
20706
11249
23325
18432
8144
21477
72
28588
6279
31439
14237
10164
12193
27698
25254
16198
23582
21851
647
22475
2905
14732
27534
6693
4410
29018
22284
20789
26798
14676
18275
3489
22612
5093
29281
14036
20346
636
9676
11590
3911
23017
23102
25085
29753
13835
26675
1876
29651
20648
4961
16123
8847
16284
24648
26943
22042
24118
26633
31115
14272
26079
7803
29743
23333
31228
15996
31073
11575
11030
20613
385
20320
13624
32642
11938
13056
32153
12256
22341
2330
4987
3303
11879
23118
14419
74
11455
23303
13098
18428
8001
20469
29507
7750
32486
5822
17918
10263
30127
9968
9212
7579
13544
7995
22916
24846
170
13021
3622
30675
5283
2909
28574
6592
17945
29308
1019
19133
1837
22633
26368
12941
12125
2612
30410
9963
11597
11397
13235
7129
1479
20110
22391
28213
17408
10558
26517
15501
16157
24247
18168
16948
22773
19971
2775
26773
6681
20226
5850
712
20242
27303
17534
26467
2793
25444
6586
23699
13037
8675
21219
2667
30640
23031
17357
26491
24403
31698
21555
21413
17667
17784
7000
21804
29124
2164
24303
11278
12909
30665
31032
12180
3828
4651
27245
10791
1772
31855
6492
10085
30540
24641
1877
26740
3442
8981
31558
29334
27496
2400
26661
27646
24933
6663
4750
15075
24727
22039
14766
6866
2847
6328
18271
7240
1374
13148
19348
17024
27759
6716
18168
13194
5620
13573
2258
11933
32022
10190
9260
15534
199
10318
16436
20289
22346
13132
18402
16768
23286
13910
15579
28554
5175
438
12694
22541
9429
5794
11965
31767
30841
9651
2006
28969
24173
20889
25378
22926
28835
2572
30917
14058
27641
4869
19752
19222
23995
3119
27292
31531
19049
3224
24128
26845
12731
9901
31780
13835
5091
26725
11950
9875
23570
11196
21821
5227
21565
19299
30221
27118
1569
4022
18267
5747
11653
26606
21449
12580
8127
17304
15875
15886
19577
8262
26531
18804
15285
8068
32594
19817
11535
14605
14896
5534
15426
23871
15479
5496
12014
7117
30043
25701
20377
8884
29236
21617
31219
10608
27870
22292
15454
7279
6496
9294
12973
7366
30413
22518
32300
10275
10088
31056
32481
32002
5131
8413
12818
3876
24266
12407
23048
8253
26835
20893
21266
20718
28568
11787
14796
15858
1329
5773
18080
32156
26619
3094
654
4481
32134
24332
14633
8306
29870
22759
19426
3245
21255
9210
19081
14931
29055
26000
29969
6685
11326
15931
2708
19531
18897
9321
2454
28638
23944
19768
17806
29191
10524
6028
30115
29151
16789
11614
8371
3160
31595
20311
2713
9332
25068
32413
1712
31669
15837
30957
21395
11988
28516
15082
25639
27318
7974
31924
14812
28059
2732
23741
13359
10393
28683
11480
31092
5449
23748
5523
23762
5056
25577
967
25999
25792
32641
5229
23437
5168
8494
29363
32021
26570
13837
23632
16852
9748
8670
16404
20259
18833
30053
10947
396
29752
25615
30243
12169
14117
15577
28244
2446
655
27246
24928
15178
20986
16015
19731
12843
26797
3256
7949
11552
12903
22529
15125
31138
7246
6210
15280
501
31272
23162
8434
4267
19405
16498
24981
28011
30428
9117
4680
14064
18606
24387
5961
7764
21640
1502
5174
26511
533
1477
3617
21307
24595
263
29666
21914
3916
23706
177
16089
22984
19125
11508
14486
19009
21626
8533
15521
22487
9944
24600
26879
31237
9904
6315
21813
14548
4150
22911
19651
3406
9627
5143
4846
9782
12521
10079
5058
25846
23854
25662
9816
9945
10972
16494
17493
11898
880
11148
23219
16765
12370
14955
6084
20092
14588
7342
23155
12100
27743
4246
9934
23362
6530
18712
17345
7736
15213
31283
26148
10036
7237
32640
3321
963
13240
20747
29422
23394
17564
14945
14634
32565
32210
2026
12101
8700
8817
7801
23704
19522
32032
12578
11960
24791
8900
2380
28989
17793
18524
5382
29384
1007
12328
12191
31556
30446
29201
22640
30571
22496
9029
19453
32140
16489
8482
13117
3980
29803
853
23861
15916
2101
31043
14028
4489
14071
5800
29914
23273
32121
21373
9346
21428
19725
17184
5570
11713
27331
18095
21576
30931
20187
16052
8839
356
6272
8
11019
3233
27059
4081
23561
5557
16261
27534
8507
28746
6793
24181
28650
29773
2953
11418
22861
5874
30840
4979
5905
5369
11688
26201
17977
4655
3901
18994
17448
21047
32482
21581
25084
28298
18874
4237
25118
11709
12953
13002
29719
24579
27765
30580
8870
25842
6423
30585
26639
16010
8214
29545
23733
21875
29190
23001
13291
21126
3053
3333
31496
12687
20214
11193
20153
29009
106
24945
31388
1227
1499
447
14090
27066
12707
29421
31028
2143
13197
11235
2417
16514
465
18764
21462
18359
20038
32245
9992
15584
23507
25205
21838
5363
18470
26643
27626
17662
7593
29412
29866
19816
16818
24372
30138
2681
4859
30247
9148
28188
19537
5536
31258
1764
32656
3938
11675
30798
15566
886
11573
18502
14807
14796
9507
9708
3546
16165
14391
3479
21857
18735
25456
28186
21126
9714
16335
13127
23908
14956
5735
22962
14541
21624
31412
28600
7995
21493
24365
10175
7176
28451
22556
24510
1249
5712
174
16897
10104
15029
13894
25382
32633
31899
7703
364
2240
1218
10482
18733
457
3330
2396
17064
12903
23603
20452
19716
2745
14667
8628
19090
11866
6598
15717
25171
16345
3915
16920
31418
105
14476
27842
20914
6105
14702
16327
21987
6342
32362
18635
9521
5391
20274
30916
21638
22153
29848
16980
25810
4084
30124
29271
2384
6702
12325
30392
8970
4519
20483
1928
5535
26645
27250
26193
22852
15977
16368
10151
28169
6913
27058
15105
5214
20511
30276
9415
28373
9882
14705
7852
28969
8403
21346
4670
16512
27115
13066
8635
26861
17715
6081
13095
3129
4580
22062
12699
28131
14097
25707
30944
101
3033
29028
7997
22457
4065
2944
4492
9500
2050
6788
13715
8210
21310
12468
1682
170
3065
30523
24601
28419
18789
14796
27420
3087
5439
21898
24905
30615
27065
3877
6809
30591
19383
5190
6438
9292
21821
11310
1852
16099
17448
23450
23474
5011
24861
32745
6267
3670
21184
9600
22392
25684
12582
7534
6544
30377
28044
5708
3075
21096
25161
15463
14331
29152
7937
9506
20581
8990
17692
2453
4606
14259
2166
5242
27057
25015
10328
18250
21792
25101
29864
15011
12673
27625
13148
15853
27819
24976
31284
6717
19568
20063
20649
31865
16430
16911
11809
19134
28833
28983
10340
26878
507
16146
26195
12526
15415
5251
10968
8479
3498
10326
3097
1898
7131
7369
10993
10898
22164
5707
32416
14117
16697
12163
2241
29603
26201
28308
1405
32738
10627
8096
27647
9137
27483
14475
21287
28860
13292
10753
3715
15280
22336
16826
6011
12447
18478
508
5835
1701
3444
4706
8759
5836
3334
11741
633
23085
8613
12792
5503
4952
11954
13152
8403
9974
9797
15267
10331
26541
13690
5176
7490
22852
2827
17088
31030
12040
27684
6795
6612
2414
2930
1886
28768
14073
22142
30067
22970
31838
11577
31426
12941
10215
14295
9599
31690
29717
20193
5092
9045
32137
10630
14640
17662
20516
17971
29680
30642
20334
16739
22909
31474
32308
3767
23238
22661
26998
18505
9807
20074
14976
2110
27514
5393
13398
154
25350
21963
8277
17752
16597
25982
28184
31931
29426
6045
2713
27103
20946
15703
12952
1427
9690
9487
17473
6507
9762
11789
21513
4368
21625
17523
2265
30171
23209
22898
878
18594
19708
11197
21760
11730
30206
29758
18721
8126
3973
19209
1769
6967
3311
22670
19792
31325
23211
10002
20187
29108
14075
10336
28795
25467
2039
17339
28594
32057
21206
24
13303
21400
14441
7818
20316
28790
6888
14590
29294
1850
20721
14632
22364
17252
2510
15293
26716
25961
18167
13283
9547
8637
3799
25318
3219
30257
15571
30764
2898
27007
4745
28011
14521
26915
28245
29465
24754
14701
19226
292
8645
11221
27967
24548
8764
3982
24823
15694
8325
4190
11718
8810
25305
30636
25409
23815
18971
987
25365
12717
3075
18902
3146
27091
22651
21740
11209
4690
28233
30943
22044
32282
25327
2615
3702
24867
8655
28892
24307
6055
26259
18660
17952
28047
14028
1450
7614
31275
7897
19232
24259
25637
13835
29030
26274
8632
11783
26267
8652
2333
29035
25331
16247
17734
5556
8969
21150
719
9311
7287
1097
26930
32590
24741
15118
13370
25710
8670
23512
442
21655
3753
2023
10110
25011
30550
31768
9602
10275
29143
30055
2146
30558
28625
16050
20498
28123
31475
19392
11983
3122
2951
1409
13397
894
11590
11159
14675
17157
26225
28438
7964
2331
5405
10888
14239
31555
14031
23349
27033
2456
20040
16289
25865
8555
23458
16213
31717
29486
6812
32738
29451
20368
31539
19236
24442
24554
2162
10948
25538
15834
12682
23808
25017
11821
10533
1711
29808
771
20216
18047
18021
26925
22423
3458
6138
9434
9870
24809
2598
371
3757
26895
363
30915
27811
29113
13576
21851
20431
16284
15983
21557
9554
24351
15609
2455
6505
20579
25049
3386
8954
13440
30799
12716
28012
24594
15902
19187
5308
30453
8255
18547
26573
30028
12247
9746
9472
18888
25447
30873
25861
25895
30786
6493
10225
25338
2117
13600
14480
12204
10178
16946
23036
20416
8125
8667
29550
11354
6235
28926
11861
2305
18327
19446
15013
1699
30775
2500
11634
22489
31998
12908
11709
2669
25636
13468
25486
2586
32515
7823
23875
16530
4627
24113
24359
30406
16664
19588
20806
23393
2970
2114
16256
21141
28054
25540
8157
29467
30835
27170
21280
21621
30775
16284
5023
4727
30971
24888
18001
10757
16541
1965
25129
4894
4276
12672
24994
15386
17609
6253
29340
18991
8388
5640
22630
17210
25508
15268
13340
1212
29299
8564
10035
11299
12153
12528
1106
21580
20913
28282
611
19525
20601
1602
9707
11095
14221
8295
21654
26180
30518
16479
18199
18893
1215
13208
19758
32375
24361
21343
6154
31119
19488
7682
32466
32620
24877
27441
29055
6900
11564
16298
3564
11874
5633
1046
2864
326
16007
9005
28459
28620
2249
21281
16991
8002
2165
3642
13825
23509
31117
32445
28752
923
3936
25107
29478
8919
12217
10023
20685
9592
28246
19472
8979
16866
23707
16112
30881
241
392
17948
11400
1851
3561
13181
23581
918
8396
26422
28423
26331
12344
25990
26006
18665
27164
1008
24919
7916
8582
29082
7141
9951
7189
7924
16385
11343
21425
18585
22757
2658
121
10618
19414
3865
32509
6201
4089
9170
26286
5075
6247
24337
25747
898
9347
25471
11837
11746
27276
12339
8444
11090
20590
17969
24915
22429
9950
18224
3754
1754
6821
29089
24387
400
20540
7660
14447
3102
23962
8445
5890
32090
5706
14335
23556
10361
24000
24935
20905
7727
29677
18229
31875
2326
28689
7798
3319
10580
24017
8206
1262
13177
12425
32436
26060
5798
227
32318
31398
28148
18601
4127
4784
8467
4311
6446
16372
30770
17909
17577
28234
10015
9891
2169
26244
5040
118
16055
4585
23393
12034
30832
4581
23614
4408
28069
32766
17668
26867
11926
27146
28803
22733
31297
24223
4166
29751
24101
7628
27254
5577
843
16902
12028
28630
19591
30053
10214
2884
10748
1809
18700
10394
17886
29943
25331
14171
28284
15808
31985
22419
24957
3843
6802
6575
23657
9145
28731
28817
5740
26354
19213
2532
1879
11975
12300
173
8168
9104
30337
7715
22347
10071
24989
7361
12768
20876
32094
8601
9535
21241
17079
24555
32122
22009
18155
6902
10146
12005
31290
31246
1420
28880
14783
25327
11988
14964
14489
20049
17187
20331
1097
19133
12718
20899
10331
8606
6655
12044
13641
21147
10744
6035
11932
22820
7445
3924
9300
28747
16625
28939
31626
18646
8972
29900
10836
26002
19403
3829
27369
4586
10944
15200
10757
9911
6188
2269
13455
4442
4034
30943
26746
20745
2222
1909
27881
24166
3798
28540
13718
12630
352
32532
21876
22800
6772
4176
25747
23156
9283
31282
32068
18591
32584
3542
5247
19388
24013
29677
12673
2588
22706
32365
18617
10122
16746
17031
15845
20184
21830
3802
20857
31166
13814
4582
32064
27365
19277
17603
1093
3646
29252
28178
14836
13208
7490
20789
17533
22386
18842
23995
24185
28173
28245
29470
23504
25798
18483
3249
30170
19875
9964
27092
8900
26924
8123
1642
31798
636
18717
30605
31026
20887
25559
128
32576
22526
5430
29668
3784
27521
5786
13615
3775
25429
32310
28251
31621
7014
1297
19931
32014
16878
28240
24787
10305
9031
29624
23944
28573
26622
23407
29206
1826
31016
6914
27489
16239
32505
11180
18509
7208
11666
29654
3378
10650
21531
27098
27530
21922
25106
21516
4589
20426
22242
18939
14400
13494
20408
23284
15401
2239
10130
32200
25029
17885
23961
11727
3230
202
13744
22829
1239
26980
18253
1108
7338
10836
28295
18123
18965
27629
21361
1325
2255
32342
31655
3188
6273
28396
6694
29303
27443
3298
4449
24498
22532
8490
23441
9798
26143
23961
19788
19008
17386
18246
26201
24350
16001
8243
9411
24208
19810
5167
3628
23675
1642
11514
25444
15427
3584
20907
12858
19274
22416
21839
14738
25780
19003
22739
21432
622
7628
1060
23284
24430
1006
23188
15455
3900
29085
11904
11508
11953
7387
30767
13546
4606
676
5118
1346
5105
2339
11194
19356
27252
4646
20302
30798
9303
4560
158
10935
13391
32141
14002
14289
11582
10059
7191
32518
5044
22760
3202
325
26806
17382
5559
28244
20927
6502
32681
7272
517
24148
8163
7667
18685
20447
31782
27069
27169
27692
84
18742
8689
29515
19340
267
31800
29802
22679
26615
24464
15176
1411
24540
29224
12781
16013
25874
15301
2713
20549
10238
10503
17914
9452
25831
21486
27041
28961
28166
13724
31415
5053
7132
9565
4332
11515
6089
18660
5553
12508
13529
23000
935
30921
19169
25743
14935
6266
18379
25625
14883
31256
27438
24448
23676
1438
24610
27726
23638
22405
10578
14928
17113
19104
4946
3226
3162
22853
8499
17355
6537
6573
10069
23954
16620
22941
2173
3441
5260
7494
18727
21185
12270
1387
27934
12279
8772
24769
21321
26405
18661
27803
968
24516
11771
2246
9280
6576
16251
25266
1650
20852
29275
23507
1299
14792
9727
12103
8919
28248
23540
6841
8144
967
6112
3717
30966
22772
31673
10525
1543
3452
29750
427
10641
16768
2435
1528
18252
680
10297
28556
29870
2663
30349
5143
6074
12673
2504
5391
26649
15563
4087
12955
1643
26418
16867
17840
7647
19711
12611
9593
17409
7258
18225
31741
2772
12044
1755
19964
31009
29065
26747
14873
23822
15149
24713
13119
11506
31686
26414
14909
27240
25171
5117
23219
15267
24843
8670
28466
12033
12961
28490
28831
23778
17607
20158
21720
23482
11249
15209
16538
14949
1115
17960
4259
29883
25677
20149
32275
5733
17310
23836
25112
32751
31863
12142
23754
541
18777
20408
25428
17283
25697
17974
31061
9296
11211
15301
6534
5227
28598
8343
4508
4033
19750
11050
21872
13533
14927
17275
3421
10681
10257
11895
25577
17107
23743
3506
22184
8324
27684
1883
3678
13965
28872
10864
612
29171
27247
25390
27469
28942
26083
5068
18632
476
20979
9576
32456
23195
9660
9538
19939
16534
15399
16936
11000
4415
2227
15921
14869
24958
2421
10414
28824
10057
6749
29790
8852
8565
3514
15841
32630
29131
11776
22127
16872
7519
3273
26314
5877
26397
17179
15985
110
14501
1769
8983
13965
3417
14812
13395
19673
5043
21843
14233
7753
30941
22440
24681
17580
4731
5813
26822
8008
23243
7062
3562
11458
29425
27569
17720
15422
8076
25332
15730
14790
29581
862
44
6640
7497
24001
18305
10427
2509
30662
23556
16315
21105
21297
3833
10102
10416
31334
9414
10253
13366
13868
17316
3359
5947
20658
15002
8426
3344
2512
13484
25267
22263
8334
11344
31848
27448
5610
13089
15237
6769
3286
25047
4404
7982
27521
1143
23992
19385
8663
22215
2827
18996
14667
25861
15046
8932
4564
25816
2882
31952
28725
6791
14333
19595
16770
7785
6463
25934
14304
5789
18173
8265
9356
14586
25341
3643
13087
10569
20027
26433
27152
1970
19852
11499
5242
17269
24961
12949
31007
1499
21902
32757
686
18795
19051
16880
15681
29024
16315
15794
19754
30043
24812
31229
17135
30038
6494
4801
28819
18905
13255
27374
9239
25712
2262
12422
27457
5212
278
26358
17564
905
28182
27558
25024
32704
32455
10447
24275
25630
21285
27277
4944
14021
29465
2613
24583
20177
11422
25576
7782
5774
7460
19048
5366
15848
27185
27947
5416
28962
27982
25774
9810
26571
22305
22796
25077
24558
3543
30415
25921
22922
19141
9734
31707
9793
15182
14232
26589
8532
10503
31959
27423
9167
27929
32088
30133
2305
13031
16131
7608
22319
19953
21606
17482
24714
9976
9550
3028
28765
1124
9625
914
22667
12770
28230
11346
29497
19281
27854
14968
27848
11999
7351
14662
27142
23151
32614
29530
24229
14399
17973
17528
10220
7879
25285
14474
16300
2020
29078
7141
7030
17205
13012
24782
3083
10181
1396
32317
12564
2283
6272
11233
21779
29295
18095
8035
17818
28654
20537
12015
31675
25472
26345
31985
10431
12183
16500
4380
31514
14379
8969
689
12191
32532
8233
6142
17137
24503
29113
32549
22330
11748
11606
1054
8735
15359
16872
26623
30451
3166
29562
15739
16682
12787
18761
28329
785
9259
8730
20487
11453
2581
25297
25791
24385
16583
29504
14377
28709
8446
32061
28816
16659
18436
8695
32569
16338
26583
6538
4513
8825
25223
28880
10247
13276
13536
22906
29994
17483
29769
16480
27476
4732
25580
7702
6807
16581
25879
13760
17495
10894
18146
13863
18441
11783
14611
28940
19769
15894
26174
7356
20178
20628
31025
21476
27546
31928
4495
18343
8188
24019
27578
22510
19722
3646
16374
1535
12482
20113
7372
30034
13200
11542
16557
28319
12053
16766
14040
6460
4647
20690
15230
24230
1561
28076
11043
11358
31036
26790
327
2038
12965
9491
10822
10603
21297
9709
11389
4021
26567
26383
27822
17309
28893
22180
4517
15567
830
736
19228
7472
26122
20462
32733
13937
20990
18985
10022
3557
13813
26766
20817
21135
9391
21361
9140
31104
20434
880
19399
29792
13358
19622
11652
13898
23365
10785
20756
31453
22027
23957
21415
911
21738
14161
24484
16197
265
6771
28674
4129
31438
4440
25333
9115
8610
1623
8142
4308
2292
29871
21532
12582
16000
9661
3096
26368
17873
20083
10816
18161
27908
8453
577
22274
24272
9957
6938
22601
5571
30450
23679
20155
5326
7149
11131
15170
2308
16172
14938
15376
14495
27538
4038
1842
25412
31934
2352
29544
30600
3715
23666
820
16818
152
23730
9777
30658
25233
1673
9382
18099
23566
5988
26971
17662
25907
13355
7595
28255
25432
25377
19419
3291
32257
23820
31658
13058
16400
31125
32041
11122
22841
15089
21965
412
5047
15553
963
1995
21053
2615
2947
32354
10800
8059
936
16484
28179
6733
4863
6458
15427
24043
5342
10161
26084
11829
22455
29251
16923
1551
10732
4247
16765
11527
10469
3659
21960
20536
1633
27376
465
8813
14345
23382
9662
18314
17739
12298
23413
3880
10085
1310
30549
17024
28608
7976
291
2442
10368
6541
14663
11110
9049
18944
32312
11770
10916
32069
9781
6365
18610
28987
8502
24435
6496
12313
30498
13914
23019
12536
30274
22533
11014
24978
9718
31911
14634
32073
20902
2387
16174
21867
16380
14945
5911
28340
27216
19731
19761
6164
18532
27769
26975
24243
1106
26001
25263
819
10946
26291
28977
21557
11104
20012
12810
4638
15758
19498
20932
16411
32085
23512
12520
1634
21666
22473
14031
2491
1199
11674
18101
23615
25535
29907
2831
27488
8974
27919
2846
3882
12552
10077
16069
7881
3001
24293
5272
11850
6021
17615
7733
22950
19993
17248
22231
16636
22945
31846
14376
6686
28731
1751
4439
31567
940
12213
21611
17227
6483
16948
19927
17032
24155
6943
31310
2492
19508
2936
28376
415
28995
20063
1830
12274
12760
5684
20002
19904
5473
29952
21707
4836
29662
9233
27456
23243
6037
28389
28698
1659
9991
17738
10751
16340
27426
14530
24437
534
17848
26924
8435
2980
27696
9377
31038
7432
14972
16029
30707
10550
12875
25183
19039
23317
31359
25746
22167
5179
29409
22572
3269
18680
12307
27287
25281
23959
29639
19215
11745
26848
29999
8523
20241
32738
3508
22367
25894
28399
7659
15073
31087
999
16069
14666
23181
19898
4870
15264
6533
29992
19704
25938
23828
4811
15456
14948
32579
9816
30897
28875
10554
4898
31616
28955
24921
17887
16184
19039
16261
26543
13839
7496
15296
16986
11576
17035
19197
14809
28762
12420
15922
32537
16706
25631
6062
24571
30677
20728
19117
22687
24136
7361
6442
18914
7571
10725
1012
31013
20002
13674
260
15697
206
3100
27662
32023
21517
6888
25942
25213
26981
24198
4805
26518
20263
30299
30524
8336
12889
24221
21544
26357
27892
5560
18775
18986
17488
12528
9994
26940
27612
9288
9803
6619
8210
16803
31616
167
28074
13098
30529
32427
30990
29933
10599
6183
23055
4557
14949
14483
24534
10137
28380
30688
20765
30327
2409
17665
31903
32646
32450
6570
11724
30401
12289
7000
22978
3111
7999
19857
6265
20505
21093
14701
15933
14083
22591
11861
10594
62
9170
11
6195
1077
12784
26090
6955
11719
11529
24432
30568
8941
836
16889
3420
24733
8910
21453
6086
19950
20594
6237
22240
2684
19563
12746
31706
31758
14710
31655
26760
24438
31275
17152
5976
24761
30860
16283
16262
32368
3039
12925
2451
15470
28857
19888
26611
27043
1884
18756
26630
32064
19522
18836
3913
20252
16122
31435
6350
12119
11059
1446
9961
8509
2071
16763
15661
15725
25050
18298
5782
32570
402
19251
11272
337
18249
23640
32504
28060
27216
30148
31849
9319
5079
32189
3099
24258
1979
7030
8191
20518
20383
1496
22509
2907
7230
12162
3481
11928
20735
29711
23748
6893
28107
10903
31663
15070
19227
16760
30677
7249
23637
18262
10969
25002
27736
1376
31678
20020
2133
3797
16470
29123
3298
27079
21245
14231
2377
13600
12423
23684
27942
28642
12918
4176
13361
17843
14704
18013
1112
1176
23537
31111
29201
8193
27966
26448
24302
25862
28826
1595
9841
17392
19643
15221
3363
21243
21375
5050
9696
28250
29148
887
8565
6524
7189
29228
15469
1422
18996
5397
16167
24897
6324
23817
17452
21965
24958
31650
14528
21814
24855
17310
19383
7629
15383
26757
16010
5883
30941
24972
19626
27450
16769
29626
7444
868
522
10057
29222
18224
14049
11343
2993
18169
32646
29342
28495
12994
18818
30952
2807
17016
10141
5927
26062
29558
10576
18491
21312
16207
18045
14037
23632
12231
13150
4501
21292
29730
12476
27247
17669
23458
11361
9555
15901
22859
17871
14861
5154
29929
2866
19818
10938
19796
660
26012
26207
4083
21328
15839
16749
2431
9161
32093
14201
13321
32603
21839
31461
26175
22674
19046
10417
2027
31642
11625
28308
28604
1271
1823
22348
20041
12406
31599
12594
19027
5220
26566
17169
12874
7421
16569
17208
26387
23591
29420
17614
25609
353
19250
3942
2114
3574
10741
5331
1299
6518
1497
31038
5590
14950
412
24950
25834
26423
6465
31622
16892
25461
10861
30093
3461
3393
23569
22218
32148
7937
10569
28407
8142
14678
4996
20440
15539
18767
16358
1299
35
7900
1002
32322
2848
18309
9548
24391
21205
347
20774
10975
28887
23087
3673
31611
18604
20227
12078
15947
9866
32702
1597
9371
15200
19236
25230
16226
6683
26372
5887
31000
6690
18611
4325
25033
17186
29114
16886
360
9745
29900
24935
9317
18285
18171
18513
22145
32453
12587
27993
32738
28539
30150
17296
22626
32456
32433
152
9517
27392
10111
3593
29835
26648
30693
10770
19450
25957
25198
31588
31872
24742
23408
7243
4415
27205
23615
24862
3146
16090
9888
24026
26039
6641
23681
28426
246
9741
16359
18922
3169
11757
12071
22475
32531
29453
12633
24761
10494
19824
9994
18780
2360
30877
29489
26652
24214
12776
12388
13704
9852
3058
17996
23545
32243
7027
29527
27250
6396
24887
7852
11979
17445
5479
1636
31503
9305
14346
7671
23074
10492
2763
12532
30631
25656
22525
7670
16160
15761
10972
15827
30295
12992
23830
19222
22270
6846
7562
23984
27538
7967
21583
20202
13189
24481
2040
6558
21147
29701
10262
2727
20373
16413
24831
21910
9741
20007
23758
24998
12193
9049
5547
25331
10323
17085
7501
5094
21040
21055
32188
8948
31792
5637
5980
10376
28766
13822
8231
14653
3384
446
10298
26705
3673
9865
18323
20055
18517
2989
22809
26667
23525
18709
26332
25131
9284
27676
11167
9124
25816
32415
19860
11915
31253
1110
13926
10094
4511
25188
11388
6569
11694
25900
4477
19421
30647
22631
27151
14494
9801
25971
4837
32620
31285
11246
18168
25061
5873
18564
23316
8504
14910
15877
21143
20445
5897
29883
12662
27524
22415
17402
12160
21323
2757
14840
12519
28211
247
5599
10236
5589
23471
10273
17466
6481
21720
3340
4742
27784
291
30110
29365
22411
4522
29338
1615
14930
22740
30171
31890
14514
5752
32233
24506
25225
20293
8138
18304
11324
13153
25371
5345
19299
22608
9311
6944
19394
18968
29078
23054
28796
14242
5394
11657
13699
15972
17030
5699
1363
6461
6752
32709
30432
13984
30552
10163
10188
31221
14921
2641
1758
11324
2112
30790
8880
24564
11987
14752
20647
19515
8885
25113
16424
25398
19591
15000
19977
10163
6128
25595
11334
1549
30959
5908
12790
13392
23408
9713
26493
23966
12574
8801
8962
7378
4473
19891
18724
2658
8232
13761
1512
24970
11664
9006
4598
167
17829
15595
22534
18657
8448
1280
3733
8460
11315
4745
6620
8144
6489
11518
18946
8456
12273
11448
18833
19049
20204
17585
20519
17252
21764
6540
28014
9293
25424
18901
77
24764
11797
19337
11872
12596
20448
17113
28582
16386
21201
13867
634
7528
25658
17250
23493
16123
26217
14943
26481
3658
21697
16583
11553
19136
11792
25351
11551
17100
22812
13974
2453
10302
14207
29050
20481
1013
23221
6926
30435
3255
3956
14850
25528
25952
13115
9123
3372
1599
2094
20573
3468
21949
31521
22910
14714
13375
4083
1084
3812
32590
26653
32250
4151
20470
6026
11719
24527
30827
15274
16168
12211
1267
2242
18967
22911
17407
16774
15435
12961
6555
19689
26554
28872
8713
24116
23133
12954
26537
25429
25395
166
12317
11642
26760
23193
9385
2015
29559
9396
23008
12516
5294
2429
31357
26979
1649
9141
6543
3648
12258
1163
28633
28738
28031
27151
2168
24097
17132
14825
8390
5344
23027
5195
16255
2652
29385
4900
18210
17958
10642
2455
1946
15502
13608
22443
4894
24576
792
9796
23126
23700
21742
8018
21439
12768
17075
30280
12880
7953
18099
21712
28510
5434
13956
32700
11197
9195
19779
18496
11304
5126
11041
7519
29922
9422
28190
20900
18590
8001
18453
26898
3741
13224
13817
861
25622
21868
15454
13915
23770
2347
19771
27829
14136
22795
15086
7394
1822
25422
23680
27734
7298
14119
18219
4854
10496
29644
16665
4816
26821
24013
20847
6153
21163
24228
4490
5398
5029
8845
9096
28463
22878
18584
29195
20225
12317
22780
7481
27044
30700
30126
14600
21964
13561
31026
16568
16707
16188
30642
25505
6807
5466
22093
3886
784
22218
27825
23082
7396
10550
25836
13626
2478
3364
19839
1195
11549
26069
4532
1902
2025
14445
19506
12129
16140
26197
10191
20177
9006
26334
17061
16188
19553
17447
18280
25947
7694
24384
12535
13919
18223
16271
27696
8828
4799
29043
19465
2212
7279
14376
988
6037
15771
5867
7171
16405
18044
30046
5285
7292
22431
25389
10959
29044
28566
16114
29639
11261
237
17494
17053
180
9312
17785
3074
4180
15178
5013
15453
13693
5729
23262
13340
24500
29857
30124
24136
8108
28294
31451
5469
18627
8574
2930
19032
19408
12190
9092
8721
12060
26516
29268
31947
18350
10461
32188
7178
6092
22584
5328
23205
30398
30810
21950
11035
26069
15075
19193
20522
13996
7569
25494
926
26286
26547
19190
32616
21464
7137
25509
7407
11968
12779
27010
32427
19927
11535
32544
30703
17899
25199
10861
9990
27632
962
1169
30082
9215
16969
8473
29393
8607
7684
28757
15633
32068
13607
8446
27685
17173
10184
17692
13065
24306
25562
15911
11106
2486
27998
13421
32602
7097
30424
7603
26026
26778
24064
5919
9208
2107
24763
5718
2916
12556
7753
13793
9054
1933
14528
8405
30394
1806
10937
25011
14086
26553
9545
6285
10779
9683
2611
23658
5618
3647
22107
19436
7865
29764
4222
4400
19238
29840
4129
23798
8972
27004
12487
7426
7212
29841
17767
29122
18765
16715
24605
10032
32655
25886
16928
13562
26108
183
2036
2528
9056
1668
26081
9822
7770
